1	2808
2	6477
3	6896
4	7687
5	9683
6	12987
7	13041
8	14540
9	17012
10	23013
11	30091
12	30810
13	31043
14	31201
15	31330
16	31683
17	32359
18	32889
19	33875
20	35601
21	35700
22	36688
23	36876
24	38186
25	38486
26	39426
27	39921
28	43593
29	43977
30	44108
31	44216
32	44611
33	44746
34	45332
35	46888
36	47553
37	47949
38	48467
39	49173
40	49190
41	49213
42	49621
43	49836
44	49896
45	51119
46	51528
47	52662
48	53639
49	58369
50	59470
51	61100
52	61624
53	61632
54	66451
55	68869
56	69965
57	71463
58	71785
59	73436
60	74486
61	77794
62	79045
63	79514
64	85001
65	85593
66	86267
67	86328
68	86346
69	86348
70	87057
71	87081
72	87557
73	93144
74	93884
75	94129
76	96255
77	99017
78	99308
79	99511
80	102163
81	108112
82	108801
83	110001
84	110054
85	110536
86	111724
87	112513
88	112684
89	112718
90	112745
91	114834
92	115498
93	115567
94	116250
95	116621
96	116907
97	116924
98	116987
99	116988
100	116997
101	117000
102	117054
103	117058
104	117080
105	117106
106	117144
107	117147
108	117154
109	118072
110	118288
111	118370
112	118510
113	118921
114	118935
115	120240
116	120663
117	122953
118	123178
119	124351
120	124732
121	126029
122	126526
123	127063
124	127159
125	127182
126	127309
127	127745
128	129788
129	131441
130	133363
131	133400
132	133713
133	135999
134	136367
135	136399
136	136899
137	136904
138	138223
139	138957
140	139187
141	141022
142	141468
143	142693
144	144148
145	146104
146	146470
147	149435
148	149770
149	149771
150	151647
151	152947
152	154041
153	155104
154	155552
155	157172
156	157236
157	158864
158	159391
159	159984
160	160177
161	160202
162	160224
163	160365
164	160748
165	160764
166	160885
167	161188
168	161539
169	161585
170	161823
171	162146
172	162303
173	162396
174	164793
175	165076
176	166080
177	166254
178	168989
179	170616
180	171962
181	172484
182	172776
183	173034
184	174882
185	175238
186	175549
187	177068
188	178809
189	178976
190	179108
191	180879
192	181203
193	181390
194	181865
195	187736
196	191249
197	191605
198	192820
199	192969
200	195104
201	195651
202	198455
203	199320
204	199979
205	200436
206	201349
207	202562
208	202771
209	203924
210	205401
211	207639
212	208596
213	208805
214	210881
215	212050
216	213761
217	214098
218	216204
219	216986
220	217703
221	220026
222	220207
223	221145
224	222642
225	222775
226	225740
227	226282
228	227050
229	227937
230	228649
231	228788
232	230069
233	231085
234	232838
235	235840
236	236778
237	236970
238	237273
239	237474
240	237624
241	239839
242	242083
243	243989
244	244278
245	248243
246	249776
247	251765
248	252017
249	252742
250	253062
251	253280
252	254383
253	256805
254	257683
255	259202
256	259352
257	260172
258	260267
259	265614
260	266814
261	266886
262	268202
263	268334
264	269580
265	271216
266	271489
267	277343
268	277530
269	278484
270	279434
271	281022
272	284916
273	287850
274	288456
275	290090
276	290575
277	294408
278	294850
279	294888
280	294889
281	294890
282	295032
283	295872
284	296059
285	296781
286	297227
287	297398
288	297416
289	298353
290	299782
291	301319
292	302724
293	305861
294	306819
295	309365
296	309422
297	310160
298	310990
299	312374
300	312629
301	313718
302	313882
303	314370
304	314889
305	315044
306	319187
307	322257
308	324623
309	325327
310	329761
311	332485
312	332796
313	334903
314	335379
315	337849
316	337980
317	338002
318	338314
319	339240
320	339345
321	340426
322	341096
323	341156
324	342867
325	343120
326	343942
327	343987
328	345802
329	346505
330	348564
331	349652
332	349717
333	350989
334	351335
335	354694
336	354825
337	355323
338	355335
339	355553
340	355832
341	356889
342	357264
343	357489
344	358230
345	358564
346	358741
347	359234
348	359984
349	363226
350	363787
351	363896
352	364136
353	364169
354	364170
355	364206
356	364296
357	364603
358	364810
359	365065
360	366652
361	366772
362	366787
363	367587
364	368710
365	368714
366	369746
367	370676
368	370696
369	370716
370	373602
371	376968
372	378017
373	378364
374	379478
375	379912
376	382235
377	382254
378	382327
379	382586
380	385181
381	387419
382	387578
383	388269
384	388920
385	390256
386	390536
387	391606
388	392218
389	394301
390	396664
391	398114
392	399007
393	400622
394	400757
395	400895
396	401596
397	401748
398	402421
399	402750
400	403033
401	403093
402	403393
403	404115
404	405367
405	410540
406	412664
407	413135
408	417595
409	417961
410	418905
411	420493
412	422996
413	423874
414	424483
415	425698
416	427137
417	429270
418	431013
419	435791
420	436083
421	436777
422	436925
423	437984
424	438928
425	440078
426	440663
427	442993
428	443155
429	444807
430	445676
431	445971
432	448350
433	448778
434	450542
435	453812
436	454665
437	455060
438	456001
439	457180
440	457351
441	458037
442	458583
443	460357
444	461378
445	461480
446	462766
447	464503
448	464875
449	465459
450	465840
451	469480
452	472087
453	472165
454	473721
455	474102
456	475096
457	476030
458	478273
459	478417
460	479678
461	481067
462	482628
463	486931
464	487263
465	487485
466	489983
467	490018
468	490106
469	491128
470	492574
471	493028
472	493108
473	494341
474	494563
475	495217
476	495744
477	498077
478	498521
479	498984
480	500555
481	500879
482	503373
483	503659
484	504437
485	504583
486	505071
487	505921
488	508552
489	508747
490	508809
491	509162
492	510043
493	510055
494	511136
495	511190
496	511697
497	512002
498	513549
499	514122
500	514679
501	520264
502	520493
503	521151
504	527990
505	530171
506	532009
507	532825
508	535251
509	535436
510	537008
511	537106
512	537841
513	538044
514	538493
515	539873
516	540255
517	541640
518	543482
519	543499
520	543599
521	543602
522	544346
523	544423
524	544772
525	544853
526	545254
527	545511
528	546271
529	546274
530	546279
531	546634
532	547223
533	548370
534	550654
535	552503
536	553825
537	555126
538	555689
539	558924
540	559892
541	560297
542	560863
543	560865
544	561340
545	561341
546	561343
547	561349
548	566010
549	569400
550	570722
551	570844
552	571765
553	572666
554	574548
555	574711
556	575457
557	576968
558	577686
559	578227
560	579653
561	579965
562	580265
563	580521
564	580919
565	581068
566	583324
567	585203
568	586363
569	586798
570	586884
571	587142
572	588162
573	588946
574	590026
575	590181
576	590310
577	592943
578	594163
579	594949
580	594952
581	594955
582	594956
583	595039
584	595189
585	595545
586	595678
587	595681
588	595684
589	595685
590	595768
591	595774
592	595778
593	595865
594	595908
595	596480
596	597065
597	597476
598	599527
599	604964
600	605779
601	606720
602	607000
603	607546
604	608616
605	610336
606	612021
607	614475
608	615114
609	615402
610	615585
611	616610
612	618017
613	618982
614	619241
615	620911
616	622578
617	623125
618	623273
619	623881
620	624573
621	625221
622	627924
623	628413
624	631770
625	631980
626	632373
627	633259
628	634732
629	634783
630	636890
631	637452
632	638098
633	638263
634	640012
635	640213
636	642793
637	643589
638	644099
639	644218
640	646877
641	650095
642	651035
643	651173
644	651764
645	651938
646	654176
647	655798
648	657296
649	657704
650	659031
651	659830
652	663159
653	663441
654	664438
655	667652
656	667728
657	668321
658	669430
659	669656
660	669672
661	669905
662	671206
663	672333
664	673365
665	676606
666	677848
667	680153
668	681273
669	682739
670	682836
671	684127
672	685387
673	686287
674	687332
675	689870
676	690987
677	692623
678	693408
679	695524
680	696103
681	698039
682	698977
683	699348
684	700064
685	700273
686	700287
687	701175
688	701676
689	702530
690	704394
691	706371
692	706839
693	706914
694	707506
695	707816
696	708032
697	708302
698	708454
699	709231
700	710372
701	710504
702	713409
703	714785
704	718439
705	718717
706	718905
707	722174
708	722892
709	724405
710	725195
711	726753
712	726881
713	727987
714	728840
715	729870
716	731047
717	731167
718	731224
719	731829
720	734241
721	735563
722	736517
723	736552
724	737529
725	738424
726	738993
727	739885
728	740195
729	740366
730	740493
731	742869
732	745312
733	745334
734	745406
735	745510
736	745820
737	747258
738	748064
739	748937
740	749609
741	750871
742	751218
743	751358
744	752691
745	752761
746	752773
747	752966
748	753292
749	753750
750	754239
751	756448
752	756611
753	757577
754	758157
755	759319
756	759704
757	760195
758	763775
759	763924
760	764090
761	764732
762	765514
763	765764
764	766321
765	767232
766	771388
767	771581
768	771590
769	771616
770	772093
771	772139
772	772465
773	773474
774	774473
775	774894
776	775746
777	776599
778	777356
779	778902
780	780275
781	780621
782	781492
783	782543
784	783440
785	785476
786	787742
787	788789
788	789073
789	789949
790	792020
791	793331
792	795729
793	795785
794	796564
795	797089
796	798607
797	798900
798	799221
799	799616
800	799749
801	799888
802	800164
803	800588
804	802516
805	804262
806	804515
807	804835
808	805157
809	806417
810	806795
811	807194
812	807337
813	807477
814	807827
815	807948
816	807978
817	807995
818	808759
819	809411
820	809629
821	810940
822	811381
823	811445
824	811817
825	811889
826	811924
827	811949
828	811953
829	811954
830	811978
831	812113
832	813289
833	813707
834	814995
835	818622
836	818889
837	818920
838	819457
839	819698
840	819971
841	821841
842	823156
843	823765
844	823775
845	824224
846	824925
847	828455
848	828578
849	829085
850	829593
851	830069
852	831128
853	833565
854	834075
855	835215
856	836456
857	836461
858	837492
859	837665
860	838174
861	838486
862	838808
863	839400
864	839957
865	840900
866	842042
867	847002
868	847037
869	847354
870	848182
871	848709
872	848729
873	848755
874	848841
875	850066
876	850458
877	850597
878	850884
879	853254
880	853676
881	854480
882	855235
883	855512
884	855774
885	856466
886	856809
887	856854
888	858499
889	859485
890	859545
891	860081
892	862157
893	863073
894	863076
895	863229
896	863232
897	863242
898	863244
899	863295
900	863418
901	863427
902	863430
903	865007
904	865714
905	867020
906	867365
907	868489
908	868714
909	870929
910	871361
911	872354
912	873510
913	874368
914	874864
915	876345
916	877201
917	878248
918	880046
919	880339
920	880583
921	880999
922	881706
923	882095
924	883175
925	883380
926	883647
927	884132
928	884533
929	885282
930	887473
931	887810
932	889270
933	889752
934	891206
935	891824
936	893232
937	895896
938	896052
939	896447
940	896513
941	896538
942	897306
943	897768
944	898369
945	900048
946	900321
947	901023
948	901127
949	901159
950	901941
951	902168
952	904646
953	905408
954	905640
955	906243
956	906958
957	907508
958	907577
959	907578
960	908506
961	908766
962	908844
963	909920
964	910849
965	911254
966	911289
967	911622
968	913198
969	913598
970	913830
971	914313
972	914727
973	914751
974	916446
975	917579
976	918150
977	918387
978	918834
979	919375
980	920021
981	921435
982	921461
983	921826
984	924314
985	925505
986	925707
987	926220
988	926596
989	926787
990	930154
991	930205
992	932282
993	932472
994	933802
995	934164
996	934445
997	934714
998	935349
999	940122
1000	941835
1001	941936
1002	942672
1003	944837
1004	944936
1005	944961
1006	946202
1007	946362
1008	946388
1009	946760
1010	947915
1011	950390
1012	950450
1013	950633
1014	950645
1015	950674
1016	951665
1017	953624
1018	953780
1019	953870
1020	953881
1021	953882
1022	953891
1023	953912
1024	953913
1025	953936
1026	954067
1027	954142
1028	954171
1029	954555
1030	956437
1031	958973
1032	959117
1033	960480
1034	960665
1035	961120
1036	962318
1037	962706
1038	963344
1039	963493
1040	964095
1041	964524
1042	964561
1043	964927
1044	965718
1045	965773
1046	966470
1047	967155
1048	967218
1049	967548
1050	967930
1051	968260
1052	970265
1053	970284
1054	970749
1055	970793
1056	970799
1057	971352
1058	971579
1059	971994
1060	973057
1061	973288
1062	973522
1063	974122
1064	977669
1065	977913
1066	979852
1067	980177
1068	980704
1069	980719
1070	980838
1071	980863
1072	981198
1073	981478
1074	982009
1075	983179
1076	983991
1077	986716
1078	987410
1079	987878
1080	988789
1081	989551
1082	989651
1083	989678
1084	989942
1085	990351
1086	991057
1087	991117
1088	992481
1089	992540
1090	992802
1091	992939
1092	993432
1093	995121
1094	999721
1095	999786
1096	1001795
1097	1003062
1098	1003467
1099	1003645
1100	1003950
1101	1005767
1102	1005937
1103	1006253
1104	1006532
1105	1008442
1106	1010267
1107	1010535
1108	1011364
1109	1016813
1110	1018836
1111	1019356
1112	1019441
1113	1021311
1114	1023337
1115	1024802
1116	1026080
1117	1026238
1118	1026671
1119	1027116
1120	1028964
1121	1029652
1122	1029801
1123	1030324
1124	1030339
1125	1030608
1126	1030927
1127	1032944
1128	1034629
1129	1035320
1130	1037942
1131	1039923
1132	1040215
1133	1040397
1134	1040764
1135	1040830
1136	1041070
1137	1043288
1138	1043393
1139	1043397
1140	1043489
1141	1043500
1142	1044256
1143	1044496
1144	1044935
1145	1049346
1146	1049833
1147	1049891
1148	1050975
1149	1051907
1150	1052445
1151	1052453
1152	1052523
1153	1053043
1154	1053270
1155	1053826
1156	1054261
1157	1055876
1158	1060548
1159	1061338
1160	1062487
1161	1066110
1162	1066226
1163	1068189
1164	1071186
1165	1071254
1166	1074114
1167	1074659
1168	1074786
1169	1077907
1170	1078026
1171	1078263
1172	1078390
1173	1078685
1174	1078818
1175	1078829
1176	1078838
1177	1078898
1178	1078981
1179	1079032
1180	1079035
1181	1079400
1182	1079401
1183	1079595
1184	1079790
1185	1080562
1186	1080736
1187	1081507
1188	1082034
1189	1084060
1190	1087331
1191	1089212
1192	1089467
1193	1089716
1194	1089830
1195	1089853
1196	1089983
1197	1091656
1198	1091779
1199	1092427
1200	1093923
1201	1093954
1202	1095410
1203	1095625
1204	1095915
1205	1096149
1206	1096302
1207	1096310
1208	1098203
1209	1100848
1210	1106570
1211	1106598
1212	1106610
1213	1106635
1214	1106917
1215	1107280
1216	1111186
1217	1111328
1218	1112048
1219	1112231
1220	1112232
1221	1112234
1222	1112235
1223	1112424
1224	1112425
1225	1112441
1226	1112951
1227	1112960
1228	1113279
1229	1114534
1230	1114865
1231	1116184
1232	1116543
1233	1117252
1234	1117613
1235	1119082
1236	1121048
1237	1121107
1238	1122356
1239	1123661
1240	1124566
1241	1125308
1242	1125813
1243	1127611
1244	1128263
1245	1128408
1246	1129960
1247	1130689
1248	1132175
1249	1133184
1250	1133208
1251	1133264
1252	1133328
1253	1133839
1254	1134247
1255	1134714
1256	1135517
1257	1135992
1258	1136118
1259	1136372
1260	1136824
1261	1138530
1262	1138545
1263	1139272
1264	1141897
1265	1143160
1266	1143235
1267	1143536
1268	1143949
1269	1145237
1270	1146463
1271	1148123
1272	1148620
1273	1148655
1274	1149372
1275	1149553
1276	1149882
1277	1152413
1278	1153402
1279	1155191
1280	1156186
1281	1156350
1282	1156814
1283	1157221
1284	1157340
1285	1157433
1286	1157595
1287	1158230
1288	1158410
1289	1160567
1290	1160730
1291	1161817
1292	1163738
1293	1164012
1294	1164393
1295	1164810
1296	1165065
1297	1165939
1298	1166198
1299	1166308
1300	1166780
1301	1167073
1302	1168698
1303	1170631
1304	1171967
1305	1172321
1306	1172401
1307	1172731
1308	1173103
1309	1173115
1310	1174433
1311	1175963
1312	1176971
1313	1177286
1314	1177561
1315	1177884
1316	1179416
1317	1180275
1318	1184219
1319	1189007
1320	1192543
1321	1193344
1322	1197508
1323	1198122
1324	1198396
1325	1199447
1326	1200563
1327	1201304
1328	1202705
1329	1202854
1330	1204267
1331	1204426
1332	1205444
1333	1205856
1334	1205906
1335	1206022
1336	1206064
1337	1208715
1338	1209340
1339	1210652
1340	1210785
1341	1211618
1342	1211722
1343	1212890
1344	1213174
1345	1213362
1346	1213792
1347	1214684
1348	1215372
1349	1215685
1350	1217461
1351	1220940
1352	1221134
1353	1223545
1354	1225787
1355	1227451
1356	1227795
1357	1227808
1358	1228072
1359	1228901
1360	1228985
1361	1229766
1362	1229898
1363	1229967
1364	1230102
1365	1230113
1366	1231090
1367	1231398
1368	1231504
1369	1232079
1370	1232820
1371	1232854
1372	1233646
1373	1234967
1374	1235286
1375	1236230
1376	1236555
1377	1238348
1378	1238485
1379	1239664
1380	1240931
1381	1241868
1382	1242231
1383	1242679
1384	1242901
1385	1243160
1386	1246378
1387	1246749
1388	1247292
1389	1247640
1390	1248088
1391	1248304
1392	1249545
1393	1250845
1394	1252237
1395	1252304
1396	1253055
1397	1254495
1398	1255824
1399	1261274
1400	1261676
1401	1261719
1402	1262450
1403	1263531
1404	1264502
1405	1265438
1406	1266651
1407	1266914
1408	1268133
1409	1269232
1410	1269883
1411	1270065
1412	1274300
1413	1278348
1414	1278965
1415	1279033
1416	1279385
1417	1279740
1418	1280193
1419	1285929
1420	1287464
1421	1287504
1422	1288119
1423	1288631
1424	1288995
1425	1297010
1426	1298747
1427	1299141
1428	1303032
1429	1303160
1430	1304562
1431	1306622
1432	1306769
1433	1307363
1434	1308868
1435	1309560
1436	1310214
1437	1310570
1438	1312461
1439	1315884
1440	1316383
1441	1318323
1442	1318791
1443	1318823
1444	1321152
1445	1321248
1446	1323495
1447	1324422
1448	1325846
1449	1326768
1450	1330928
1451	1330931
1452	1331126
1453	1331522
1454	1331704
1455	1332408
1456	1333391
1457	1334070
1458	1334607
1459	1334745
1460	1335146
1461	1335277
1462	1335827
1463	1336853
1464	1337637
1465	1338689
1466	1339128
1467	1339361
1468	1339486
1469	1339524
1470	1339814
1471	1339987
1472	1340550
1473	1342166
1474	1343750
1475	1345749
1476	1346008
1477	1346246
1478	1347033
1479	1349077
1480	1349706
1481	1350086
1482	1350302
1483	1351473
1484	1351650
1485	1351744
1486	1353382
1487	1356148
1488	1357216
1489	1360340
1490	1360649
1491	1362277
1492	1362668
1493	1362752
1494	1364262
1495	1365324
1496	1365591
1497	1365912
1498	1366258
1499	1366389
1500	1366435
1501	1368806
1502	1369458
1503	1371011
1504	1371527
1505	1374618
1506	1375278
1507	1376209
1508	1377208
1509	1377914
1510	1381151
1511	1381244
1512	1381544
1513	1382150
1514	1382152
1515	1382576
1516	1382591
1517	1382612
1518	1382965
1519	1382969
1520	1383057
1521	1384257
1522	1384645
1523	1384781
1524	1384859
1525	1384861
1526	1385247
1527	1385427
1528	1387103
1529	1388287
1530	1388379
1531	1389002
1532	1390482
1533	1391485
1534	1392081
1535	1393044
1536	1393214
1537	1393808
1538	1394352
1539	1394898
1540	1395881
1541	1397655
1542	1397803
1543	1398170
1544	1398224
1545	1398356
1546	1398599
1547	1398669
1548	1399093
1549	1402432
1550	1402748
1551	1403041
1552	1405992
1553	1406164
1554	1406171
1555	1406183
1556	1406224
1557	1406287
1558	1407137
1559	1407314
1560	1407823
1561	1408226
1562	1408560
1563	1409662
1564	1410244
1565	1410471
1566	1410938
1567	1410969
1568	1411267
1569	1411373
1570	1411484
1571	1411879
1572	1412012
1573	1412039
1574	1412257
1575	1413099
1576	1413313
1577	1413622
1578	1414242
1579	1414460
1580	1414789
1581	1414991
1582	1415389
1583	1416490
1584	1416637
1585	1417019
1586	1417042
1587	1417697
1588	1417841
1589	1419744
1590	1420829
1591	1423002
1592	1424157
1593	1427774
1594	1427902
1595	1430213
1596	1432357
1597	1432716
1598	1434489
1599	1436071
1600	1436411
1601	1438252
1602	1441265
1603	1441647
1604	1444058
1605	1445265
1606	1448193
1607	1448226
1608	1448900
1609	1449502
1610	1450220
1611	1450634
1612	1451258
1613	1453936
1614	1454263
1615	1456718
1616	1459490
1617	1460139
1618	1460898
1619	1461967
1620	1463555
1621	1465290
1622	1465335
1623	1466310
1624	1466812
1625	1466899
1626	1467930
1627	1467958
1628	1469402
1629	1472336
1630	1473414
1631	1474326
1632	1474435
1633	1477155
1634	1477206
1635	1477842
1636	1479238
1637	1482099
1638	1482435
1639	1483189
1640	1483584
1641	1485741
1642	1486381
1643	1487222
1644	1487280
1645	1487288
1646	1487394
1647	1490501
1648	1491326
1649	1496316
1650	1498084
1651	1498173
1652	1501092
1653	1501833
1654	1502593
1655	1503283
1656	1503412
1657	1504454
1658	1505070
1659	1505701
1660	1506326
1661	1507162
1662	1509000
1663	1509570
1664	1509956
1665	1510093
1666	1511234
1667	1513280
1668	1514762
1669	1515286
1670	1515455
1671	1516031
1672	1518877
1673	1519086
1674	1522963
1675	1524326
1676	1527217
1677	1528861
1678	1529353
1679	1530738
1680	1530810
1681	1531571
1682	1532405
1683	1533806
1684	1534808
1685	1534992
1686	1535825
1687	1537276
1688	1537474
1689	1538139
1690	1538191
1691	1538422
1692	1538860
1693	1540282
1694	1541990
1695	1543035
1696	1543217
1697	1545663
1698	1545737
1699	1546008
1700	1546815
1701	1547049
1702	1548376
1703	1550415
1704	1550987
1705	1555315
1706	1555368
1707	1556962
1708	1558948
1709	1560389
1710	1560462
1711	1560824
1712	1562075
1713	1562325
1714	1563290
1715	1563450
1716	1564535
1717	1565210
1718	1565510
1719	1565610
1720	1566093
1721	1573493
1722	1573718
1723	1573850
1724	1575334
1725	1576035
1726	1576944
1727	1577215
1728	1577257
1729	1577269
1730	1577409
1731	1577925
1732	1578105
1733	1578337
1734	1578729
1735	1580811
1736	1582135
1737	1583840
1738	1584167
1739	1586517
1740	1587402
1741	1588068
1742	1589696
1743	1590437
1744	1590519
1745	1594454
1746	1594477
1747	1594967
1748	1596028
1749	1596710
1750	1597138
1751	1597548
1752	1597824
1753	1597932
1754	1597987
1755	1598311
1756	1599767
1757	1600996
1758	1601265
1759	1601975
1760	1605040
1761	1608677
1762	1609168
1763	1609763
1764	1610178
1765	1610775
1766	1615345
1767	1616189
1768	1616394
1769	1617968
1770	1618056
1771	1618275
1772	1620304
1773	1621623
1774	1623718
1775	1625482
1776	1628665
1777	1629835
1778	1630264
1779	1631889
1780	1632613
1781	1633478
1782	1634712
1783	1635284
1784	1635415
1785	1636603
1786	1637259
1787	1637304
1788	1637975
1789	1638086
1790	1638411
1791	1641036
1792	1642184
1793	1642200
1794	1642208
1795	1642389
1796	1642397
1797	1642407
1798	1642796
1799	1643057
1800	1643319
1801	1643385
1802	1644563
1803	1644905
1804	1646684
1805	1646742
1806	1647546
1807	1649420
1808	1650943
1809	1651996
1810	1652135
1811	1652183
1812	1653168
1813	1654759
1814	1654890
1815	1655303
1816	1656406
1817	1657322
1818	1657922
1819	1659797
1820	1662494
1821	1662579
1822	1666741
1823	1668616
1824	1669815
1825	1670086
1826	1670090
1827	1670234
1828	1670489
1829	1670500
1830	1671033
1831	1671165
1832	1671312
1833	1672147
1834	1673399
1835	1673481
1836	1673913
1837	1674503
1838	1674786
1839	1674811
1840	1676008
1841	1676020
1842	1676557
1843	1676642
1844	1676774
1845	1678103
1846	1678165
1847	1678234
1848	1678256
1849	1678380
1850	1678381
1851	1678387
1852	1678388
1853	1678390
1854	1678394
1855	1678399
1856	1678400
1857	1678402
1858	1678403
1859	1678411
1860	1678480
1861	1678500
1862	1678655
1863	1678749
1864	1678961
1865	1679059
1866	1679109
1867	1679110
1868	1679194
1869	1679209
1870	1679319
1871	1679852
1872	1680015
1873	1680299
1874	1680545
1875	1682747
1876	1683208
1877	1683505
1878	1688273
1879	1688602
1880	1689236
1881	1689238
1882	1689600
1883	1689694
1884	1690192
1885	1690310
1886	1690630
1887	1690971
1888	1691183
1889	1691333
1890	1691497
1891	1691750
1892	1692344
1893	1692347
1894	1692367
1895	1692368
1896	1692370
1897	1692475
1898	1693218
1899	1693453
1900	1693706
1901	1695012
1902	1696194
1903	1697086
1904	1697793
1905	1700811
1906	1701635
1907	1701716
1908	1702033
1909	1702291
1910	1703337
1911	1703597
1912	1704217
1913	1707227
1914	1707390
1915	1709061
1916	1709158
1917	1710653
1918	1710704
1919	1710734
1920	1714330
1921	1715575
1922	1716974
1923	1717680
1924	1718710
1925	1719071
1926	1719307
1927	1719617
1928	1720643
1929	1722481
1930	1722864
1931	1723563
1932	1726196
1933	1727798
1934	1727937
1935	1734911
1936	1735100
1937	1735673
1938	1735961
1939	1736964
1940	1737463
1941	1739336
1942	1740455
1943	1741410
1944	1743593
1945	1743744
1946	1746422
1947	1746976
1948	1747129
1949	1747380
1950	1747449
1951	1750820
1952	1752298
1953	1753367
1954	1757286
1955	1759159
1956	1760431
1957	1761202
1958	1761371
1959	1761557
1960	1762268
1961	1763641
1962	1766673
1963	1767826
1964	1768898
1965	1769334
1966	1769880
1967	1770111
1968	1770664
1969	1771801
1970	1772822
1971	1773118
1972	1773358
1973	1775198
1974	1777539
1975	1777599
1976	1778076
1977	1778434
1978	1780663
1979	1781867
1980	1782472
1981	1783371
1982	1783566
1983	1785137
1984	1786014
1985	1787105
1986	1787548
1987	1788227
1988	1788751
1989	1789696
1990	1790210
1991	1790341
1992	1790404
1993	1791087
1994	1791160
1995	1791167
1996	1791272
1997	1792111
1998	1792631
1999	1795050
2000	1796152
2001	1798317
2002	1800619
2003	1803788
2004	1803828
2005	1804495
2006	1805568
2007	1805616
2008	1805795
2009	1806914
2010	1807123
2011	1808546
2012	1809468
2013	1809483
2014	1810425
