1	77
2	552
3	672
4	933
5	1440
6	1597
7	2062
8	2128
9	2311
10	2511
11	2875
12	2876
13	2882
14	2885
15	3136
16	3401
17	3915
18	4260
19	4588
20	5064
21	5297
22	5740
23	5765
24	5769
25	6163
26	6984
27	7025
28	7130
29	7132
30	7790
31	8249
32	8306
33	8593
34	8721
35	8831
36	9229
37	10116
38	11472
39	11656
40	12162
41	12231
42	12540
43	13400
44	13439
45	13879
46	14160
47	14207
48	15365
49	15594
50	15676
51	15869
52	16090
53	16279
54	33977
55	34097
56	34686
57	34992
58	35288
59	35527
60	35532
61	35533
62	35534
63	35540
64	35544
65	35545
66	35559
67	35582
68	35835
69	36255
70	37181
71	37239
72	37252
73	37788
74	38413
75	38454
76	38795
77	38844
78	39502
79	39589
80	39736
81	39948
82	40901
83	41527
84	41667
85	41804
86	42035
87	42088
88	42351
89	42471
90	42690
91	42809
92	43161
93	43584
94	43585
95	43976
96	44149
97	44221
98	44810
99	44835
100	45218
101	45273
102	45757
103	45907
104	46193
105	46311
106	46902
107	48070
108	48334
109	48622
110	48649
111	48741
112	48816
113	49460
114	49529
115	49704
116	49825
117	50350
118	50364
119	50424
120	50566
121	50780
122	51007
123	51192
124	51801
125	51947
126	52112
127	52187
128	52307
129	52439
130	52489
131	53194
132	53506
133	53616
134	53707
135	54072
136	55208
137	55875
138	56325
139	56786
140	56925
141	57278
142	57391
143	57415
144	57874
145	57919
146	58302
147	58630
148	59014
149	59156
150	59336
151	60847
152	60975
153	61245
154	61393
155	62743
156	63671
157	63868
158	63878
159	63883
160	63935
161	64451
162	64697
163	64784
164	64842
165	64953
166	65264
167	65372
168	65598
169	65823
170	66010
171	66241
172	66661
173	69679
174	70377
175	70388
176	70944
177	71032
178	71123
179	71583
180	72309
181	74096
182	74723
183	75137
184	75141
185	75429
186	75638
187	76531
188	76932
189	77084
190	77115
191	78366
192	78435
193	78490
194	78499
195	78514
196	78529
197	78742
198	78781
199	78866
200	78945
201	79964
202	79991
203	80017
204	80027
205	80558
206	80791
207	81733
208	82610
209	82611
210	82690
211	82721
212	83234
213	83296
214	83941
215	84025
216	84028
217	84046
218	84657
219	85124
220	86197
221	86966
222	88011
223	88431
224	88513
225	89517
226	89671
227	89883
228	90015
229	90031
230	90531
231	90679
232	91111
233	91393
234	91487
235	92017
236	93027
237	94985
238	95210
239	96220
240	96223
241	96453
242	96659
243	96779
244	97052
245	97446
246	103919
247	104044
248	104382
249	104415
250	105967
251	106422
252	106995
253	107030
254	107182
255	107606
256	107777
257	108685
258	108702
259	109726
260	109920
261	110552
262	110684
263	110808
264	111183
265	113702
266	113792
267	114170
268	114530
269	114731
270	115120
271	116168
272	117924
273	118124
274	118396
275	118455
276	118680
277	118719
278	118966
279	119050
280	119092
281	119367
282	119749
283	120456
284	121022
285	122021
286	122561
287	123337
288	124965
289	125075
290	125695
291	125751
292	125975
293	126142
294	126310
295	126948
296	127123
297	127259
298	128641
299	128798
300	129709
301	132582
302	132622
303	133894
304	134404
305	135486
306	136077
307	136268
308	137785
309	138057
310	138195
311	138319
312	138627
313	138758
314	138763
315	138777
316	138796
317	138883
318	139364
319	139422
320	139682
321	141108
322	142558
323	142575
324	142609
325	143286
326	143409
327	143677
328	144173
329	144710
330	145230
331	145329
332	145620
333	145999
334	146112
335	146450
336	146715
337	146922
338	147411
339	147496
340	148500
341	148736
342	149507
343	149725
344	150713
345	150794
346	150840
347	150939
348	151490
349	151499
350	151546
351	151740
352	151753
353	151771
354	151793
355	151998
356	152395
357	153364
358	153615
359	154254
360	154466
361	154521
362	154567
363	154864
364	155209
365	155298
366	155373
367	158297
368	158347
369	158471
370	158600
371	158969
372	160573
373	160947
374	161050
375	161449
376	162053
377	162178
378	162262
379	162514
380	162761
381	163249
382	164200
383	164215
384	164966
385	165175
386	165240
387	166309
388	166481
389	166611
390	166623
391	166895
392	167454
393	167550
394	169231
395	169860
396	170350
397	171284
398	171515
399	171908
400	172164
401	172314
402	172550
403	172658
404	173276
405	178735
406	179097
407	179400
408	179806
409	180648
410	181690
411	182179
412	182537
413	182591
414	182681
415	182800
416	182801
417	182802
418	182807
419	182854
420	182900
421	183112
422	184628
423	185529
424	185929
425	186586
426	187142
427	188044
428	188376
429	188639
430	189457
431	190023
432	191827
433	192576
434	192692
435	193179
436	193481
437	193728
438	193997
439	194490
440	195895
441	195940
442	196112
443	196136
444	196356
445	196998
446	197770
447	198026
448	198345
449	198348
450	198760
451	199782
452	200256
453	200699
454	200937
455	201386
456	201633
457	202218
458	202471
459	202617
460	202692
461	203422
462	205400
463	205950
464	206161
465	206251
466	206254
467	207380
468	207395
469	207447
470	207524
471	207720
472	208101
473	208149
474	208260
475	209323
476	209344
477	209352
478	209436
479	209905
480	209944
481	210028
482	210768
483	211062
484	211399
485	212093
486	212156
487	212169
488	212170
489	212535
490	212813
491	212827
492	213062
493	213422
494	213426
495	213613
496	221440
497	221494
498	221547
499	222488
500	222550
501	223713
502	223928
503	223978
504	224191
505	224586
506	224747
507	224837
508	225357
509	225533
510	225586
511	226206
512	226731
513	227516
514	227989
515	228029
516	228120
517	228172
518	228212
519	228733
520	229200
521	229661
522	230265
523	230386
524	230960
525	231332
526	233067
527	233410
528	233484
529	233534
530	233763
531	233815
532	234368
533	234626
534	234737
535	234882
536	235230
537	235780
538	235976
539	236279
540	236635
541	237440
542	238289
543	238582
544	238588
545	238597
546	238598
547	238599
548	238619
549	238625
550	238626
551	238627
552	238637
553	238639
554	238642
555	238643
556	254041
557	254254
558	254316
559	254407
560	254483
561	254690
562	254823
563	254958
564	255492
565	255798
566	255990
567	257085
568	257995
569	258184
570	258749
571	258859
572	259087
573	259415
574	259831
575	266152
576	266153
577	266208
578	267007
579	267148
580	267227
581	267585
582	268388
583	268848
584	269816
585	270201
586	270514
587	270863
588	270881
589	271194
590	271309
591	271410
592	271527
593	271826
594	272152
595	272436
596	272593
597	273051
598	273692
599	274762
600	275726
601	276121
602	276286
603	276380
604	276426
605	276459
606	276836
607	277302
608	279644
609	280659
610	281656
611	281908
612	282056
613	282084
614	282885
615	283663
616	284103
617	284205
618	284791
619	284852
620	285199
621	285296
622	285304
623	285555
624	285699
625	285731
626	285776
627	286072
628	286625
629	286804
630	287231
631	287913
632	288644
633	288795
634	288854
635	289176
636	289353
637	289401
638	289402
639	289433
640	289527
641	290505
642	290850
643	291024
644	291055
645	291153
646	291425
647	291570
648	291642
649	292099
650	292117
651	292635
652	293224
653	293322
654	293365
655	293367
656	293780
657	293834
658	295102
659	295533
660	295671
661	296678
662	297387
663	297491
664	297561
665	297723
666	298041
667	298454
668	298797
669	298912
670	299467
671	299554
672	300319
673	300473
674	300526
675	300637
676	300671
677	300680
678	301246
679	301440
680	301566
681	303997
682	304210
683	304410
684	305258
685	305402
686	305626
687	305722
688	305862
689	305877
690	306360
691	306428
692	306439
693	306707
694	306844
695	306903
696	307115
697	307275
698	307385
699	307599
700	307812
701	309052
702	309095
703	309161
704	309354
705	309722
706	310767
707	311181
708	311246
709	311356
710	311365
711	312017
712	312105
713	313154
714	313199
715	313503
716	313783
717	314179
718	314969
719	315690
720	316586
721	316873
722	317135
723	317743
724	317824
725	317830
726	318111
727	318124
728	318350
729	318705
730	318997
731	319306
732	319396
733	319974
734	320685
735	320708
736	321270
737	321412
738	322601
739	322738
740	324020
741	324313
742	324457
743	324541
744	324548
745	324786
746	325071
747	325208
748	325234
749	325401
750	325605
751	326361
752	326377
753	326722
754	326724
755	326802
756	326853
757	327084
758	327207
759	327371
760	327418
761	327433
762	327447
763	327565
764	327568
765	327739
766	327750
767	328506
768	329457
769	329584
770	330959
771	331169
772	331251
773	331454
774	331531
775	332462
776	332669
777	332924
778	333289
779	333506
780	333767
781	333802
782	333850
783	333914
784	334123
785	334248
786	335183
787	335184
788	335758
789	336081
790	336299
791	336410
792	336846
793	337607
794	339032
795	339393
796	340334
797	340867
798	341403
799	341411
800	341423
801	341701
802	341715
803	341724
804	342263
805	342399
806	342413
807	342417
808	343695
809	343788
810	344349
811	344351
812	344353
813	344360
814	344523
815	345374
816	346126
817	346649
818	346683
819	346754
820	348823
821	349211
822	349348
823	349628
824	349795
825	350077
826	350470
827	350702
828	350934
829	351177
830	351227
831	351230
832	351517
833	351829
834	352074
835	352388
836	352435
837	352669
838	352950
839	353118
840	353675
841	353788
842	353920
843	353956
844	354005
845	354094
846	354237
847	354284
848	354621
849	354658
850	360822
851	360824
852	360830
853	360855
854	360881
855	360884
856	360887
857	360916
858	360926
859	361038
860	361141
861	361303
862	361671
863	361702
864	361882
865	362315
866	362833
867	362941
868	363098
869	363490
870	363982
871	364024
872	364092
873	364254
874	365111
875	365515
876	366267
877	366403
878	366737
879	367282
880	368175
881	368539
882	368626
883	369050
884	369353
885	370100
886	370290
887	370366
888	370499
889	371034
890	371045
891	371243
892	371249
893	371275
894	371940
895	371976
896	372227
897	372352
898	372606
899	373247
900	373385
901	373820
902	373914
903	374287
904	374554
905	374737
906	374789
907	374795
908	375274
909	375976
910	375977
911	375978
912	375979
913	376430
914	376914
915	377067
916	377359
917	378110
918	379820
919	380000
920	380105
921	380202
922	380399
923	380551
924	380714
925	381189
926	381387
927	381707
928	382497
929	382616
930	383123
931	383756
932	384184
933	384935
934	385034
935	385574
936	385656
937	385795
938	385803
939	386137
940	386224
941	386559
942	387512
943	387718
944	387781
945	388356
946	388798
947	388854
948	388920
949	389173
950	389174
951	389230
952	389522
953	389590
954	389825
955	390060
956	390120
957	390426
958	390549
959	390614
960	390684
961	390787
962	391383
963	391464
964	391987
965	392296
966	393063
967	393366
968	394015
969	394061
970	396334
971	397684
972	398657
973	399702
974	401829
975	402290
976	402338
977	402483
978	402621
979	403389
980	403670
981	404721
982	404917
983	404995
984	406008
985	406164
986	406578
987	407114
988	407220
989	408105
990	408828
991	408995
992	409109
993	409119
994	409697
995	410245
996	411445
997	411789
998	411902
999	412163
1000	412252
1001	412378
1002	412468
1003	413291
1004	413375
1005	413662
1006	413690
1007	413708
1008	413709
1009	413714
1010	413935
1011	414640
1012	414641
1013	414792
1014	415160
1015	415439
1016	415583
1017	416178
1018	416213
1019	416433
1020	416455
1021	416487
1022	416491
1023	416495
1024	417725
1025	418560
1026	418918
1027	419228
1028	420293
1029	420305
1030	420407
1031	420408
1032	420496
1033	420534
1034	420666
1035	420751
1036	420806
1037	420894
1038	421199
1039	421959
1040	422403
1041	422474
1042	422516
1043	423841
1044	430415
1045	431954
1046	432553
1047	432581
1048	432784
1049	432899
1050	434030
1051	434258
1052	434681
1053	435254
1054	435531
1055	435584
1056	435971
1057	436144
1058	436430
1059	437354
1060	439301
1061	439316
1062	439689
1063	439917
1064	440043
1065	440544
1066	442588
1067	442642
1068	443695
1069	444037
1070	444397
1071	444725
1072	444976
1073	445815
1074	445937
1075	446101
1076	446294
1077	446784
1078	451298
1079	452648
1080	455799
1081	455814
1082	462076
1083	463680
1084	464500
1085	465502
1086	466862
1087	468247
1088	473119
1089	473652
1090	473817
1091	474004
1092	474010
1093	475131
1094	475169
1095	475800
1096	476180
1097	476408
1098	476541
1099	476620
1100	476859
1101	477654
1102	479181
1103	479833
1104	480474
1105	480804
1106	480867
1107	481475
1108	481479
1109	481669
1110	481921
1111	483410
1112	485260
1113	486966
1114	488097
1115	488489
1116	488505
1117	488739
1118	488833
1119	489593
1120	489701
1121	490102
1122	490479
1123	491220
1124	491572
1125	491768
1126	492647
1127	492859
1128	492898
1129	493093
1130	493252
1131	493611
1132	494355
1133	494796
1134	496268
1135	497264
1136	497696
1137	497911
1138	498696
1139	498700
1140	498765
1141	498850
1142	499269
1143	500425
1144	500757
1145	500832
1146	501256
1147	501571
1148	501640
1149	501974
1150	502805
1151	504311
1152	504673
1153	505126
1154	505165
1155	506962
1156	509106
1157	510259
1158	511188
1159	511314
1160	511701
1161	511717
1162	512494
1163	512684
1164	513005
1165	513654
1166	514378
1167	514630
1168	514685
1169	515720
1170	515918
1171	516066
1172	516569
1173	517092
1174	518964
1175	519421
1176	519459
1177	519496
1178	519518
1179	519569
1180	519635
1181	519838
1182	519857
1183	520213
1184	520509
1185	520570
1186	520918
1187	523994
1188	525241
1189	525601
1190	526143
1191	526299
1192	526685
1193	527547
1194	527703
1195	528509
1196	528553
1197	528554
1198	528555
1199	528709
1200	529149
1201	529655
1202	529923
1203	530143
1204	530397
1205	530471
1206	530774
1207	531884
1208	532107
1209	532439
1210	532674
1211	532697
1212	533027
1213	533894
1214	534154
1215	534254
1216	534558
1217	534943
1218	535719
1219	536101
1220	536833
1221	536944
1222	537262
1223	537280
1224	537571
1225	537580
1226	537919
1227	538258
1228	538485
1229	539092
1230	539140
1231	539156
1232	539183
1233	539740
1234	539770
1235	540074
1236	540337
1237	540416
1238	540662
1239	540674
1240	540914
1241	542281
1242	542314
1243	542506
1244	542691
1245	543009
1246	544172
1247	544375
1248	544722
1249	544880
1250	545564
1251	548011
1252	548104
1253	548470
1254	548744
1255	548980
1256	549013
1257	549102
1258	549161
1259	549167
1260	549485
1261	549975
1262	550096
1263	550560
1264	550591
1265	550868
1266	551725
1267	551920
1268	552131
1269	552234
1270	553295
1271	554600
1272	554724
1273	554983
1274	555349
1275	555408
1276	555412
1277	555615
1278	555822
1279	555904
1280	556325
1281	556581
1282	556707
1283	556966
1284	557176
1285	557438
1286	557969
1287	558021
1288	558253
1289	558257
1290	558859
1291	559788
1292	560455
1293	561270
1294	561754
1295	561756
1296	561773
1297	561870
1298	562283
1299	562521
1300	562949
1301	563148
1302	563222
1303	563256
1304	563292
1305	563681
1306	563682
1307	565055
1308	565221
1309	565378
1310	565457
1311	565467
1312	565718
1313	567383
1314	567630
1315	568522
1316	568579
1317	569101
1318	569305
1319	569666
1320	570102
1321	570148
1322	570208
1323	570346
1324	570467
1325	570491
1326	570883
1327	571026
1328	571343
1329	571750
1330	571968
1331	572156
1332	572424
1333	572444
1334	572532
1335	572863
1336	573249
1337	573318
1338	573844
1339	574035
1340	574901
1341	576791
1342	577046
1343	577132
1344	577339
1345	577769
1346	577785
1347	577881
1348	578272
1349	578572
1350	578598
1351	578616
1352	578644
1353	578690
1354	578991
1355	579039
1356	579042
1357	579045
1358	579388
1359	579470
1360	579471
1361	579586
1362	579610
1363	579615
1364	579862
1365	580298
1366	580471
1367	580792
1368	580835
1369	580979
1370	580997
1371	581175
1372	581420
1373	581786
1374	582788
1375	583196
1376	583414
1377	583671
1378	583890
1379	584372
1380	584610
1381	584851
1382	585664
1383	585921
1384	586232
1385	586418
1386	586705
1387	586943
1388	587005
1389	587006
1390	587449
1391	589318
1392	589756
1393	589828
1394	589892
1395	590820
1396	592152
1397	592467
1398	592776
1399	592792
1400	592994
1401	593242
1402	593243
1403	593401
1404	593728
1405	593920
1406	593958
1407	594294
1408	594721
1409	594989
1410	595962
1411	596046
1412	596466
1413	596483
1414	596493
1415	596506
1416	596509
1417	596511
1418	596523
1419	596550
1420	596562
1421	596751
1422	597656
1423	598127
1424	598737
1425	599157
1426	599280
1427	599281
1428	599546
1429	599787
1430	599800
1431	600210
1432	600466
1433	600514
1434	600760
1435	600952
1436	601041
1437	601148
1438	601379
1439	601611
1440	601765
1441	601914
1442	602805
1443	602894
1444	603024
1445	604021
1446	604181
1447	604401
1448	604551
1449	605807
1450	605908
1451	606033
1452	606409
1453	606831
1454	607169
1455	607550
1456	607757
1457	607816
1458	608113
1459	609275
1460	609479
1461	609555
1462	609736
1463	610503
1464	610702
1465	610894
1466	610962
1467	611005
1468	611730
1469	612242
1470	612358
1471	612438
1472	612567
1473	612919
1474	613245
1475	613469
1476	613886
1477	614031
1478	614043
1479	614401
1480	614577
1481	614879
1482	615203
1483	615348
1484	615441
1485	615620
1486	615737
1487	616423
1488	616810
1489	616923
1490	616951
1491	617036
1492	617584
1493	617795
1494	617943
1495	617984
1496	618001
1497	618010
1498	618013
1499	618107
1500	618319
1501	618580
1502	618624
1503	619535
1504	619682
1505	619810
1506	620448
1507	620527
1508	620608
1509	620916
1510	620974
1511	621204
1512	621574
1513	621662
1514	621932
1515	622086
1516	622120
1517	622207
1518	622507
1519	622605
1520	622612
1521	622771
1522	623358
1523	623458
1524	623510
1525	623638
1526	624026
1527	624876
1528	624979
1529	625938
1530	625965
1531	625971
1532	626754
1533	627264
1534	627693
1535	628010
1536	629021
1537	629418
1538	629489
1539	629687
1540	629834
1541	629887
1542	629896
1543	630052
1544	630058
1545	630369
1546	630763
1547	630952
1548	631517
1549	631767
1550	631791
1551	631882
1552	632087
1553	632280
1554	632445
1555	632505
1556	632696
1557	633263
1558	633759
1559	634007
1560	635129
1561	635358
1562	635489
1563	635566
1564	636503
1565	636505
1566	636523
1567	636526
1568	636544
1569	636550
1570	636551
1571	636633
1572	637167
1573	637264
1574	637862
1575	638077
1576	638991
1577	639295
1578	639350
1579	639599
1580	639631
1581	639696
1582	640539
1583	640578
1584	640903
1585	640923
1586	641179
1587	641348
1588	642667
1589	645483
1590	648075
1591	648405
1592	667220
1593	670391
1594	673650
1595	675210
1596	676360
1597	676535
1598	677773
1599	679330
1600	679959
1601	680049
1602	680208
1603	680417
1604	680869
1605	680986
1606	681227
1607	681334
1608	681344
1609	681669
1610	681889
1611	682458
1612	682774
1613	682923
1614	683416
1615	685053
1616	685157
1617	685283
1618	686310
1619	687474
1620	688000
1621	688021
1622	688077
1623	688664
1624	688857
1625	689414
1626	748211
1627	748233
1628	748304
1629	748352
1630	748378
1631	748530
1632	748817
1633	749413
1634	749498
1635	750975
1636	753725
1637	754264
1638	755041
1639	755101
1640	755388
1641	755660
1642	755904
1643	755946
1644	756172
1645	756235
1646	756310
1647	756825
1648	757312
1649	757543
1650	758022
1651	758083
1652	758119
1653	758704
1654	759994
1655	760383
1656	761366
1657	761574
1658	761939
1659	761995
1660	763231
1661	763369
1662	763445
1663	764592
1664	765013
1665	765028
1666	765186
1667	765226
1668	765358
1669	765990
1670	766763
1671	767238
1672	767694
1673	768222
1674	768814
1675	769318
1676	769322
1677	770004
1678	770244
1679	770515
1680	770763
1681	770836
1682	771261
1683	771536
1684	772057
1685	772486
1686	773620
1687	773635
1688	773712
1689	774372
1690	774687
1691	774899
1692	775448
1693	775473
1694	775558
1695	775951
1696	775971
1697	775976
1698	776031
1699	776180
1700	776302
1701	776350
1702	776414
1703	776508
1704	776841
1705	777201
1706	777435
1707	777716
1708	777900
1709	779347
1710	779622
1711	780493
1712	780702
1713	781102
1714	781327
1715	781617
1716	781878
1717	781974
1718	782104
1719	782168
1720	782178
1721	782255
1722	782620
1723	783359
1724	783662
1725	783780
1726	784402
1727	784576
1728	784612
1729	784634
1730	784818
1731	784821
1732	784851
1733	784912
1734	784941
1735	785675
1736	785983
1737	786335
1738	786424
1739	787041
1740	787112
1741	787130
1742	788063
1743	789907
1744	790291
1745	790494
1746	790926
1747	791176
1748	791275
1749	791669
1750	791762
1751	792641
1752	794200
1753	794615
1754	794830
1755	795371
1756	795783
1757	795835
1758	795922
1759	795994
1760	796251
1761	796271
1762	796417
1763	796827
1764	796944
1765	797245
1766	797560
1767	797565
1768	797786
1769	797834
1770	798055
1771	798078
1772	798281
1773	798511
1774	799547
1775	799560
1776	799809
1777	800234
1778	800580
1779	800583
1780	800718
1781	801138
1782	801682
1783	801703
1784	801876
1785	802628
1786	802930
1787	803768
1788	804279
1789	804633
1790	804910
1791	805296
1792	805328
1793	806555
1794	806974
1795	807209
1796	807501
1797	807548
1798	807989
1799	808042
1800	808069
1801	808071
1802	808358
1803	808454
1804	808509
1805	808712
1806	808773
1807	808995
1808	809201
1809	809220
1810	809366
1811	809571
1812	809987
1813	810271
1814	810666
1815	810847
1816	811274
1817	811712
1818	811733
1819	812071
1820	812902
1821	813037
1822	813570
1823	813777
1824	814121
1825	815085
1826	816198
1827	816370
1828	816390
1829	816980
1830	817141
1831	817315
1832	818167
1833	818336
1834	818423
1835	818646
1836	819506
1837	819810
1838	820245
1839	820329
1840	820716
1841	821296
1842	821474
1843	821492
1844	822351
1845	822672
1846	822945
1847	823524
1848	823526
1849	823814
1850	823922
1851	824179
1852	824291
1853	824482
1854	824520
1855	824525
1856	825731
1857	825755
1858	825756
1859	825827
1860	825908
1861	826016
1862	826206
1863	826252
1864	826555
1865	826611
1866	826874
1867	826912
1868	827721
1869	827838
1870	827952
1871	828105
1872	828395
1873	828595
1874	829104
1875	829848
1876	830443
1877	830555
1878	830735
1879	830795
1880	830864
1881	830929
1882	831195
1883	831623
1884	831881
1885	831932
1886	832055
1887	832280
1888	832285
1889	833371
1890	833927
1891	834040
1892	834224
1893	834509
1894	834583
1895	835015
1896	835740
1897	836499
1898	837590
1899	837612
1900	838078
1901	838370
1902	838655
1903	838704
1904	838800
1905	839731
1906	839799
1907	840658
1908	841185
1909	841713
1910	841924
1911	842051
1912	842147
1913	842351
1914	842977
1915	843421
1916	843697
1917	844230
1918	844249
1919	844828
1920	845709
1921	845924
1922	846632
1923	847158
1924	847235
1925	847449
1926	847450
1927	847540
1928	847964
1929	848705
1930	849419
1931	849442
1932	849802
1933	850141
1934	851216
1935	851329
1936	851725
1937	852220
1938	852387
1939	852857
1940	853600
1941	853669
1942	854309
1943	854633
1944	856331
1945	856418
1946	856607
1947	857019
1948	857126
1949	857356
1950	857430
1951	857663
1952	857721
1953	857853
1954	857915
1955	858137
1956	858697
1957	858774
1958	859048
1959	859142
1960	859163
1961	859169
1962	859376
1963	859451
1964	859452
1965	859484
1966	859518
1967	859555
1968	859556
1969	859597
1970	859603
1971	859617
1972	859646
1973	861267
1974	861531
1975	861645
1976	861759
1977	862038
1978	862119
1979	862395
1980	862776
1981	862804
1982	862914
1983	863263
1984	863746
1985	864114
1986	864129
1987	864305
1988	864722
1989	864845
1990	865256
1991	865448
1992	865497
1993	865678
1994	865909
1995	866065
1996	866193
1997	866933
1998	867023
1999	867097
2000	867275
2001	867285
2002	867886
2003	868347
2004	868529
2005	868915
2006	869053
2007	869058
2008	869155
2009	869184
2010	869416
2011	869541
2012	869718
2013	869806
2014	869898
2015	870067
2016	871945
2017	872101
2018	872156
2019	873111
2020	873335
2021	873935
2022	874033
2023	875001
2024	876346
2025	876682
2026	876824
2027	877051
2028	877894
2029	878367
2030	879777
2031	879962
2032	880317
2033	880318
2034	880773
2035	880848
2036	881399
2037	882284
2038	882294
2039	882476
2040	882949
2041	883185
2042	883575
2043	883752
2044	884081
2045	884234
2046	884724
2047	884865
2048	884866
2049	885876
2050	886238
2051	886384
2052	886481
2053	886811
2054	886844
2055	886946
2056	886989
2057	887158
2058	887261
2059	887683
2060	888013
2061	888162
2062	888163
2063	888307
2064	888680
2065	888763
2066	889983
2067	890704
2068	891313
2069	892308
2070	893163
2071	893220
2072	893759
2073	894659
2074	894788
2075	894896
2076	895228
2077	895410
2078	895562
2079	895686
2080	895691
2081	896994
2082	897024
2083	897177
2084	897293
2085	897756
2086	897798
2087	898170
2088	899090
2089	899509
2090	899601
2091	900217
2092	900259
2093	900308
2094	900631
2095	901321
2096	901840
2097	901890
2098	901970
2099	902263
2100	902437
2101	902771
2102	903399
2103	903844
2104	904314
2105	904326
2106	904391
2107	905312
2108	905938
2109	906328
2110	906888
2111	906983
2112	907142
2113	907564
2114	907883
2115	908851
2116	909921
2117	910366
2118	911443
2119	911741
2120	911811
2121	912073
2122	912177
2123	912366
2124	912888
2125	914964
2126	915054
2127	915118
2128	915141
2129	916252
2130	917032
2131	917105
2132	917264
2133	918207
2134	918298
2135	918670
2136	918905
2137	922264
2138	922266
2139	922516
2140	922587
2141	923215
2142	923581
2143	924061
2144	924348
2145	924349
2146	924387
2147	924972
2148	925220
2149	925707
2150	925957
2151	926650
2152	927337
2153	927545
2154	927670
2155	927802
2156	928023
2157	928258
2158	928268
2159	929216
2160	929331
2161	929357
2162	930351
2163	931163
2164	931278
2165	931563
2166	931738
2167	933156
2168	933368
2169	933485
2170	934573
2171	935033
2172	935133
2173	935250
2174	935457
2175	935667
2176	936000
2177	936029
2178	936163
2179	936367
2180	937089
2181	937091
2182	938171
2183	938240
2184	939360
2185	939715
2186	940861
2187	940910
2188	941761
2189	941782
2190	942897
2191	942953
2192	943005
2193	943019
2194	943065
2195	943210
2196	944654
2197	944813
2198	945128
2199	945208
2200	945209
2201	945212
2202	945417
2203	945565
2204	945689
2205	945712
2206	945847
2207	946226
2208	946234
2209	946377
2210	946641
2211	947255
2212	947297
2213	947553
2214	947953
2215	948034
2216	948359
2217	948362
2218	948635
2219	948904
2220	948951
2221	949027
2222	949525
2223	949957
2224	949958
2225	950478
2226	951992
2227	952042
2228	952192
2229	952271
2230	952332
2231	952381
2232	953210
2233	953215
2234	953619
2235	953805
2236	954373
2237	954503
2238	954718
2239	955946
2240	956034
2241	956732
2242	956798
2243	956903
2244	957826
2245	959392
2246	959403
2247	960567
2248	960776
2249	961213
2250	961316
2251	961954
2252	962605
2253	962723
2254	962856
2255	964021
2256	964733
2257	964737
2258	964767
2259	964970
2260	966193
2261	966374
2262	966744
2263	967565
2264	967931
2265	968039
2266	968094
2267	968519
2268	968520
2269	968521
2270	969495
2271	969869
2272	970084
2273	970434
2274	970880
2275	971245
2276	971679
2277	971687
2278	971984
2279	972234
2280	972235
2281	973580
2282	974699
2283	974744
2284	976305
2285	976779
2286	977904
2287	978060
2288	978204
2289	978310
2290	978343
2291	978951
2292	980724
2293	1002731
2294	1003171
2295	1003492
2296	1004139
2297	1004376
2298	1004471
2299	1005994
2300	1006200
2301	1006441
2302	1007225
2303	1008754
2304	1010392
2305	1010801
2306	1011027
2307	1013078
2308	1013362
2309	1013401
2310	1013442
2311	1013452
2312	1013642
2313	1013643
2314	1013644
2315	1014032
2316	1014116
2317	1014218
2318	1014785
2319	1014793
2320	1015759
2321	1016066
2322	1016280
2323	1016313
2324	1016641
2325	1016863
2326	1017082
2327	1017255
2328	1017969
2329	1018340
2330	1018547
2331	1018548
2332	1018727
2333	1018981
2334	1019645
2335	1020284
2336	1020285
2337	1020870
2338	1021277
2339	1021378
2340	1021693
2341	1021860
2342	1022032
2343	1022351
2344	1022606
2345	1023533
2346	1023737
2347	1023950
2348	1024218
2349	1024325
2350	1024745
2351	1024946
2352	1025018
2353	1025685
2354	1026903
2355	1027158
2356	1027846
2357	1028342
2358	1030513
2359	1031521
2360	1032544
2361	1032551
2362	1037608
2363	1037829
2364	1038365
2365	1038413
2366	1039240
2367	1040412
2368	1040427
2369	1040926
2370	1040993
2371	1041193
2372	1041260
2373	1041860
2374	1041917
2375	1042509
2376	1042588
2377	1043016
2378	1043471
2379	1043787
2380	1044067
2381	1044164
2382	1044601
2383	1044602
2384	1045985
2385	1046678
2386	1047078
2387	1047277
2388	1047301
2389	1047328
2390	1047375
2391	1047413
2392	1047422
2393	1048042
2394	1048092
2395	1048693
2396	1049096
2397	1049116
2398	1049121
2399	1049153
2400	1049212
2401	1049366
2402	1049413
2403	1049797
2404	1050095
2405	1050630
2406	1050631
2407	1051183
2408	1051662
2409	1051689
2410	1051739
2411	1051747
2412	1051816
2413	1051880
2414	1051938
2415	1052264
2416	1052287
2417	1053187
2418	1053661
2419	1053818
2420	1054300
2421	1054555
2422	1054860
2423	1055054
2424	1055103
2425	1055805
2426	1055970
2427	1086034
2428	1087002
2429	1087359
2430	1087477
2431	1088684
2432	1088773
2433	1088950
2434	1088981
2435	1089972
2436	1091429
2437	1091814
2438	1091832
2439	1092193
2440	1092210
2441	1093103
2442	1093324
2443	1095244
2444	1095676
2445	1095802
2446	1096525
2447	1097601
2448	1097624
2449	1097971
2450	1098297
2451	1098300
2452	1098302
2453	1099851
2454	1101840
2455	1101841
2456	1102115
2457	1102686
2458	1103163
2459	1105479
2460	1106288
2461	1107022
2462	1107383
2463	1108299
2464	1108552
2465	1109714
2466	1109833
2467	1110056
2468	1111117
2469	1111199
2470	1111255
2471	1111576
2472	1112566
2473	1113425
2474	1113463
2475	1113732
2476	1114303
2477	1114924
2478	1115159
2479	1115377
2480	1117655
2481	1118285
2482	1118408
2483	1118667
2484	1118751
2485	1119217
2486	1119456
2487	1119703
2488	1120104
2489	1121284
2490	1121458
2491	1121534
2492	1121606
2493	1121955
2494	1122519
2495	1124974
2496	1125217
2497	1125247
2498	1127139
2499	1128342
2500	1131579
2501	1131856
2502	1133063
2503	1133186
2504	1134938
2505	1135476
2506	1138113
2507	1139285
2508	1143819
2509	1146780
2510	1147454
2511	1149716
2512	1150272
2513	1154143
2514	1154970
2515	1155026
2516	1167453
2517	1169381
2518	1170216
2519	1172512
2520	1172851
2521	1173671
2522	1177105
2523	1179472
2524	1180301
2525	1181560
2526	1182229
2527	1195220
2528	1196391
2529	1196484
2530	1197245
2531	1197253
2532	1197256
2533	1197587
2534	1199177
2535	1203223
2536	1203335
2537	1204925
2538	1209002
2539	1209533
2540	1210766
2541	1211267
2542	1216128
2543	1216692
2544	1217791
2545	1218109
2546	1219735
2547	1220033
2548	1220494
2549	1222469
2550	1223244
2551	1223738
2552	1225150
2553	1225741
2554	1225911
2555	1226630
2556	1226992
2557	1255813
2558	1256557
2559	1256936
2560	1258711
2561	1259147
2562	1259489
2563	1259744
2564	1260058
2565	1260242
2566	1260444
2567	1260454
2568	1261125
2569	1261127
2570	1261611
2571	1261643
2572	1263022
2573	1263041
2574	1263073
2575	1263103
2576	1263135
2577	1263584
2578	1263621
2579	1263625
2580	1263721
2581	1263771
2582	1263799
2583	1263920
2584	1264151
2585	1264332
2586	1264515
2587	1264580
2588	1266154
2589	1266815
2590	1266926
2591	1267031
2592	1268035
2593	1268076
2594	1270140
2595	1270212
2596	1270405
2597	1270474
2598	1270599
2599	1270683
2600	1270767
2601	1271045
2602	1271515
2603	1271990
2604	1272165
2605	1272242
2606	1272244
2607	1272426
2608	1272525
2609	1272721
2610	1273257
2611	1273381
2612	1273752
2613	1273762
2614	1273799
2615	1274125
2616	1274385
2617	1274667
2618	1274841
2619	1274930
2620	1275163
2621	1275711
2622	1275749
2623	1275973
2624	1278831
2625	1278960
2626	1279254
2627	1279321
2628	1279452
2629	1279686
2630	1279733
2631	1280068
2632	1280192
2633	1290010
2634	1290168
2635	1290520
2636	1290588
2637	1290680
2638	1290742
2639	1290794
2640	1290901
2641	1291137
2642	1291167
2643	1291168
2644	1291174
2645	1295549
2646	1296043
2647	1296129
2648	1296521
2649	1297006
2650	1297023
2651	1297286
2652	1297437
2653	1297637
2654	1297853
2655	1298146
2656	1298365
2657	1298594
2658	1298680
2659	1298765
2660	1298984
2661	1299010
2662	1299200
2663	1299410
2664	1300816
2665	1301085
2666	1301514
2667	1303367
2668	1304444
2669	1305083
2670	1305264
2671	1305410
2672	1305474
2673	1305521
2674	1305662
2675	1305772
2676	1306425
2677	1306828
2678	1306861
2679	1307171
2680	1307692
2681	1308002
2682	1308064
2683	1308418
2684	1309382
2685	1309894
2686	1312051
2687	1312248
2688	1312521
2689	1313378
2690	1313476
2691	1313488
2692	1325645
2693	1326579
2694	1329221
2695	1329250
2696	1330094
2697	1330202
2698	1330341
2699	1330371
2700	1330673
2701	1331052
2702	1331142
2703	1331246
2704	1331321
2705	1331462
2706	1332030
2707	1332262
2708	1332645
2709	1332742
2710	1332860
2711	1332936
2712	1333331
2713	1333594
2714	1333737
2715	1334122
2716	1334614
2717	1334741
2718	1335141
2719	1335245
2720	1335303
2721	1335341
2722	1335461
2723	1335621
2724	1335659
2725	1336275
2726	1336459
2727	1336568
2728	1336658
2729	1336766
2730	1336786
2731	1337239
2732	1337667
2733	1338195
2734	1338203
2735	1338246
2736	1339059
2737	1339191
2738	1339235
2739	1339446
2740	1339733
2741	1339786
2742	1339818
2743	1340374
2744	1340434
2745	1340661
2746	1340692
2747	1341399
2748	1341814
2749	1341948
2750	1341966
2751	1342007
2752	1342164
2753	1346780
2754	1350288
2755	1350424
2756	1350589
2757	1350938
2758	1351294
2759	1352313
2760	1354091
2761	1354571
2762	1355027
2763	1355463
2764	1355725
2765	1355913
2766	1355930
2767	1357118
2768	1357141
2769	1357470
2770	1357872
2771	1358877
2772	1359135
2773	1359235
2774	1359504
2775	1360058
2776	1360442
2777	1360884
2778	1362219
2779	1362240
2780	1362468
2781	1362506
2782	1370331
2783	1370334
2784	1370751
2785	1370769
2786	1370784
2787	1370792
2788	1370802
2789	1381621
2790	1381626
2791	1382151
2792	1382212
2793	1382416
2794	1382477
2795	1382601
2796	1382818
2797	1383556
2798	1383573
2799	1383638
2800	1384542
2801	1385309
2802	1386012
2803	1386661
2804	1387874
2805	1388509
2806	1388652
2807	1389048
2808	1389296
2809	1390256
2810	1390554
2811	1390923
2812	1391376
2813	1391731
2814	1392124
2815	1392159
2816	1394956
2817	1395383
2818	1395848
2819	1395947
2820	1396193
2821	1396334
2822	1397384
2823	1397609
2824	1397734
2825	1397767
2826	1398194
2827	1398271
2828	1398355
2829	1398373
2830	1398642
2831	1398984
2832	1400400
2833	1402201
2834	1407677
2835	1410073
2836	1412651
2837	1412894
2838	1413412
2839	1413580
2840	1415205
2841	1415206
2842	1415207
2843	1415215
2844	1415217
2845	1415399
2846	1417579
2847	1419742
2848	1420159
2849	1421436
2850	1423759
2851	1427197
2852	1427362
2853	1429275
2854	1430225
2855	1430341
2856	1431043
2857	1431127
2858	1431266
2859	1432338
2860	1432539
2861	1433045
2862	1433170
2863	1434176
2864	1434615
2865	1434725
2866	1435430
2867	1435703
2868	1435880
2869	1436338
2870	1436366
2871	1436411
2872	1436609
2873	1438513
2874	1438556
2875	1438806
2876	1439016
2877	1439418
2878	1439440
2879	1439597
2880	1439870
2881	1439906
2882	1440089
2883	1441039
2884	1441422
2885	1441442
2886	1441511
2887	1441973
2888	1442191
2889	1442249
2890	1444653
2891	1444792
2892	1445129
2893	1445627
2894	1445758
2895	1445759
2896	1445764
2897	1445883
2898	1445899
2899	1445912
2900	1445927
2901	1446466
2902	1447178
2903	1447335
2904	1447471
2905	1448543
2906	1449088
2907	1449099
2908	1449234
2909	1449346
2910	1449613
2911	1450359
2912	1450992
2913	1452994
2914	1453142
2915	1454607
2916	1454786
2917	1455932
2918	1455962
2919	1458095
2920	1458165
2921	1458241
2922	1466605
2923	1466638
2924	1467874
2925	1470291
2926	1471474
2927	1471543
2928	1471752
2929	1472727
2930	1473219
2931	1473640
2932	1473925
2933	1474064
2934	1474191
2935	1474367
2936	1475268
2937	1475378
2938	1475409
2939	1476133
2940	1476191
2941	1476371
2942	1476434
2943	1478452
2944	1478485
2945	1478627
2946	1478697
2947	1478740
2948	1478756
2949	1479340
2950	1479371
2951	1479519
2952	1479587
2953	1479785
2954	1480558
2955	1480693
2956	1480804
2957	1480822
2958	1480945
2959	1484250
2960	1484586
2961	1484587
2962	1484744
2963	1485040
2964	1485138
2965	1485257
2966	1486212
2967	1486850
2968	1487072
2969	1487929
2970	1488100
2971	1488372
2972	1488504
2973	1488688
2974	1488721
2975	1488947
2976	1489992
2977	1490014
2978	1490159
2979	1490505
2980	1490544
2981	1490677
2982	1490876
2983	1491073
2984	1491621
2985	1491654
2986	1491746
2987	1492633
2988	1493134
2989	1493179
2990	1493324
2991	1493737
2992	1493765
2993	1494082
2994	1494362
2995	1494413
2996	1494630
2997	1494776
2998	1494914
2999	1494998
3000	1496187
3001	1496378
3002	1496471
3003	1496566
3004	1496964
3005	1497186
3006	1497438
3007	1497576
3008	1497657
3009	1497773
3010	1498305
3011	1499260
3012	1499909
3013	1500089
3014	1500158
3015	1500411
3016	1500593
3017	1501177
3018	1501773
3019	1501882
3020	1502531
3021	1502689
3022	1502796
3023	1502954
3024	1503027
3025	1503071
3026	1503812
3027	1503909
3028	1504101
3029	1504222
3030	1505710
3031	1505766
3032	1506212
3033	1506838
3034	1506869
3035	1507284
3036	1507652
3037	1507762
3038	1508575
3039	1508825
3040	1509495
3041	1509800
3042	1510236
3043	1511515
3044	1511766
3045	1511988
3046	1512167
3047	1512831
3048	1513251
3049	1513491
3050	1513527
3051	1513603
3052	1513657
3053	1513735
3054	1514136
3055	1514200
3056	1514233
3057	1514247
3058	1514510
3059	1514520
3060	1514541
3061	1514542
3062	1514543
3063	1514544
3064	1514643
3065	1515566
3066	1515811
3067	1517601
3068	1517963
3069	1518022
3070	1518173
3071	1518233
3072	1518337
3073	1519074
3074	1519313
3075	1519383
3076	1519863
3077	1520311
3078	1520437
3079	1520646
3080	1521015
3081	1523299
3082	1523711
3083	1523788
3084	1524034
3085	1524938
3086	1525029
3087	1525559
3088	1526047
3089	1526056
3090	1527396
3091	1528101
3092	1528196
3093	1529816
3094	1531080
3095	1531122
3096	1531144
3097	1531327
3098	1532088
3099	1533170
3100	1533182
3101	1533553
3102	1533742
3103	1533885
3104	1533958
3105	1534249
3106	1534691
3107	1534884
3108	1535439
3109	1535971
3110	1536238
3111	1536706
3112	1536757
3113	1537088
3114	1537236
3115	1537317
3116	1537596
3117	1538465
3118	1538520
3119	1538521
3120	1538636
3121	1538667
3122	1538860
3123	1539229
3124	1539324
3125	1539394
3126	1539421
3127	1540151
3128	1540363
3129	1540886
3130	1541057
3131	1541743
3132	1541780
3133	1541918
3134	1542349
3135	1542475
3136	1542690
3137	1543236
3138	1543755
3139	1543919
3140	1544304
3141	1544418
3142	1544560
3143	1545228
3144	1545342
3145	1545356
3146	1545631
3147	1546005
3148	1546120
3149	1546174
3150	1546317
3151	1546489
3152	1546490
3153	1546500
3154	1546502
3155	1546616
3156	1546619
3157	1546715
3158	1547089
3159	1547242
3160	1547730
3161	1548265
3162	1549796
3163	1550115
3164	1550864
3165	1550909
3166	1550911
3167	1551003
3168	1551185
3169	1551212
3170	1551476
3171	1551563
3172	1551906
3173	1552189
3174	1553129
3175	1553516
3176	1554127
3177	1555214
3178	1555937
3179	1555945
3180	1556506
3181	1556545
3182	1557270
3183	1557392
3184	1557454
3185	1557527
3186	1557806
3187	1558141
3188	1558388
3189	1558517
3190	1558627
3191	1558762
3192	1559088
3193	1559891
3194	1560311
3195	1560533
3196	1560899
3197	1560933
3198	1561587
3199	1561826
3200	1562174
3201	1562285
3202	1562948
3203	1564907
3204	1565294
3205	1565296
3206	1565599
3207	1565712
3208	1565985
3209	1566422
3210	1566477
3211	1566816
3212	1566929
3213	1567245
3214	1567670
3215	1567710
3216	1569515
3217	1569836
3218	1570072
3219	1570569
3220	1571855
3221	1572348
3222	1573023
3223	1573917
3224	1573943
3225	1573984
3226	1574352
3227	1574938
3228	1575631
3229	1576749
3230	1576881
3231	1576953
3232	1577528
3233	1577952
3234	1577953
3235	1578320
3236	1578502
3237	1578615
3238	1578819
3239	1579104
3240	1579279
3241	1579556
3242	1580036
3243	1580737
3244	1581178
3245	1581951
3246	1582059
3247	1582513
3248	1585238
3249	1585271
3250	1585294
3251	1585783
3252	1585963
3253	1586225
3254	1586230
3255	1586385
3256	1587276
3257	1587638
3258	1587697
3259	1587984
3260	1589056
3261	1589695
3262	1590000
3263	1590408
3264	1590888
3265	1590965
3266	1591628
3267	1591841
3268	1592488
3269	1600955
3270	1602783
3271	1603058
3272	1604266
3273	1605045
3274	1606541
3275	1608280
3276	1609020
3277	1609329
3278	1610110
3279	1612310
3280	1612367
3281	1612941
3282	1613336
3283	1614238
3284	1614817
3285	1614981
3286	1615198
3287	1615962
3288	1616196
3289	1616499
3290	1616987
3291	1617910
3292	1618224
3293	1618364
3294	1618543
3295	1618623
3296	1618802
3297	1618808
3298	1619405
3299	1619641
3300	1619694
3301	1620038
3302	1620161
3303	1620307
3304	1620434
3305	1620552
3306	1621221
3307	1621232
3308	1621664
3309	1621720
3310	1622342
3311	1622961
3312	1623380
3313	1623399
3314	1623653
3315	1624025
3316	1624590
3317	1624993
3318	1625534
3319	1626021
3320	1626285
3321	1630919
3322	1631664
3323	1631783
3324	1631830
3325	1632108
3326	1632636
3327	1632990
3328	1633039
3329	1634451
3330	1635085
3331	1635116
3332	1635520
3333	1635960
3334	1636405
3335	1636459
3336	1637538
3337	1637914
3338	1638295
3339	1638311
3340	1638536
3341	1638672
3342	1638963
3343	1639015
3344	1639200
3345	1639559
3346	1640056
3347	1640143
3348	1640650
3349	1640719
3350	1640851
3351	1647916
3352	1649268
3353	1652477
3354	1659602
3355	1659873
3356	1662430
3357	1662491
3358	1662559
3359	1662779
3360	1666278
3361	1668037
3362	1669677
3363	1670036
3364	1670044
3365	1670117
3366	1670357
3367	1670374
3368	1671356
3369	1673071
3370	1674034
3371	1676846
3372	1682377
3373	1682883
3374	1687003
3375	1688376
3376	1727673
3377	1727879
3378	1728769
3379	1729292
3380	1729669
3381	1731455
3382	1731699
3383	1731750
3384	1731999
3385	1732645
3386	1732995
3387	1733383
3388	1733384
3389	1734427
3390	1734940
3391	1735045
3392	1736407
3393	1736782
3394	1737044
3395	1737748
3396	1737793
3397	1738397
3398	1738880
3399	1739019
3400	1739601
3401	1740272
3402	1741421
3403	1742504
3404	1742548
3405	1742685
3406	1742870
3407	1742952
3408	1743025
3409	1743207
3410	1743989
3411	1744022
3412	1744248
3413	1744770
3414	1745209
3415	1746689
3416	1747478
3417	1748065
3418	1748427
3419	1748889
3420	1749979
3421	1750415
3422	1751066
3423	1751067
3424	1751467
3425	1751875
3426	1751952
3427	1752135
3428	1752309
3429	1752775
3430	1753537
3431	1754100
3432	1754684
3433	1754732
3434	1754902
3435	1755623
3436	1755684
3437	1756628
3438	1756821
3439	1756976
3440	1757836
3441	1757942
3442	1758449
3443	1758829
3444	1759087
3445	1759930
3446	1759984
3447	1760159
3448	1760246
3449	1760723
3450	1761059
3451	1761476
3452	1762670
3453	1762751
3454	1762819
3455	1762976
3456	1763523
3457	1763720
3458	1764418
3459	1765047
3460	1765305
3461	1765597
3462	1766064
3463	1766078
3464	1766179
3465	1766828
3466	1766947
3467	1767021
3468	1767306
3469	1767791
3470	1769052
3471	1769086
3472	1773130
3473	1773292
3474	1773869
3475	1774102
3476	1774751
3477	1774990
3478	1775231
3479	1775355
3480	1775750
3481	1775921
3482	1776300
3483	1776468
3484	1776500
3485	1776680
3486	1776881
3487	1778186
3488	1778393
3489	1778624
3490	1778984
3491	1779587
3492	1779669
3493	1779791
3494	1780146
3495	1780937
3496	1781487
3497	1782106
3498	1782205
3499	1782474
3500	1782712
3501	1783298
3502	1783359
3503	1783488
3504	1783534
3505	1784218
3506	1784527
3507	1784536
3508	1784836
3509	1784894
3510	1785088
3511	1785843
3512	1786125
3513	1786285
3514	1786296
3515	1786504
3516	1786579
3517	1787219
3518	1787548
3519	1787588
3520	1787592
3521	1787901
3522	1787974
3523	1788510
3524	1789200
3525	1789285
3526	1789774
3527	1789870
3528	1790263
3529	1790359
3530	1790518
3531	1790839
3532	1791586
3533	1792156
3534	1792490
3535	1792500
3536	1793133
3537	1793243
3538	1793547
3539	1794131
3540	1794555
3541	1794627
3542	1794630
3543	1795362
3544	1795390
3545	1795403
3546	1795657
3547	1795964
3548	1797179
3549	1797535
3550	1797630
3551	1797685
3552	1797990
3553	1797998
3554	1798016
3555	1798054
3556	1798734
3557	1798869
3558	1799696
3559	1799910
3560	1800128
3561	1800133
3562	1800171
3563	1800214
3564	1800302
3565	1800398
3566	1800998
3567	1801079
3568	1801551
3569	1801619
3570	1801878
3571	1802667
3572	1803738
3573	1803856
3574	1804104
3575	1804124
3576	1804378
3577	1804677
3578	1804893
3579	1804935
3580	1805176
3581	1806191
3582	1806497
3583	1806867
3584	1806908
3585	1807254
3586	1807629
3587	1807857
3588	1808607
3589	1809050
3590	1809151
3591	1809563
3592	1809602
3593	1810396
3594	1811094
3595	1811699
3596	1812598
3597	1812638
3598	1814090
3599	1814851
3600	1815002
3601	1815100
3602	1815172
3603	1815342
3604	1815772
3605	1816323
3606	1816548
3607	1816748
3608	1816879
3609	1817214
3610	1818979
3611	1818992
3612	1819178
3613	1819250
3614	1819323
3615	1819783
3616	1820029
3617	1820453
3618	1820998
3619	1821047
3620	1822034
3621	1822291
3622	1822336
3623	1823025
3624	1823279
3625	1823491
3626	1823559
3627	1824133
3628	1824346
3629	1824427
3630	1824513
3631	1824604
3632	1825746
3633	1826797
3634	1826903
3635	1827760
3636	1829130
3637	1829738
3638	1829830
3639	1830135
3640	1830248
3641	1831771
3642	1832213
3643	1832231
3644	1832337
3645	1832827
3646	1832947
3647	1833037
3648	1833319
3649	1833337
3650	1833352
3651	1833490
3652	1833533
3653	1833669
3654	1834075
3655	1834414
3656	1834491
3657	1834875
3658	1838869
3659	1838886
3660	1838948
3661	1839144
3662	1839847
3663	1839991
3664	1839992
3665	1841384
3666	1841708
3667	1842044
3668	1842594
3669	1842613
3670	1842934
3671	1842938
3672	1843875
3673	1845435
3674	1845861
3675	1846330
3676	1847714
3677	1847727
3678	1847739
3679	1847860
3680	1847940
3681	1848360
3682	1848503
3683	1848857
3684	1849246
3685	1849814
3686	1849822
3687	1849902
3688	1850150
3689	1850517
3690	1850773
3691	1851039
3692	1851235
3693	1851675
3694	1851679
3695	1851842
3696	1851934
3697	1852134
3698	1852529
3699	1852538
3700	1852605
3701	1852612
3702	1853918
3703	1854146
3704	1854492
3705	1854714
3706	1854737
3707	1854817
3708	1855092
3709	1855447
3710	1856128
3711	1856710
3712	1856893
3713	1858051
3714	1858507
3715	1859577
3716	1859674
3717	1861004
3718	1861116
3719	1861295
3720	1861929
3721	1862318
3722	1862513
3723	1862778
3724	1863102
3725	1863184
3726	1865125
3727	1865144
3728	1866067
3729	1866919
3730	1867145
3731	1867383
3732	1867500
3733	1867594
3734	1867663
3735	1867801
3736	1867959
3737	1868285
3738	1869869
3739	1869889
3740	1870162
3741	1870293
3742	1870315
3743	1870340
3744	1870488
3745	1871155
3746	1871246
3747	1872173
3748	1872955
3749	1873173
3750	1873320
3751	1873514
3752	1873800
3753	1873827
3754	1873948
3755	1874771
3756	1875022
3757	1875027
3758	1875035
3759	1875188
3760	1875767
3761	1875887
3762	1875905
3763	1875945
3764	1876042
3765	1876249
3766	1876540
3767	1876641
3768	1876705
3769	1876840
3770	1877105
3771	1877279
3772	1877315
3773	1877347
3774	1877519
3775	1877575
3776	1877609
3777	1878062
3778	1878097
3779	1878115
3780	1878320
3781	1878684
3782	1878930
3783	1879106
3784	1879128
3785	1879711
3786	1880068
3787	1880099
3788	1880295
3789	1880532
3790	1880615
3791	1881791
3792	1883148
3793	1883243
3794	1883767
3795	1884609
3796	1885308
3797	1885575
3798	1885721
3799	1886367
3800	1888294
3801	1889385
3802	1889806
3803	1890080
3804	1890171
3805	1891034
3806	1891159
3807	1891372
3808	1891761
3809	1891796
3810	1891828
3811	1892091
3812	1892248
3813	1892342
3814	1892369
3815	1892637
3816	1892638
3817	1893502
3818	1893788
3819	1894288
3820	1894395
3821	1894427
3822	1894743
3823	1894785
3824	1895104
3825	1896134
3826	1898219
3827	1898243
3828	1898747
3829	1898796
3830	1898839
3831	1898840
3832	1898842
3833	1898843
3834	1898844
3835	1898845
3836	1898851
3837	1899302
3838	1899634
3839	1899768
3840	1899951
3841	1900143
3842	1900757
3843	1900940
3844	1901634
3845	1901827
3846	1902027
3847	1902502
3848	1903353
3849	1903894
3850	1904777
3851	1904886
3852	1905213
3853	1905627
3854	1905887
3855	1906002
3856	1906662
3857	1907066
3858	1907132
3859	1907276
3860	1907287
3861	1907463
3862	1907808
3863	1907870
3864	1908244
3865	1908423
3866	1909289
3867	1909303
3868	1909815
3869	1910016
3870	1911079
3871	1911108
3872	1911130
3873	1911490
3874	1911948
3875	1911970
3876	1912659
3877	1913091
3878	1913185
3879	1913563
3880	1913898
3881	1915834
3882	1916578
3883	1916579
3884	1916654
3885	1917837
3886	1918439
3887	1918503
3888	1918605
3889	1918625
3890	1918726
3891	1919202
3892	1919291
3893	1919478
3894	1920444
3895	1921321
3896	1921447
3897	1921567
3898	1921954
3899	1922498
3900	1922607
3901	1923136
3902	1923695
3903	1923739
3904	1923892
3905	1923895
3906	1924190
3907	1924223
3908	1924244
3909	1924316
3910	1926096
3911	1926134
3912	1926572
3913	1927113
3914	1927355
3915	1928456
3916	1929011
3917	1929044
3918	1930081
3919	1930373
3920	1930464
3921	1930783
3922	1930978
3923	1930998
3924	1931282
3925	1931928
3926	1932383
3927	1933412
3928	1935209
3929	1935582
3930	1935598
3931	1935843
3932	1936770
3933	1937027
3934	1937132
3935	1937268
3936	1937286
3937	1937652
3938	1937686
3939	1938707
3940	1939330
3941	1939463
3942	1939724
3943	1939818
3944	1939837
3945	1939947
3946	1940134
3947	1940219
3948	1940720
3949	1940950
3950	1941009
3951	1941267
3952	1941487
3953	1941527
3954	1941701
3955	1941778
3956	1941885
3957	1942166
3958	1942346
3959	1942452
3960	1942781
3961	1943384
3962	1943665
3963	1944211
3964	1944329
3965	1944677
3966	1944899
3967	1944939
3968	1945052
3969	1945082
3970	1945306
3971	1945356
3972	1945627
3973	1945629
3974	1945642
3975	1945879
3976	1945985
3977	1946740
3978	1946974
3979	1947562
3980	1947616
3981	1947756
3982	1948055
3983	1948196
3984	1948548
3985	1948709
3986	1949254
3987	1949620
3988	1950001
3989	1950012
3990	1951906
3991	1952124
3992	1952842
3993	1952885
3994	1953555
3995	1954008
3996	1957465
3997	1957737
3998	1957829
3999	1957892
4000	1957902
4001	1958012
4002	1958023
4003	1958030
4004	1958451
4005	1959475
4006	1959480
4007	1959498
4008	1959500
4009	1959525
4010	1960469
4011	1960514
4012	1960581
4013	1960876
4014	1961074
4015	1961195
4016	1961893
4017	1961965
4018	1962936
4019	1963166
4020	1964030
4021	1964033
4022	1964330
4023	1965334
4024	1966144
4025	1966795
4026	1967137
4027	1969293
4028	1969661
4029	1970479
4030	1970480
4031	1970481
4032	1970574
4033	1970881
4034	1971683
4035	1971838
4036	1972003
4037	1972564
4038	1972772
4039	1973012
4040	1973953
4041	1974170
4042	1974390
4043	1974535
4044	1974994
4045	1976173
4046	1976674
4047	1976730
4048	1976751
4049	1976790
4050	1977044
4051	1977289
4052	1978501
4053	1978502
4054	1978503
4055	1978504
4056	1978571
4057	1978884
4058	1978967
4059	1979097
4060	1979373
4061	1979814
4062	1980158
4063	1980608
4064	1980719
4065	1980732
4066	1980770
4067	1981115
4068	1981487
4069	1981792
4070	1981895
4071	1982224
4072	1983762
4073	1985604
4074	1986523
4075	1986918
4076	1987274
4077	1987476
4078	1988612
4079	1989128
4080	1989209
4081	1989223
4082	1989762
4083	1991038
4084	1991250
4085	1991437
4086	1991518
4087	1991824
4088	1992997
4089	1993010
4090	1993173
4091	1993902
4092	1993939
4093	1994221
4094	1994837
4095	1995606
4096	1995704
4097	1997005
4098	1997889
4099	1999000
4100	1999517
4101	1999698
4102	1999883
4103	1999917
4104	2000683
4105	2000800
4106	2000829
4107	2002502
4108	2002666
4109	2003237
4110	2004117
4111	2004163
4112	2004303
4113	2004773
4114	2005324
4115	2005545
4116	2005551
4117	2013945
4118	2015332
4119	2015603
4120	2015888
4121	2016208
4122	2017695
4123	2018115
4124	2018687
4125	2019843
4126	2020127
4127	2020192
4128	2022259
4129	2022427
4130	2022761
4131	2023288
4132	2023845
4133	2023999
4134	2024712
4135	2025800
4136	2025878
4137	2026367
4138	2026702
4139	2026841
4140	2026895
4141	2027003
4142	2027015
4143	2027021
4144	2027221
4145	2028718
4146	2028785
4147	2028829
4148	2029267
4149	2030275
4150	2030593
4151	2030709
4152	2031048
4153	2031163
4154	2031520
4155	2031547
4156	2031893
4157	2032584
4158	2033808
4159	2033954
4160	2034375
4161	2034669
4162	2034900
4163	2034919
4164	2035194
4165	2035259
4166	2035366
4167	2037346
4168	2037445
4169	2037647
4170	2038049
4171	2038246
4172	2039585
4173	2040217
4174	2040809
4175	2041135
4176	2041164
4177	2041283
4178	2041386
4179	2041506
4180	2041693
4181	2041858
4182	2042848
4183	2043352
4184	2043566
4185	2043672
4186	2043865
4187	2043875
4188	2043930
4189	2043943
4190	2044340
4191	2044347
4192	2044407
4193	2044640
4194	2044727
4195	2044783
4196	2044889
4197	2044979
4198	2045171
4199	2046078
4200	2046094
4201	2046792
4202	2047777
4203	2047882
4204	2048358
4205	2048514
4206	2048784
4207	2049410
4208	2049488
4209	2049504
4210	2050614
4211	2051598
4212	2051849
4213	2052004
4214	2052605
4215	2053348
4216	2053445
4217	2053504
4218	2053804
4219	2053806
4220	2054213
4221	2054260
4222	2054563
4223	2054911
4224	2055703
4225	2055880
4226	2056011
4227	2056261
4228	2056475
4229	2056570
4230	2056824
4231	2056888
4232	2057190
4233	2057211
4234	2058039
4235	2058062
4236	2058063
4237	2058066
4238	2058080
4239	2059286
4240	2059517
4241	2059572
4242	2059969
4243	2060769
4244	2061333
4245	2061449
4246	2061708
4247	2062164
4248	2063033
4249	2063333
4250	2063794
4251	2063799
4252	2063829
4253	2064356
4254	2064707
4255	2065102
4256	2065762
4257	2066015
4258	2066797
4259	2066812
4260	2067472
4261	2067495
4262	2068177
4263	2068219
4264	2068236
4265	2068602
4266	2068628
4267	2069427
4268	2069474
4269	2070141
4270	2070164
4271	2070364
4272	2070802
4273	2071497
4274	2071753
4275	2071756
4276	2071996
4277	2072360
4278	2072499
4279	2072716
4280	2073211
4281	2073298
4282	2073332
4283	2073557
4284	2073780
4285	2073984
