1	225
2	4609
3	4813
4	4941
5	5920
6	5956
7	5977
8	6198
9	6665
10	6866
11	6867
12	6868
13	6869
14	6878
15	9146
16	11357
17	15043
18	19776
19	21220
20	22361
21	24272
22	24583
23	27395
24	28084
25	28705
26	29157
27	29350
28	30711
29	37824
30	38121
31	38823
32	39905
33	45055
34	45056
35	51127
36	53822
37	56965
38	57836
39	58848
40	60227
41	61664
42	61993
43	62704
44	78347
45	78729
46	79037
47	79058
48	79080
49	79958
50	80069
51	80135
52	80144
53	80156
54	80159
55	80182
56	81850
57	81855
58	103529
59	104026
60	104765
61	105049
62	106522
63	106757
64	113435
65	113792
66	114457
67	114889
68	115588
69	116871
70	117170
71	119277
72	121298
73	123728
74	125158
75	125162
76	126274
77	126483
78	127256
79	128730
80	129841
81	132661
82	135786
83	136055
84	138630
85	138874
86	139964
87	140972
88	141444
89	141905
90	142124
91	143313
92	143475
93	143486
94	143525
95	143566
96	145839
97	146914
98	146995
99	147946
100	150178
101	150327
102	151924
103	152429
104	156917
105	156941
106	157040
107	157051
108	158220
109	158733
110	159602
111	161821
112	163656
113	164031
114	164034
115	164882
116	166508
117	170894
118	170925
119	171354
120	171598
121	172432
122	173862
123	174684
124	174763
125	175244
126	175326
127	176253
128	177589
129	178647
130	178875
131	180900
132	181021
133	181025
134	181788
135	182620
136	183367
137	184083
138	184627
139	184664
140	185689
141	185751
142	185816
143	188682
144	189036
145	189868
146	191538
147	191784
148	194371
149	194415
150	194550
151	199443
152	200863
153	201104
154	201221
155	201275
156	201510
157	202774
158	202885
159	203016
160	203292
161	203324
162	203408
163	203462
164	205100
165	207093
166	207268
167	208740
168	209964
169	212659
170	212954
171	214759
172	214850
173	215116
174	217979
175	218032
176	218056
177	218645
178	220153
179	223157
180	224082
181	224454
182	224585
183	224635
184	227695
185	228273
186	228964
187	231962
188	232510
189	233263
190	234673
191	235113
192	235204
193	235342
194	235562
195	235656
196	239995
197	240661
198	240832
199	241115
200	241225
201	244212
202	245508
203	246012
204	246190
205	246658
206	247297
207	247880
208	248696
209	249071
210	250255
211	251168
212	251194
213	251210
214	251260
215	251265
216	257066
217	258228
218	258389
219	259124
220	259514
221	260676
222	261353
223	262424
224	266476
225	267518
226	267943
227	268071
228	270878
229	272096
230	272636
231	273080
232	273420
233	275291
234	275839
235	275919
236	277468
237	277991
238	280528
239	283039
240	283180
241	284548
242	285393
243	287345
244	287745
245	287751
246	287933
247	288449
248	289573
249	290501
250	290722
251	291423
252	291732
253	291898
254	292034
255	292968
256	293032
257	293606
258	294765
259	295733
260	297117
261	297202
262	298588
263	298690
264	303784
265	304255
266	304409
267	304673
268	305433
269	307019
270	308123
271	308211
272	308479
273	309541
274	310261
275	310520
276	312520
277	316922
278	317620
279	318949
280	321371
281	321661
282	322079
283	323019
284	323723
285	324053
286	324737
287	325157
288	326376
289	326690
290	327492
291	327632
292	329612
293	329666
294	332616
295	332940
296	333638
297	336109
298	336405
299	336416
300	336965
301	340398
302	340694
303	341648
304	342463
305	342621
306	343731
307	345077
308	345181
309	345669
310	346331
311	346540
312	346688
313	346698
314	347140
315	347626
316	347910
317	348132
318	348603
319	351495
320	351514
321	359294
322	359468
323	359610
324	360717
325	361118
326	361566
327	361989
328	363214
329	363972
330	364016
331	365367
332	365405
333	366485
334	367128
335	369092
336	369195
337	369220
338	369701
339	370933
340	371228
341	371636
342	371992
343	372436
344	373280
345	373422
346	374385
347	376035
348	376335
349	378977
350	379637
351	380302
352	380607
353	381002
354	382530
355	383709
356	383919
357	384916
358	386422
359	387821
360	389328
361	389350
362	389351
363	389994
364	390575
365	390944
366	391788
367	392880
368	393165
369	394329
370	395306
371	395344
372	395389
373	397997
374	398240
375	401061
376	401896
377	402454
378	404825
379	406807
380	409330
381	410114
382	410162
383	410186
384	410904
385	410961
386	415306
387	418003
388	427518
389	428222
390	433204
391	435571
392	435807
393	436479
394	437164
395	437215
396	437227
397	437242
398	438747
399	439105
400	439111
401	440114
402	440712
403	440757
404	440775
405	440948
406	440985
407	447313
408	447337
409	470423
410	470463
411	470495
412	470581
413	470595
414	470663
415	470875
416	471039
417	471515
418	481692
419	481696
420	481987
421	483190
422	483196
423	483207
424	483217
425	483224
426	484153
427	497101
428	497272
429	497275
430	497276
431	501623
432	502665
433	502672
434	502823
435	502916
436	502940
437	504163
438	505197
439	507017
440	507987
441	508548
442	511299
443	513211
444	513498
445	513718
446	516452
447	516526
448	516959
449	520290
450	520713
451	520914
452	524700
453	526665
454	526744
455	527346
456	528096
457	529403
458	529407
459	529580
460	529622
461	531626
462	531779
463	532032
464	534387
465	536600
466	536608
467	537665
468	538581
469	541417
470	541796
471	542590
472	545236
473	545608
474	545650
475	546174
476	546355
477	546402
478	547809
479	548119
480	548169
481	548305
482	551333
483	551581
484	551773
485	551951
486	555727
487	556828
488	557081
489	557449
490	558662
491	559927
492	561826
493	563151
494	563280
495	563460
496	563827
497	566268
498	568757
499	570475
500	571685
501	572472
502	572709
503	573464
504	576039
505	579357
506	580411
507	580513
508	581903
509	582574
510	583459
511	585124
512	585626
513	586431
514	588991
515	589271
516	589351
517	589974
518	590161
519	591393
520	591699
521	591714
522	591719
523	592470
524	593173
525	593765
526	594839
527	595226
528	595431
529	596274
530	597086
531	598318
532	598752
533	599205
534	599298
535	599323
536	599534
537	599610
538	600458
539	601015
540	601131
541	601205
542	602201
543	603233
544	603302
545	604043
546	604213
547	605643
548	607318
549	609825
550	610435
551	610789
552	610969
553	614112
554	615140
555	615175
556	616291
557	616353
558	616711
559	616771
560	617129
561	617594
562	618411
563	619161
564	619480
565	620217
566	620728
567	620816
568	622237
569	622768
570	623065
571	623363
572	623414
573	626390
574	626877
575	626931
576	627682
577	627882
578	628075
579	628436
580	628530
581	631727
582	633551
583	634610
584	635209
585	635220
586	635842
587	635927
588	636065
589	636980
590	637248
591	637771
592	638605
593	640728
594	642222
595	643855
596	646253
597	646937
598	648890
599	649757
600	650477
601	652225
602	654697
603	655430
604	655578
605	655774
606	656618
607	658952
608	659916
609	660558
610	661514
611	661547
612	661592
613	661899
614	661909
615	661996
616	662087
617	663317
618	664192
619	664193
620	665386
621	666190
622	666955
623	667218
624	668233
625	668535
626	669505
627	670745
628	673172
629	674860
630	676921
631	677365
632	677884
633	678643
634	678922
635	678954
636	680670
637	681248
638	681690
639	684826
640	684934
641	686112
642	687471
643	687526
644	687801
645	687816
646	688137
647	689110
648	689159
649	689888
650	690733
651	691108
652	692017
653	694870
654	695136
655	696036
656	697504
657	700133
658	701634
659	701919
660	702127
661	702318
662	702889
663	703719
664	703879
665	704461
666	707619
667	707837
668	709362
669	709377
670	713017
671	713130
672	713287
673	713673
674	713816
675	717169
676	717465
677	719051
678	719766
679	719813
680	719853
681	719860
682	719870
683	720575
684	720750
685	720835
686	721496
687	722124
688	723438
689	725055
690	725090
691	725292
692	725478
693	725908
694	727803
695	727820
696	730275
697	730594
698	731011
699	731072
700	731399
701	731617
702	732720
703	734870
704	735196
705	736126
706	737087
707	737116
708	738786
709	739611
710	740255
711	740304
712	741170
713	741363
714	742972
715	742978
716	743601
717	743754
718	745334
719	745992
720	746141
721	746389
722	746764
723	747376
724	747933
725	747962
726	748267
727	748929
728	749306
729	749796
730	750712
731	750753
732	751571
733	752395
734	752954
735	752959
736	753403
737	754524
738	754772
739	754925
740	755148
741	756069
742	758918
743	759078
744	760243
745	761355
746	763637
747	764382
748	765838
749	765854
750	767024
751	768215
752	768685
753	769444
754	769576
755	770911
756	772571
757	773549
758	773558
759	773884
760	773980
761	776457
762	776812
763	779228
764	779285
765	780045
766	780074
767	780093
768	780289
769	780588
770	781365
771	783762
772	784331
773	784364
774	785656
775	787149
776	787959
777	795833
778	796077
779	796188
780	797927
781	798903
782	799480
783	799764
784	800774
785	800980
786	801350
787	801788
788	802558
789	803351
790	803529
791	803576
792	804220
793	806260
794	808508
795	810782
796	812389
797	812864
798	814882
799	816964
800	817378
801	817380
802	818213
803	819296
804	819298
805	821301
806	822944
807	824157
808	826481
809	826613
810	826627
811	826771
812	827415
813	827431
814	827567
815	827644
816	829483
817	830073
818	830606
819	830855
820	831860
821	832429
822	832781
823	832907
824	833194
825	834642
826	834718
827	835216
828	835521
829	836560
830	836673
831	836747
832	837283
833	837346
834	838571
835	838805
836	838889
837	839801
838	840585
839	840622
840	841173
841	841966
842	848971
843	849544
844	849585
845	850816
846	851170
847	852506
848	854736
849	855356
850	855417
851	855596
852	861223
853	861858
854	862191
855	863133
856	863767
857	866063
858	866064
859	867204
860	875515
861	876353
862	877026
863	877958
864	878826
865	880791
866	882100
867	882902
868	883830
869	886019
870	886864
871	887464
872	888491
873	888560
874	889880
875	890046
876	891090
877	891172
878	892573
879	892616
880	892681
881	893998
882	894199
883	894286
884	895096
885	896236
886	897197
887	897603
888	899322
889	900880
890	901930
891	902223
892	902858
893	902882
894	905032
895	906066
896	907281
897	907942
898	908425
899	909655
900	911966
901	912400
902	912949
903	914467
904	914907
905	914945
906	916391
907	916514
908	919309
909	919310
910	920919
911	921108
912	922426
913	923073
914	923142
915	923718
916	925066
917	932359
918	933253
919	934460
920	934506
921	934765
922	935479
923	936513
924	938024
925	938118
926	943771
927	943839
928	944014
929	944150
930	944330
931	944635
932	944824
933	944968
934	945532
935	945702
936	945947
937	948158
938	948184
939	948550
940	948604
941	948626
942	949047
943	949054
944	949056
945	949067
946	949435
947	949791
948	950644
949	950908
950	951213
951	951504
952	951752
953	951856
954	952138
955	953423
956	954629
957	954925
958	954970
959	958663
960	959051
961	959429
962	960894
963	960910
964	961107
965	961418
966	962182
967	963110
968	964172
969	964220
970	964299
971	964707
972	965613
973	966288
974	966784
975	967574
976	968395
977	968419
978	968520
979	968532
980	968533
981	968534
982	968537
983	968538
984	968627
985	968711
986	968743
987	968981
988	969478
989	969551
990	969792
991	970148
992	971174
993	971429
994	971839
995	972097
996	972427
997	973195
998	973237
999	974905
1000	975195
1001	975677
1002	976306
1003	976327
1004	976740
1005	976767
1006	976813
1007	977917
1008	977992
1009	978067
1010	978268
1011	978286
1012	978289
1013	978368
1014	978409
1015	978415
1016	978416
1017	979921
1018	979977
1019	981818
1020	981844
1021	981917
1022	984197
1023	984357
1024	985159
1025	985360
1026	991760
1027	994426
1028	997004
1029	997336
1030	1002258
1031	1002690
1032	1005661
1033	1006066
1034	1009866
1035	1010842
1036	1011428
1037	1011651
1038	1011814
1039	1012067
1040	1013801
1041	1014022
1042	1014879
1043	1015986
1044	1016420
1045	1016447
1046	1016991
1047	1017669
1048	1018391
1049	1022336
1050	1023882
1051	1025432
1052	1026455
1053	1029590
1054	1029907
1055	1030205
1056	1030689
1057	1030699
1058	1031745
1059	1031862
1060	1033734
1061	1033804
1062	1034017
1063	1036597
1064	1038422
1065	1039234
1066	1040587
1067	1040769
1068	1041066
1069	1041272
1070	1043264
1071	1043459
1072	1044182
1073	1045959
1074	1045961
1075	1047366
1076	1048232
1077	1048296
1078	1049251
1079	1050348
1080	1050699
1081	1050780
1082	1052049
1083	1052600
1084	1053805
1085	1055579
1086	1055924
1087	1056651
1088	1056979
1089	1058704
1090	1059371
1091	1059469
1092	1059851
1093	1060465
1094	1061315
1095	1062270
1096	1062602
1097	1062731
1098	1063523
1099	1064142
1100	1064502
1101	1065547
1102	1066473
1103	1066533
1104	1067057
1105	1067487
1106	1067514
1107	1069793
1108	1070641
1109	1070842
1110	1071147
1111	1071579
1112	1071863
1113	1073498
1114	1073558
1115	1074428
1116	1074470
1117	1074636
1118	1074968
1119	1076136
1120	1076484
1121	1076512
1122	1077382
1123	1077546
1124	1081744
1125	1082310
1126	1082693
1127	1082958
1128	1084967
1129	1085795
1130	1086293
1131	1086570
1132	1087155
1133	1089686
1134	1090527
1135	1090959
1136	1091021
1137	1091031
1138	1091291
1139	1091764
1140	1091770
1141	1092136
1142	1092998
1143	1093720
1144	1093737
1145	1094309
1146	1095263
1147	1095826
1148	1097887
1149	1098443
1150	1098496
1151	1102254
1152	1102668
1153	1102826
1154	1102929
1155	1103614
1156	1103707
1157	1104032
1158	1104438
1159	1105780
1160	1106398
1161	1106641
1162	1107520
1163	1109199
1164	1109394
1165	1109642
1166	1110501
1167	1110623
1168	1111887
1169	1113069
1170	1113314
1171	1113667
1172	1113971
1173	1114167
1174	1114753
1175	1115667
1176	1115683
1177	1115979
1178	1116912
1179	1117471
1180	1117850
1181	1119275
1182	1119408
1183	1119871
1184	1120691
1185	1121460
1186	1121761
1187	1122139
1188	1122237
1189	1122356
1190	1122822
1191	1123192
1192	1124707
1193	1129845
1194	1130179
1195	1130785
1196	1131360
1197	1132512
1198	1133861
1199	1134121
1200	1134809
1201	1134901
1202	1134991
1203	1136160
1204	1137399
1205	1138849
1206	1138904
1207	1140168
1208	1140324
1209	1140644
1210	1141232
1211	1141929
1212	1145430
1213	1148834
1214	1149072
1215	1149236
1216	1149747
1217	1150554
1218	1151025
1219	1151837
1220	1151865
1221	1152022
1222	1152029
1223	1153196
1224	1153538
1225	1153678
1226	1153806
1227	1154392
1228	1154490
1229	1154962
1230	1155118
1231	1155193
1232	1156214
1233	1156678
1234	1157168
1235	1157190
1236	1157359
1237	1157622
1238	1157859
1239	1158072
1240	1158360
1241	1158597
1242	1158880
1243	1160034
1244	1161209
1245	1164576
1246	1165398
1247	1165570
1248	1165640
1249	1166264
1250	1166494
1251	1167233
1252	1167332
1253	1167773
1254	1167880
1255	1170264
1256	1170940
1257	1171394
1258	1171637
1259	1173311
1260	1173773
1261	1173844
1262	1173896
1263	1174554
1264	1174776
1265	1175847
1266	1177096
1267	1177159
1268	1178111
1269	1178509
1270	1178524
1271	1179524
1272	1179711
1273	1182356
1274	1183023
1275	1183306
1276	1183524
1277	1183717
1278	1184103
1279	1184314
1280	1185819
1281	1186513
1282	1187219
1283	1187737
1284	1188099
1285	1188155
1286	1188873
1287	1190358
1288	1190361
1289	1191403
1290	1191623
1291	1193093
1292	1193838
1293	1194483
1294	1194501
1295	1195364
1296	1195580
1297	1196116
1298	1197250
1299	1198094
1300	1198568
1301	1199497
1302	1199727
1303	1201283
1304	1201729
1305	1202448
1306	1203101
1307	1203412
1308	1203896
1309	1204735
1310	1206581
1311	1206762
1312	1208293
1313	1209291
1314	1210003
1315	1210632
1316	1211024
1317	1211853
1318	1213609
1319	1213978
1320	1216412
1321	1216967
1322	1217183
1323	1217323
1324	1218823
1325	1220590
1326	1220710
1327	1221194
1328	1222563
1329	1222743
1330	1222832
1331	1222863
1332	1223608
1333	1223957
1334	1224077
1335	1224124
1336	1224874
1337	1225471
1338	1226961
1339	1227271
1340	1228483
1341	1228737
1342	1229474
1343	1230178
1344	1230405
1345	1231522
1346	1233207
1347	1234365
1348	1235123
1349	1235448
1350	1236532
1351	1237064
1352	1237411
1353	1239042
1354	1239408
1355	1240568
1356	1240645
1357	1241053
1358	1242205
1359	1242890
1360	1244985
1361	1246021
1362	1246534
1363	1248629
1364	1249758
1365	1250067
1366	1251177
1367	1251550
1368	1252429
1369	1252456
1370	1252679
1371	1252751
1372	1253387
1373	1253444
1374	1253505
1375	1254039
1376	1254359
1377	1256499
1378	1256921
1379	1257581
1380	1258933
1381	1259224
1382	1261214
1383	1261322
1384	1263504
1385	1264108
1386	1264951
1387	1265588
1388	1269364
1389	1269528
1390	1270452
1391	1270884
1392	1273081
1393	1273269
1394	1273275
1395	1275581
1396	1277169
1397	1277357
1398	1278142
1399	1278310
1400	1278868
1401	1280315
1402	1280466
1403	1280513
1404	1280870
1405	1281300
1406	1282035
1407	1282313
1408	1283464
1409	1284270
1410	1284664
1411	1284767
1412	1284880
1413	1284923
1414	1285904
1415	1286014
1416	1286062
1417	1286074
1418	1286539
1419	1287190
1420	1287639
1421	1287996
1422	1288458
1423	1289274
1424	1289564
1425	1289673
1426	1289763
1427	1290974
1428	1292164
1429	1292780
1430	1293085
1431	1293685
1432	1295685
1433	1295782
1434	1295967
1435	1297300
1436	1297511
1437	1298122
1438	1298155
1439	1298321
1440	1298554
1441	1298687
1442	1298737
1443	1299384
1444	1299915
1445	1301300
1446	1301528
1447	1301795
1448	1302392
1449	1302526
1450	1303196
1451	1303542
1452	1303543
1453	1304216
1454	1305942
1455	1306054
1456	1307908
1457	1308548
1458	1309174
1459	1309971
1460	1310542
1461	1311823
1462	1312103
1463	1312106
1464	1312638
1465	1312715
1466	1312786
1467	1313343
1468	1313363
1469	1313512
1470	1314663
1471	1314729
1472	1315835
1473	1316024
1474	1317615
1475	1319507
1476	1320652
1477	1320916
1478	1321379
1479	1321962
1480	1322068
1481	1323969
1482	1324247
1483	1325473
1484	1326674
1485	1329460
1486	1329916
1487	1334340
1488	1334569
1489	1334597
1490	1334947
1491	1335100
1492	1336729
1493	1336787
1494	1337093
1495	1337896
1496	1338275
1497	1339090
1498	1339647
1499	1342460
1500	1342794
1501	1345608
1502	1347025
1503	1353966
1504	1354393
1505	1354508
1506	1354631
1507	1354754
1508	1356021
1509	1356804
1510	1356901
1511	1357168
1512	1357207
1513	1357279
1514	1357341
1515	1357395
1516	1358540
1517	1359772
1518	1359809
1519	1360993
1520	1361486
1521	1362892
1522	1363207
1523	1363860
1524	1363875
1525	1363940
1526	1365015
1527	1366428
1528	1366620
1529	1367284
1530	1367286
1531	1368018
1532	1369342
1533	1370985
1534	1371723
1535	1372008
1536	1372507
1537	1372708
1538	1373160
1539	1373949
1540	1374685
1541	1375009
1542	1376464
1543	1376685
1544	1376772
1545	1376858
1546	1377658
1547	1378309
1548	1379510
1549	1380155
1550	1382623
1551	1383653
1552	1383834
1553	1386241
1554	1387416
1555	1388772
1556	1389056
1557	1389992
1558	1390652
1559	1391924
1560	1392302
1561	1392498
1562	1392655
1563	1392801
1564	1393932
1565	1394576
1566	1394621
1567	1394823
1568	1395188
1569	1395762
1570	1395938
1571	1397499
1572	1397636
1573	1399374
1574	1400596
1575	1401374
1576	1401554
1577	1402443
1578	1403314
1579	1403582
1580	1403772
1581	1404154
1582	1405192
1583	1405511
1584	1405754
1585	1405999
1586	1406584
1587	1406598
1588	1406815
1589	1406816
1590	1407432
1591	1407580
1592	1408147
1593	1408180
1594	1409585
1595	1410228
1596	1410414
1597	1410792
1598	1410857
1599	1410956
1600	1411339
1601	1412449
1602	1412474
1603	1412852
1604	1414500
1605	1415579
1606	1416102
1607	1417285
1608	1417305
1609	1417454
1610	1417895
1611	1418194
1612	1419118
1613	1421377
1614	1422327
1615	1423711
1616	1423829
1617	1424875
1618	1425176
1619	1425923
1620	1426644
1621	1426974
1622	1427499
1623	1428022
1624	1428220
1625	1429281
1626	1429451
1627	1429724
1628	1429825
1629	1429980
1630	1431082
1631	1431539
1632	1432204
1633	1432242
1634	1432644
1635	1432769
1636	1433315
1637	1434324
1638	1434454
1639	1434890
1640	1435674
1641	1436713
1642	1437147
1643	1437431
1644	1438351
1645	1438575
1646	1439273
1647	1439343
1648	1440817
1649	1441718
1650	1443435
1651	1444505
1652	1444539
1653	1445605
1654	1445869
1655	1451389
1656	1451959
1657	1452656
1658	1454603
1659	1454658
1660	1455208
1661	1457194
1662	1457197
1663	1457602
1664	1459244
1665	1460817
1666	1460912
1667	1460913
1668	1460925
1669	1460932
1670	1461202
1671	1461823
1672	1461940
1673	1462947
1674	1463395
1675	1463688
1676	1463708
1677	1464048
1678	1465540
1679	1466300
1680	1467337
1681	1468418
1682	1468973
1683	1469653
1684	1469717
1685	1471426
1686	1471428
1687	1472190
1688	1472958
1689	1473120
1690	1475054
1691	1475121
1692	1476867
1693	1477320
1694	1477691
1695	1477851
1696	1478658
1697	1478847
1698	1480013
1699	1480073
1700	1480216
1701	1480266
1702	1480767
1703	1483456
1704	1483697
1705	1486009
1706	1486619
1707	1487420
1708	1487858
1709	1489318
1710	1490258
1711	1490353
1712	1491885
1713	1492915
1714	1492916
1715	1494804
1716	1495395
1717	1495983
1718	1496022
1719	1496156
1720	1496473
1721	1496578
1722	1496906
1723	1499427
1724	1501034
1725	1501675
1726	1501844
1727	1502062
1728	1502186
1729	1502291
1730	1502511
1731	1503962
1732	1504064
1733	1504524
1734	1504977
1735	1505169
1736	1505251
1737	1506100
1738	1506467
1739	1506528
1740	1506545
1741	1506579
1742	1507925
1743	1508193
1744	1508618
1745	1508698
1746	1509315
1747	1509834
1748	1510084
1749	1510449
1750	1511287
1751	1511886
1752	1514079
1753	1514083
1754	1516225
1755	1516597
1756	1517026
1757	1517202
1758	1518985
1759	1519156
1760	1519530
1761	1520028
1762	1521473
1763	1521531
1764	1521785
1765	1522012
1766	1522638
1767	1522876
1768	1524109
1769	1525098
1770	1525099
1771	1525100
1772	1525222
1773	1525236
1774	1525352
1775	1526496
1776	1526559
1777	1527014
1778	1527356
1779	1527363
1780	1527384
1781	1527657
1782	1529009
1783	1529588
1784	1529590
1785	1529616
1786	1530342
1787	1531091
1788	1532036
1789	1533988
1790	1534628
1791	1537317
1792	1537338
1793	1537394
1794	1539260
1795	1539674
1796	1540296
1797	1540582
1798	1541121
1799	1542062
1800	1542720
1801	1542884
1802	1543078
1803	1543367
1804	1543522
1805	1545049
1806	1545255
1807	1545743
1808	1546682
1809	1549159
1810	1549202
1811	1550013
1812	1550178
1813	1550230
1814	1551215
1815	1551894
1816	1552242
1817	1552333
1818	1552535
1819	1552684
1820	1554217
1821	1555410
1822	1555458
1823	1556726
1824	1556932
1825	1557642
1826	1558167
1827	1558335
1828	1560393
1829	1561176
1830	1563312
1831	1564106
1832	1564533
1833	1565056
1834	1565798
1835	1566180
1836	1567121
1837	1567932
1838	1567999
1839	1570100
1840	1571242
1841	1571654
1842	1573300
1843	1573559
1844	1573703
1845	1573759
1846	1573898
1847	1574032
1848	1575083
1849	1576591
1850	1581354
1851	1583273
1852	1583903
1853	1585649
1854	1586465
1855	1587133
1856	1587178
1857	1588164
1858	1588896
1859	1589750
1860	1590340
1861	1591129
1862	1591256
1863	1591268
1864	1591712
1865	1593844
1866	1594206
1867	1594409
1868	1595447
1869	1596264
1870	1599050
1871	1601849
1872	1602474
1873	1602831
1874	1603198
1875	1603224
1876	1603803
1877	1604186
1878	1604690
1879	1604991
1880	1605082
1881	1605486
1882	1606207
1883	1606317
1884	1606367
1885	1606966
1886	1607125
1887	1608234
1888	1608625
1889	1609887
1890	1611640
1891	1612095
1892	1613237
1893	1614366
1894	1615392
1895	1615581
1896	1616648
1897	1617282
1898	1618537
1899	1618576
1900	1618682
1901	1620134
1902	1620230
1903	1621393
1904	1621793
1905	1622863
1906	1623526
1907	1624184
1908	1625273
1909	1625820
1910	1625862
1911	1626104
1912	1626456
1913	1627283
1914	1630834
1915	1631265
1916	1631457
1917	1631635
1918	1631806
1919	1632032
1920	1632410
1921	1633099
1922	1633165
1923	1634583
1924	1634587
1925	1636886
1926	1638111
1927	1638382
1928	1639110
1929	1639111
1930	1639281
1931	1640170
1932	1640189
1933	1641941
1934	1642142
1935	1642307
1936	1642486
1937	1642627
1938	1642637
1939	1642723
1940	1643504
1941	1643838
1942	1644486
1943	1645798
1944	1645868
1945	1646013
1946	1646517
1947	1646870
1948	1646875
1949	1647807
1950	1650230
1951	1651266
1952	1651651
1953	1651994
1954	1652542
1955	1652750
1956	1654063
1957	1654777
1958	1657243
1959	1657454
1960	1657996
1961	1658455
1962	1661945
1963	1663828
1964	1664669
1965	1667953
1966	1668172
1967	1668311
1968	1668359
1969	1668366
1970	1668451
1971	1668738
1972	1669104
1973	1669186
1974	1669476
1975	1669542
1976	1670480
1977	1670603
1978	1670612
1979	1675554
1980	1675733
1981	1676879
1982	1678096
1983	1678570
1984	1678734
1985	1678821
1986	1679410
1987	1681049
1988	1681093
1989	1681153
1990	1682953
1991	1684469
1992	1684517
1993	1684524
1994	1684596
1995	1685603
1996	1686215
1997	1686938
1998	1687850
1999	1687852
2000	1687865
2001	1688103
2002	1688594
2003	1688609
2004	1688958
2005	1688961
2006	1688964
2007	1688976
2008	1689927
2009	1689930
2010	1695426
2011	1696796
2012	1699448
2013	1700471
2014	1700968
2015	1701750
2016	1702237
2017	1702391
2018	1702536
2019	1703110
2020	1703128
2021	1703140
2022	1703236
2023	1703872
2024	1704873
2025	1705842
2026	1705935
2027	1706952
2028	1707367
2029	1707646
2030	1707824
2031	1707826
2032	1708490
2033	1710546
2034	1710645
2035	1712095
2036	1712170
2037	1712718
2038	1713328
2039	1713672
2040	1713675
2041	1713968
2042	1714795
2043	1717156
2044	1717282
2045	1717689
2046	1719916
2047	1719923
2048	1720370
2049	1720709
2050	1725373
2051	1725846
2052	1726479
2053	1726502
2054	1728023
2055	1730031
2056	1731000
2057	1731412
2058	1733459
2059	1733674
2060	1734351
2061	1734615
2062	1734883
2063	1735266
2064	1735386
2065	1735466
2066	1737944
2067	1739292
2068	1739379
2069	1740009
2070	1740866
2071	1741672
2072	1741871
2073	1742296
2074	1742491
2075	1742626
2076	1743251
2077	1743504
2078	1743758
2079	1744508
2080	1744954
2081	1744957
2082	1745082
2083	1745815
2084	1746640
2085	1746708
2086	1748304
2087	1748733
2088	1749217
2089	1751057
2090	1752388
2091	1752407
2092	1752984
2093	1753319
2094	1753543
2095	1754261
2096	1754305
2097	1755567
2098	1755651
2099	1756626
2100	1757414
2101	1757778
2102	1758493
2103	1759214
2104	1760005
2105	1760523
2106	1761215
2107	1761449
2108	1761667
2109	1762656
2110	1762831
2111	1763348
2112	1764440
2113	1765215
2114	1767301
2115	1767846
2116	1767913
2117	1768800
2118	1768870
2119	1769923
2120	1771261
2121	1771963
2122	1772514
2123	1773633
2124	1773716
2125	1773871
2126	1774885
2127	1776293
2128	1777253
2129	1777267
2130	1778055
2131	1778385
2132	1778423
2133	1779240
2134	1780367
2135	1781634
2136	1782073
2137	1782935
2138	1783886
2139	1785014
2140	1785130
2141	1785134
2142	1785654
2143	1787122
2144	1787801
2145	1788940
2146	1789674
2147	1789675
2148	1789692
2149	1789790
2150	1791684
2151	1791688
2152	1791822
2153	1791858
2154	1791868
2155	1791889
2156	1791904
2157	1791911
2158	1791925
2159	1792054
2160	1792076
2161	1792108
2162	1793262
2163	1793548
2164	1793795
2165	1794030
2166	1797359
2167	1797589
2168	1797610
2169	1797614
2170	1797625
2171	1797648
2172	1799014
2173	1801132
2174	1801143
2175	1801145
2176	1801426
2177	1801588
2178	1801600
2179	1801792
2180	1801795
2181	1801799
2182	1802752
2183	1803678
2184	1804146
2185	1804208
2186	1804210
2187	1804224
2188	1804229
2189	1804956
2190	1804959
2191	1804988
2192	1804997
2193	1805465
2194	1806034
2195	1806077
2196	1807340
2197	1808003
2198	1808295
2199	1808637
2200	1809056
2201	1809092
2202	1809801
2203	1809828
2204	1810546
2205	1810549
2206	1810566
2207	1810570
2208	1817453
2209	1817856
2210	1823281
2211	1823307
2212	1823315
2213	1823362
2214	1823773
2215	1824161
2216	1824362
2217	1824373
2218	1825587
2219	1825621
2220	1825647
2221	1826961
2222	1827259
2223	1827268
2224	1827334
2225	1827340
2226	1827568
2227	1827583
2228	1827628
2229	1827892
2230	1828123
2231	1829543
2232	1829561
2233	1830275
2234	1830455
2235	1830593
2236	1831580
2237	1831661
2238	1831781
2239	1833819
2240	1834317
2241	1834437
2242	1836209
2243	1836274
2244	1836971
2245	1837727
2246	1838187
2247	1838625
2248	1839021
2249	1839144
2250	1841314
2251	1841678
2252	1842412
2253	1844751
2254	1846528
2255	1846890
2256	1847249
2257	1847499
2258	1848806
2259	1851910
2260	1853446
2261	1854450
2262	1854892
2263	1855069
2264	1855340
2265	1856289
2266	1856560
2267	1857130
2268	1857404
2269	1857648
2270	1857768
2271	1858790
2272	1859853
2273	1860362
2274	1860874
2275	1861364
2276	1862057
2277	1862721
2278	1863525
2279	1864156
2280	1864762
2281	1865126
2282	1866517
2283	1867240
2284	1867571
2285	1868087
2286	1868895
2287	1869194
2288	1869475
2289	1869527
2290	1869560
2291	1870082
2292	1870142
2293	1872386
2294	1872449
2295	1875185
2296	1875745
2297	1875795
2298	1875916
2299	1876142
2300	1877136
2301	1877544
2302	1878723
2303	1879322
2304	1879948
2305	1880540
2306	1881500
2307	1882214
2308	1882552
2309	1882719
2310	1882871
2311	1884111
2312	1884276
2313	1884607
2314	1884729
2315	1885010
2316	1885287
2317	1888101
2318	1890610
2319	1891209
2320	1891367
2321	1891702
2322	1893989
2323	1900844
2324	1902209
2325	1902478
2326	1908572
2327	1909279
2328	1909668
2329	1909669
2330	1910225
2331	1910645
2332	1910659
2333	1911041
2334	1911122
2335	1911555
2336	1912536
2337	1913860
2338	1915952
2339	1915975
2340	1916009
2341	1916546
2342	1918443
2343	1918445
2344	1919902
2345	1921246
2346	1923325
2347	1924195
2348	1924714
2349	1926014
2350	1926015
2351	1926361
2352	1926638
2353	1927409
2354	1927826
2355	1927945
2356	1928491
2357	1928627
2358	1928894
2359	1928966
2360	1929066
2361	1929619
2362	1930059
2363	1930224
2364	1931097
2365	1932010
2366	1932159
2367	1933209
2368	1933265
2369	1933709
2370	1934676
2371	1934833
2372	1934926
2373	1935134
2374	1941045
2375	1941083
2376	1941084
2377	1941086
2378	1941093
2379	1941116
2380	1941220
2381	1941292
2382	1941295
2383	1941301
2384	1967964
2385	1967966
2386	1968030
2387	1968093
2388	1968096
2389	1968101
2390	1968102
2391	1978227
2392	1979215
2393	1980536
2394	1981152
2395	1981778
2396	1982677
2397	1983053
2398	1984715
2399	1984816
2400	1984846
2401	1988563
2402	1989558
2403	1990164
2404	1991677
2405	1997917
2406	1998529
2407	1998594
2408	1999048
2409	1999174
2410	1999563
2411	2000007
2412	2001647
2413	2002059
2414	2002060
2415	2003403
2416	2003601
2417	2004373
2418	2005067
2419	2005748
2420	2006619
2421	2007333
2422	2007652
2423	2007903
2424	2008426
2425	2009053
2426	2009965
2427	2010608
2428	2011948
2429	2012107
2430	2012872
2431	2013472
2432	2015091
2433	2015542
2434	2017596
2435	2018420
2436	2018874
2437	2019358
2438	2021947
2439	2023801
2440	2024267
2441	2024588
2442	2024805
2443	2025133
2444	2026438
2445	2027340
2446	2027480
2447	2027857
2448	2029062
2449	2029430
2450	2030005
2451	2030490
2452	2031211
2453	2033007
2454	2034279
2455	2034645
2456	2035131
2457	2041268
2458	2041775
2459	2041836
2460	2042109
2461	2042338
2462	2044082
2463	2045274
2464	2045483
2465	2045529
2466	2045807
2467	2045811
2468	2046097
2469	2046149
2470	2047407
2471	2047481
2472	2048146
2473	2048224
2474	2048364
2475	2048372
2476	2049248
2477	2049395
2478	2049429
2479	2049472
2480	2049488
2481	2050027
2482	2050758
2483	2051162
2484	2053451
2485	2053479
2486	2053528
2487	2053529
2488	2053694
2489	2054313
2490	2054322
2491	2055238
2492	2056445
2493	2060057
2494	2060305
2495	2060495
2496	2061056
2497	2062068
2498	2062227
2499	2062279
2500	2062816
2501	2063322
2502	2064665
2503	2067839
2504	2068015
2505	2068224
2506	2068909
2507	2069225
2508	2069955
2509	2070603
2510	2073223
2511	2073825
2512	2074671
2513	2075560
2514	2075708
2515	2076821
2516	2079204
2517	2079344
2518	2079927
2519	2080041
2520	2080455
2521	2082409
2522	2082663
2523	2083303
2524	2083839
2525	2085524
2526	2085988
2527	2086448
2528	2087870
2529	2088461
2530	2088662
2531	2088672
2532	2090064
2533	2090483
2534	2090656
2535	2091405
2536	2092923
2537	2093071
2538	2093327
2539	2093403
2540	2094584
2541	2095522
2542	2095548
2543	2095810
2544	2096938
2545	2097306
2546	2097489
2547	2098497
2548	2098591
2549	2101535
2550	2101798
2551	2102666
2552	2102748
2553	2105109
2554	2105657
2555	2106419
2556	2107558
2557	2108182
2558	2109072
2559	2109248
2560	2109303
2561	2109546
2562	2111792
2563	2112574
2564	2113422
2565	2113456
2566	2114414
2567	2115233
2568	2116691
2569	2118818
2570	2119038
2571	2120244
2572	2120280
2573	2120919
2574	2122467
2575	2122529
2576	2122566
2577	2122569
2578	2122611
2579	2122920
2580	2123099
2581	2123639
2582	2123665
2583	2124427
2584	2124488
2585	2124527
2586	2124678
2587	2126250
2588	2126330
2589	2126433
2590	2127095
2591	2133868
2592	2134355
2593	2134448
2594	2134462
2595	2134858
2596	2135325
2597	2135921
2598	2136394
2599	2137658
2600	2138270
2601	2139705
2602	2142024
2603	2142694
2604	2142742
2605	2142949
2606	2143103
2607	2143919
2608	2145644
2609	2147573
2610	2149589
2611	2150294
2612	2150568
2613	2150916
2614	2150917
2615	2151436
2616	2151931
2617	2152075
2618	2152159
2619	2152533
2620	2152793
2621	2153493
2622	2157019
2623	2157806
2624	2160871
2625	2161581
2626	2162720
2627	2163056
2628	2163126
2629	2164101
2630	2165664
2631	2165767
2632	2166116
2633	2166342
2634	2166573
2635	2167322
2636	2167379
2637	2167576
2638	2167858
2639	2168089
2640	2169333
2641	2170028
2642	2170458
2643	2172308
2644	2172382
2645	2172410
2646	2174215
2647	2175497
2648	2176639
2649	2176851
2650	2177067
2651	2177667
2652	2177969
2653	2178149
2654	2178911
2655	2178996
2656	2180186
2657	2182794
2658	2183991
2659	2184138
2660	2184963
2661	2186123
2662	2186281
2663	2186425
2664	2186449
2665	2186692
2666	2188340
2667	2189528
2668	2189706
2669	2189707
2670	2189724
2671	2190323
2672	2190996
2673	2192650
2674	2194092
2675	2194655
2676	2196393
2677	2197114
2678	2198139
2679	2198480
2680	2198777
2681	2199091
2682	2199642
2683	2200087
2684	2200259
2685	2200536
2686	2201150
2687	2201293
2688	2201294
2689	2202824
2690	2203541
2691	2206970
2692	2208240
2693	2208621
2694	2208890
2695	2210318
2696	2210793
2697	2210952
2698	2211220
2699	2211580
2700	2213718
2701	2215079
2702	2215929
2703	2216488
2704	2218691
2705	2219061
2706	2220423
2707	2221163
2708	2221762
2709	2222259
2710	2222992
2711	2223588
2712	2223757
2713	2224297
2714	2224689
2715	2225497
2716	2227688
2717	2229024
2718	2231776
2719	2233140
2720	2234723
2721	2235104
2722	2235572
2723	2235697
2724	2236075
2725	2236295
2726	2236752
2727	2237025
2728	2237331
2729	2237493
2730	2237823
2731	2238894
2732	2240560
2733	2240795
2734	2241909
2735	2242189
2736	2242951
2737	2244187
2738	2244271
2739	2244649
2740	2247288
2741	2247553
2742	2247594
2743	2247989
2744	2249470
2745	2250019
2746	2250457
2747	2252048
2748	2254054
2749	2254069
2750	2254089
2751	2255002
2752	2255654
2753	2255685
2754	2256348
2755	2257206
2756	2257253
2757	2257738
2758	2257925
2759	2258984
2760	2259155
2761	2259401
2762	2260569
2763	2260993
2764	2261574
2765	2263336
2766	2263601
2767	2264784
2768	2264968
2769	2266431
2770	2267547
2771	2268687
2772	2269500
2773	2272887
2774	2273682
2775	2274134
2776	2274223
2777	2274537
2778	2275117
2779	2276279
2780	2276376
2781	2277572
2782	2279030
2783	2279308
2784	2279552
2785	2279868
2786	2280607
2787	2285421
2788	2285985
2789	2287149
2790	2287288
2791	2287837
2792	2288299
2793	2289543
2794	2290368
2795	2292252
2796	2294282
2797	2294996
2798	2295284
2799	2295990
2800	2298746
2801	2301384
2802	2302812
2803	2303493
2804	2304034
2805	2305840
2806	2309326
2807	2309530
2808	2310384
2809	2310747
2810	2311067
2811	2311541
2812	2312422
2813	2312877
2814	2313041
2815	2313863
2816	2314170
2817	2314249
2818	2314638
2819	2318034
2820	2318158
2821	2320624
2822	2322276
2823	2322372
2824	2323307
2825	2324389
2826	2325002
2827	2325010
2828	2325655
2829	2333053
2830	2333929
2831	2335549
2832	2335613
2833	2336382
2834	2337134
2835	2337137
2836	2337257
2837	2337945
2838	2337957
2839	2339705
2840	2341663
2841	2341664
2842	2343946
2843	2344822
2844	2346933
2845	2346994
2846	2347270
2847	2347402
2848	2347658
2849	2348913
2850	2348980
2851	2350496
2852	2350498
2853	2350573
2854	2350578
2855	2351384
2856	2351689
2857	2353136
2858	2354287
2859	2354640
2860	2355714
2861	2358144
2862	2358145
2863	2359156
2864	2359472
2865	2359826
2866	2360611
2867	2361190
2868	2361424
2869	2362004
2870	2364913
2871	2365188
2872	2365667
2873	2367436
2874	2368263
2875	2368597
2876	2369492
2877	2369905
2878	2370286
2879	2370547
2880	2371850
2881	2371882
2882	2373423
2883	2373751
2884	2373800
2885	2374568
2886	2374733
2887	2375083
2888	2375084
2889	2375132
2890	2375189
2891	2378471
2892	2380464
2893	2382032
2894	2382205
2895	2382242
2896	2382277
2897	2383061
2898	2383859
2899	2384980
2900	2385029
2901	2385695
2902	2389010
2903	2389849
2904	2389904
2905	2389985
2906	2390265
2907	2390308
2908	2390441
2909	2390511
2910	2390632
2911	2391299
2912	2391339
2913	2391750
2914	2391882
2915	2393750
2916	2397731
2917	2399300
2918	2400380
2919	2400964
2920	2401271
2921	2402061
2922	2405342
2923	2405617
2924	2405767
2925	2406649
2926	2407939
2927	2408523
2928	2408878
2929	2409065
2930	2409395
2931	2409407
2932	2409719
2933	2410184
2934	2411646
2935	2411826
2936	2414546
2937	2415932
2938	2416263
2939	2416870
2940	2417423
2941	2418180
2942	2418803
2943	2419005
2944	2425941
2945	2426043
2946	2426048
2947	2426108
2948	2426139
2949	2426149
2950	2426953
2951	2427058
2952	2427187
2953	2429051
2954	2429763
2955	2430050
2956	2430973
2957	2432286
2958	2433125
2959	2434708
2960	2436504
2961	2436720
2962	2438316
2963	2440747
2964	2440949
2965	2441868
2966	2443090
2967	2443372
2968	2443678
2969	2444702
2970	2445517
2971	2447123
2972	2448010
2973	2448016
2974	2449685
2975	2449927
2976	2449968
2977	2452357
2978	2454149
2979	2454487
2980	2455195
2981	2455895
2982	2456013
2983	2456050
2984	2456952
2985	2458788
2986	2459478
2987	2460300
2988	2461760
2989	2461941
2990	2464051
2991	2465459
2992	2465695
2993	2465851
2994	2466434
2995	2466665
2996	2466871
2997	2468696
2998	2469849
2999	2470253
3000	2473338
3001	2473949
3002	2474364
3003	2475044
3004	2475679
3005	2475854
3006	2476563
3007	2476585
3008	2476999
3009	2481002
3010	2484299
3011	2484914
3012	2485251
3013	2485557
3014	2485861
3015	2485979
3016	2486043
3017	2486595
3018	2487954
3019	2488035
3020	2488479
3021	2488605
3022	2488614
3023	2490304
3024	2490479
3025	2491566
3026	2491845
3027	2492566
3028	2493359
3029	2493362
3030	2494475
3031	2495321
3032	2496162
3033	2496513
3034	2497658
3035	2499188
3036	2499321
3037	2502518
3038	2502736
3039	2502766
3040	2503556
3041	2504061
3042	2504106
3043	2508897
3044	2508923
3045	2509523
3046	2510356
3047	2511112
3048	2511131
3049	2511197
3050	2511493
3051	2514245
3052	2514469
3053	2514611
3054	2514884
3055	2515992
3056	2516738
3057	2517399
3058	2586762
3059	2586798
3060	2586804
3061	2587666
3062	2588713
3063	2590284
3064	2591287
3065	2591871
3066	2592887
3067	2593502
3068	2593539
3069	2594250
3070	2596053
3071	2597657
3072	2597781
3073	2598524
3074	2598538
3075	2599828
3076	2601759
3077	2602174
3078	2602663
3079	2607009
3080	2607012
3081	2607969
3082	2608334
3083	2611025
3084	2611753
3085	2612597
3086	2612676
3087	2614491
3088	2614629
3089	2614947
3090	2618116
3091	2618278
3092	2620816
3093	2623788
3094	2624109
3095	2626357
3096	2627306
3097	2628965
3098	2629587
3099	2631805
3100	2632298
3101	2634938
3102	2636302
3103	2637245
3104	2640448
3105	2641846
3106	2642451
3107	2644280
3108	2644730
3109	2646089
3110	2646362
3111	2648325
3112	2648912
3113	2653289
3114	2654919
3115	2656350
3116	2656621
3117	2656825
3118	2657897
3119	2658516
3120	2665122
3121	2665389
3122	2668609
3123	2669027
3124	2672181
3125	2674651
3126	2674908
3127	2676036
3128	2676091
3129	2678144
3130	2679112
3131	2679777
3132	2680009
3133	2681654
3134	2682423
3135	2682980
3136	2683094
3137	2684415
3138	2686963
3139	2694028
3140	2694639
3141	2697472
3142	2697697
3143	2697834
3144	2698215
3145	2698311
3146	2698372
3147	2698563
3148	2698730
3149	2698826
3150	2698827
3151	2699134
3152	2699190
3153	2699241
3154	2699645
3155	2699768
3156	2701771
3157	2702024
3158	2702738
3159	2703638
3160	2705321
3161	2705374
3162	2706094
3163	2706740
3164	2711183
3165	2711519
3166	2712050
3167	2712355
3168	2712357
3169	2712974
3170	2713335
3171	2713639
3172	2714200
3173	2714235
3174	2714672
3175	2715382
3176	2716420
3177	2717438
3178	2718234
3179	2718609
3180	2718646
3181	2718668
3182	2723969
3183	2725111
3184	2729007
3185	2729340
3186	2729593
3187	2735068
3188	2736485
3189	2736540
3190	2736578
3191	2741937
3192	2742012
3193	2742993
3194	2744982
3195	2746423
3196	2746541
3197	2746555
3198	2747550
3199	2749061
3200	2749102
3201	2750791
3202	2750972
3203	2751288
3204	2753397
3205	2753632
3206	2754500
3207	2755319
3208	2757392
3209	2757541
3210	2759247
3211	2762575
3212	2763955
3213	2764156
3214	2765068
3215	2769260
3216	2769390
3217	2770794
3218	2771779
3219	2772306
3220	2772735
3221	2773042
3222	2773275
3223	2773650
3224	2774277
3225	2774678
3226	2775965
3227	2776650
3228	2776975
3229	2777661
3230	2779529
3231	2780260
3232	2781228
3233	2781358
3234	2782219
3235	2782736
3236	2782949
3237	2785174
3238	2786524
3239	2798889
3240	2800756
3241	2802114
3242	2802821
3243	2803263
3244	2806648
3245	2806937
3246	2807577
3247	2814362
3248	2814373
3249	2814855
3250	2815027
3251	2815267
3252	2817151
3253	2822345
3254	2822561
3255	2822930
3256	2825373
3257	2826624
3258	2827451
3259	2829565
3260	2835610
3261	2835997
3262	2837391
3263	2837723
3264	2837855
3265	2837901
3266	2837991
3267	2838268
3268	2839418
3269	2839765
3270	2840599
3271	2842667
3272	2843396
3273	2843980
3274	2845203
3275	2845772
3276	2846127
3277	2846136
3278	2846171
3279	2846241
3280	2846242
3281	2846244
3282	2848789
3283	2849136
3284	2850999
3285	2852047
3286	2852419
3287	2852701
3288	2853036
3289	2858960
3290	2858986
3291	2859032
3292	2859057
3293	2860053
3294	2860180
3295	2860211
3296	2860290
3297	2860662
3298	2860817
3299	2861164
3300	2861246
3301	2863042
3302	2863786
3303	2863835
3304	2864324
3305	2864337
3306	2866663
3307	2866682
3308	2867843
3309	2869985
3310	2871282
3311	2871953
3312	2874159
3313	2874320
3314	2874617
3315	2875089
3316	2876161
3317	2876400
3318	2877218
3319	2877337
3320	2878203
3321	2878280
3322	2878728
3323	2879864
3324	2880640
3325	2881062
3326	2884489
3327	2886498
3328	2886808
3329	2887399
3330	2889573
3331	2889652
3332	2889872
3333	2892420
3334	2892903
3335	2893163
3336	2895535
3337	2896535
3338	2897520
3339	2897805
3340	2898095
3341	2900696
3342	2900774
3343	2902395
3344	2902480
3345	2903190
3346	2903252
3347	2903933
3348	2904018
3349	2906318
3350	2906408
