1	286
2	2032
3	2232
4	2263
5	2980
6	4203
7	5320
8	5655
9	6880
10	6937
11	8302
12	8312
13	9351
14	10209
15	11340
16	11678
17	11845
18	13848
19	14357
20	15072
21	15662
22	15913
23	16013
24	17999
25	18003
26	18005
27	20857
28	21042
29	21174
30	21782
31	22076
32	22768
33	23190
34	23672
35	24522
36	25147
37	25768
38	28879
39	28983
40	29744
41	31978
42	31986
43	32346
44	32417
45	32998
46	38323
47	40429
48	40887
49	41090
50	41252
51	41932
52	41954
53	42033
54	43691
55	43829
56	44090
57	45011
58	48193
59	48456
60	50412
61	50624
62	50823
63	50958
64	52836
65	52854
66	52980
67	53140
68	54362
69	55870
70	56002
71	56004
72	56806
73	57304
74	58659
75	60782
76	61146
77	62000
78	62858
79	62983
80	63532
81	63742
82	64108
83	64209
84	64471
85	64680
86	64681
87	65084
88	65964
89	66210
90	67884
91	69504
92	69997
93	70428
94	70658
95	70829
96	71189
97	71751
98	71870
99	73345
100	73525
101	74434
102	76369
103	76762
104	77470
105	77594
106	79014
107	79846
108	81077
109	83278
110	85712
111	86287
112	86968
113	86986
114	87658
115	88421
116	92772
117	95161
118	98147
119	98379
120	98440
121	98678
122	99761
123	100203
124	100559
125	100630
126	102125
127	102134
128	103623
129	105550
130	108054
131	108651
132	108964
133	109947
134	112590
135	112915
136	112919
137	113390
138	116343
139	117995
140	118300
141	120083
142	125386
143	125516
144	125517
145	126545
146	126573
147	126900
148	127667
149	127831
150	128418
151	128609
152	128895
153	129211
154	129741
155	130633
156	131730
157	134469
158	135835
159	136788
160	138587
161	140726
162	141011
163	142557
164	145135
165	145268
166	148386
167	149417
168	154851
169	155476
170	155626
171	157156
172	157881
173	157994
174	158724
175	160116
176	160749
177	160815
178	160827
179	160968
180	160989
181	160992
182	161001
183	161007
184	161073
185	161094
186	161427
187	161825
188	163819
189	163899
190	164029
191	164605
192	165578
193	166585
194	166731
195	167963
196	168907
197	169668
198	170652
199	171209
200	173429
201	176428
202	177559
203	177929
204	178694
205	179944
206	179970
207	180190
208	180476
209	180524
210	182204
211	183780
212	183983
213	185697
214	189913
215	190045
216	190049
217	192063
218	192768
219	192772
220	193478
221	193508
222	193962
223	194473
224	195483
225	195681
226	197303
227	200305
228	201970
229	202040
230	202723
231	202941
232	204444
233	207992
234	208974
235	209173
236	210616
237	212226
238	212326
239	217256
240	217285
241	217666
242	219010
243	219792
244	220734
245	221033
246	222001
247	223666
248	224166
249	224213
250	224236
251	224450
252	225358
253	225395
254	225851
255	225938
256	226155
257	226196
258	228287
259	228637
260	228899
261	228929
262	229698
263	230702
264	232429
265	237570
266	237839
267	241060
268	241498
269	241662
270	245655
271	245944
272	246391
273	246902
274	251425
275	251788
276	252110
277	253962
278	256978
279	257219
280	263763
281	264485
282	264527
283	265567
284	265657
285	265734
286	266080
287	266626
288	267128
289	267685
290	267954
291	268373
292	269385
293	269620
294	270743
295	271737
296	274814
297	275030
298	275847
299	279468
300	281325
301	281439
302	282250
303	282548
304	282769
305	284220
306	289426
307	290520
308	290740
309	291930
310	292277
311	293174
312	293221
313	293318
314	295221
315	299098
316	299629
317	299630
318	299951
319	300214
320	300385
321	301171
322	302700
323	302917
324	302993
325	303754
326	304249
327	306710
328	308388
329	309444
330	309706
331	310548
332	311673
333	312165
334	313596
335	313701
336	317834
337	319185
338	322218
339	322474
340	326485
341	327929
342	328259
343	329698
344	329783
345	331102
346	331399
347	332278
348	332495
349	335451
350	335472
351	336508
352	337126
353	337531
354	338264
355	340274
356	340310
357	342721
358	343072
359	343340
360	344185
361	347223
362	349948
363	349978
364	350303
365	350895
366	351046
367	351078
368	351965
369	352390
370	354266
371	354759
372	355328
373	356207
374	356908
375	358664
376	358781
377	359724
378	359800
379	360049
380	360089
381	360160
382	360496
383	362823
384	363446
385	365014
386	365015
387	366038
388	366880
389	367834
390	368712
391	369372
392	370981
393	372808
394	377902
395	379459
396	379947
397	380913
398	380921
399	382190
400	382897
401	383007
402	384339
403	384462
404	386663
405	387334
406	388706
407	389628
408	393569
409	395737
410	397872
411	399355
412	399987
413	400372
414	401899
415	403005
416	404110
417	405068
418	405201
419	405254
420	406776
421	406805
422	408144
423	408232
424	408276
425	409429
426	410360
427	411279
428	414072
429	414307
430	414631
431	415515
432	417963
433	418363
434	418742
435	419473
436	419474
437	419794
438	421532
439	421683
440	421939
441	422630
442	423266
443	423902
444	423924
445	424639
446	424763
447	424859
448	425276
449	426878
450	428013
451	428998
452	430616
453	430691
454	430692
455	433764
456	435956
457	436465
458	436882
459	437578
460	439144
461	439399
462	440090
463	440395
464	440873
465	441519
466	442732
467	443395
468	446057
469	449406
470	449444
471	450259
472	451269
473	453425
474	453468
475	454212
476	454366
477	454873
478	456188
479	458442
480	459098
481	460194
482	460885
483	461211
484	461817
485	465580
486	466206
487	467226
488	468119
489	468879
490	468921
491	469474
492	470082
493	470092
494	470145
495	470203
496	470260
497	470333
498	470712
499	471793
500	472055
501	472594
502	474500
503	474964
504	475191
505	475315
506	476725
507	480003
508	482795
509	483003
510	483083
511	483262
512	484171
513	484369
514	484721
515	487179
516	488040
517	491362
518	493135
519	494680
520	499445
521	499592
522	499806
523	499905
524	501321
525	503143
526	503439
527	504146
528	504530
529	506099
530	506278
531	506305
532	506386
533	507059
534	507131
535	507761
536	507815
537	507934
538	510696
539	511335
540	513199
541	513344
542	514133
543	514571
544	515441
545	515947
546	516417
547	516565
548	516871
549	517547
550	517608
551	518427
552	518894
553	520157
554	520481
555	521046
556	521120
557	521843
558	522254
559	522841
560	523042
561	525695
562	527761
563	527873
564	528874
565	529788
566	529797
567	530122
568	530321
569	530651
570	530718
571	531795
572	532481
573	532951
574	533027
575	533289
576	533582
577	533591
578	534361
579	536051
580	537161
581	537703
582	538345
583	538772
584	539230
585	539380
586	539857
587	539929
588	540927
589	542058
590	543337
591	543700
592	545338
593	546944
594	547614
595	548026
596	548284
597	548336
598	549087
599	549500
600	549585
601	551029
602	551125
603	551213
604	554548
605	555484
606	555731
607	558392
608	559457
609	559663
610	561643
611	561713
612	562321
613	563532
614	563593
615	563603
616	563631
617	563936
618	564023
619	564041
620	564110
621	565282
622	565441
623	565907
624	567281
625	567664
626	567694
627	568016
628	568535
629	570693
630	572563
631	572754
632	573346
633	576124
634	577083
635	578571
636	578948
637	579539
638	581970
639	583252
640	585258
641	585433
642	585905
643	593641
644	593778
645	595290
646	595348
647	595866
648	596715
649	597775
650	598088
651	599486
652	601708
653	602152
654	602310
655	603693
656	605079
657	605469
658	605489
659	606424
660	607290
661	607385
662	607551
663	607576
664	611066
665	611081
666	612564
667	612950
668	613081
669	613090
670	613132
671	613188
672	613375
673	613819
674	613862
675	614122
676	615883
677	615943
678	617407
679	617522
680	620452
681	621575
682	621945
683	623455
684	623923
685	624137
686	624469
687	625830
688	631941
689	631970
690	632365
691	632512
692	633583
693	634618
694	637026
695	638396
696	638557
697	639694
698	639889
699	643605
700	643750
701	644325
702	644729
703	646659
704	647329
705	648231
706	649424
707	650294
708	654290
709	654568
710	654844
711	654993
712	655287
713	655355
714	656565
715	657435
716	657763
717	657772
718	658145
719	659694
720	659787
721	660060
722	660860
723	662163
724	663694
725	664121
726	665046
727	665090
728	665913
729	667943
730	669066
731	669079
732	669086
733	669922
734	670007
735	670256
736	671574
737	671653
738	671955
739	672855
740	673060
741	674993
742	675026
743	676555
744	677406
745	677450
746	677501
747	677517
748	677799
749	680381
750	680649
751	681006
752	681041
753	681838
754	682778
755	686009
756	687701
757	689386
758	689764
759	689889
760	690353
761	693304
762	693510
763	693585
764	693823
765	695053
766	697517
767	698483
768	699182
769	699245
770	700591
771	702632
772	704207
773	705032
774	706555
775	708156
776	708487
777	709185
778	711698
779	711920
780	712220
781	712770
782	713087
783	713411
784	714030
785	714296
786	714839
787	716406
788	717165
789	719087
790	719387
791	719443
792	720335
793	720755
794	720839
795	721742
796	721743
797	724007
798	726202
799	726288
800	728298
801	730383
802	730967
803	732122
804	732776
805	732952
806	733358
807	734304
808	736092
809	741424
810	742237
811	742535
812	742573
813	742815
814	742894
815	745590
816	746059
817	747314
818	749141
819	749225
820	749754
821	751422
822	753092
823	754881
824	755712
825	755947
826	756462
827	757074
828	757075
829	757306
830	760807
831	762100
832	762525
833	762626
834	763462
835	763573
836	763696
837	763706
838	764906
839	765970
840	766599
841	766894
842	766948
843	767162
844	767985
845	768675
846	769695
847	772460
848	772526
849	774094
850	774756
851	776433
852	777349
853	777429
854	777444
855	777828
856	777845
857	778289
858	778969
859	780400
860	780526
861	781724
862	782815
863	782868
864	783969
865	785028
866	786147
867	786984
868	787351
869	787372
870	787395
871	788125
872	788300
873	789981
874	790994
875	791026
876	791059
877	791066
878	791095
879	791257
880	791320
881	791461
882	792123
883	792467
884	792739
885	793207
886	793328
887	795250
888	795831
889	796873
890	797887
891	798158
892	798868
893	798896
894	798922
895	799015
896	799235
897	805049
898	805314
899	805403
900	806550
901	807362
902	807760
903	808628
904	809534
905	809862
906	809891
907	811918
908	813289
909	814572
910	815451
911	817129
912	817639
913	818429
914	818618
915	818742
916	819944
917	821754
918	822259
919	822489
920	823184
921	823958
922	825024
923	825222
924	825227
925	826316
926	827379
927	828023
928	828577
929	829015
930	829239
931	829674
932	830067
933	830644
934	832001
935	832076
936	832211
937	832700
938	835096
939	836006
940	837300
941	837783
942	838898
943	839194
944	839224
945	839975
946	840655
947	841130
948	841961
949	845425
950	847456
951	849095
952	851415
953	852605
954	852611
955	853051
956	853142
957	853176
958	853177
959	853185
960	853562
961	853932
962	854738
963	855497
964	858862
965	859023
966	860622
967	860733
968	862346
969	862554
970	863635
971	864100
972	866234
973	866845
974	868265
975	868638
976	868864
977	869647
978	871167
979	871541
980	875688
981	875697
982	875820
983	875945
984	876016
985	876963
986	880302
987	880778
988	881986
989	882031
990	882557
991	882745
992	883150
993	884157
994	884908
995	885157
996	885252
997	885433
998	885609
999	885705
1000	887970
1001	889786
1002	891345
1003	891767
1004	892954
1005	894473
1006	895175
1007	896953
1008	897302
1009	898419
1010	898654
1011	900025
1012	900399
1013	900872
1014	902374
1015	902384
1016	902510
1017	902957
1018	907044
1019	908065
1020	908779
1021	910015
1022	912943
1023	913814
1024	914279
1025	915071
1026	915806
1027	916083
1028	916248
1029	919153
1030	920859
1031	921574
1032	922015
1033	923169
1034	923371
1035	925474
1036	926260
1037	926934
1038	928661
1039	928755
1040	931051
1041	932333
1042	932581
1043	932912
1044	933006
1045	933796
1046	934018
1047	934974
1048	936135
1049	939039
1050	939316
1051	939577
1052	941057
1053	941066
1054	942514
1055	942520
1056	943066
1057	943701
1058	943959
1059	945641
1060	946227
1061	949160
1062	950375
1063	951227
1064	952358
1065	952973
1066	952974
1067	953664
1068	954517
1069	954653
1070	954716
1071	955091
1072	955838
1073	957611
1074	958726
1075	959049
1076	959491
1077	959567
1078	960516
1079	962163
1080	962740
1081	962965
1082	964755
1083	965272
1084	966461
1085	967897
1086	968510
1087	968810
1088	969941
1089	971021
1090	971149
1091	971637
1092	971651
1093	972066
1094	972931
1095	977532
1096	980090
1097	981560
1098	981865
1099	982024
1100	982779
1101	983646
1102	984423
1103	985178
1104	985610
1105	986402
1106	987130
1107	987302
1108	988608
1109	989580
1110	989619
1111	989878
1112	990057
1113	990670
1114	991673
1115	992041
1116	993237
1117	993852
1118	993857
1119	993971
1120	994627
1121	994836
1122	997379
1123	997396
1124	997879
1125	998089
1126	1001193
1127	1002004
1128	1002036
1129	1002054
1130	1002086
1131	1006873
1132	1007223
1133	1007350
1134	1007656
1135	1008106
1136	1008501
1137	1008537
1138	1008784
1139	1009044
1140	1009994
1141	1010657
1142	1011861
1143	1012373
1144	1014095
1145	1014685
1146	1016039
1147	1016345
1148	1016439
1149	1016448
1150	1016502
1151	1017326
1152	1018370
1153	1022778
1154	1023664
1155	1024526
1156	1025339
1157	1026393
1158	1026479
1159	1026887
1160	1028851
1161	1029822
1162	1030253
1163	1030883
1164	1030884
1165	1030938
1166	1031293
1167	1032223
1168	1032386
1169	1034566
1170	1035027
1171	1035897
1172	1039005
1173	1039559
1174	1039650
1175	1039675
1176	1040111
1177	1040816
1178	1041082
1179	1041357
1180	1042905
1181	1043311
1182	1043609
1183	1043838
1184	1044187
1185	1045076
1186	1045241
1187	1045740
1188	1049093
1189	1049877
1190	1050364
1191	1052123
1192	1053451
1193	1053453
1194	1055452
1195	1059466
1196	1059564
1197	1064137
1198	1064401
1199	1064919
1200	1064922
1201	1065613
1202	1065716
1203	1065730
1204	1065876
1205	1065900
1206	1065903
1207	1065936
1208	1066515
1209	1066533
1210	1066808
1211	1066924
1212	1067040
1213	1067538
1214	1067597
1215	1067797
1216	1068284
1217	1068641
1218	1068681
1219	1068857
1220	1068929
1221	1069058
1222	1070109
1223	1070205
1224	1070485
1225	1070554
1226	1072061
1227	1073821
1228	1074238
1229	1074260
1230	1074555
1231	1077552
1232	1078247
1233	1080127
1234	1080521
1235	1080812
1236	1080829
1237	1080832
1238	1081055
1239	1083076
1240	1083648
1241	1085609
1242	1085754
1243	1086631
1244	1087440
1245	1087455
1246	1087792
1247	1088791
1248	1089310
1249	1089513
1250	1089809
1251	1090166
1252	1091302
1253	1092338
1254	1092462
1255	1093273
1256	1093648
1257	1093969
1258	1095912
1259	1096780
1260	1097121
1261	1098029
1262	1098442
1263	1099833
1264	1100259
1265	1100362
1266	1100722
1267	1100851
1268	1101876
1269	1102416
1270	1103704
1271	1104114
1272	1104725
1273	1109587
1274	1109710
1275	1109956
1276	1111497
1277	1112192
1278	1112425
1279	1112923
1280	1113314
1281	1113881
1282	1114851
1283	1115139
1284	1115149
1285	1115893
1286	1116965
1287	1117201
1288	1117471
1289	1117472
1290	1117880
1291	1118490
1292	1119029
1293	1119870
1294	1119957
1295	1120014
1296	1120154
1297	1120755
1298	1120792
1299	1121626
1300	1122354
1301	1122413
1302	1122933
1303	1123619
1304	1124995
1305	1125717
1306	1125812
1307	1127783
1308	1128404
1309	1128405
1310	1128627
1311	1128911
1312	1129073
1313	1129311
1314	1130160
1315	1131768
1316	1131877
1317	1132206
1318	1132304
1319	1132787
1320	1133024
1321	1133260
1322	1134009
1323	1134057
1324	1134299
1325	1134348
1326	1134569
1327	1134809
1328	1135236
1329	1135844
1330	1137092
1331	1137421
1332	1137536
1333	1138184
1334	1139766
1335	1142713
1336	1143112
1337	1143825
1338	1144803
1339	1145163
1340	1146757
1341	1148062
1342	1148557
1343	1150056
1344	1151065
1345	1151675
1346	1152216
1347	1153329
1348	1154413
1349	1154861
1350	1154929
1351	1155289
1352	1156474
1353	1157891
1354	1158750
1355	1160611
1356	1160830
1357	1162103
1358	1163591
1359	1164077
1360	1165197
1361	1165734
1362	1166431
1363	1166537
1364	1167601
1365	1171983
1366	1175225
1367	1175477
1368	1176635
1369	1178194
1370	1178657
1371	1179295
1372	1183596
1373	1183894
1374	1185309
1375	1191765
1376	1192297
1377	1193401
1378	1193522
1379	1193678
1380	1195659
1381	1195839
1382	1197647
1383	1197840
1384	1198251
1385	1198558
1386	1199049
1387	1200207
1388	1200782
1389	1200890
1390	1200918
1391	1203758
1392	1204204
1393	1204577
1394	1205167
1395	1206308
1396	1207488
1397	1208338
1398	1208814
1399	1208924
1400	1209999
1401	1210442
1402	1210851
1403	1212071
1404	1212837
1405	1214953
1406	1215002
1407	1215489
1408	1215706
1409	1217610
1410	1220536
1411	1220794
1412	1221088
1413	1221237
1414	1221709
1415	1222177
1416	1222778
1417	1223334
1418	1223452
1419	1224037
1420	1224449
1421	1225054
1422	1225855
1423	1225998
1424	1226116
1425	1226657
1426	1226678
1427	1227723
1428	1227731
1429	1228545
1430	1229702
1431	1230153
1432	1230857
1433	1230967
1434	1231141
1435	1233107
1436	1233286
1437	1233731
1438	1234153
1439	1234466
1440	1234784
1441	1234789
1442	1234816
1443	1234838
1444	1234865
1445	1235015
1446	1235329
1447	1236097
1448	1236339
1449	1236955
1450	1236990
1451	1237156
1452	1237169
1453	1239556
1454	1240099
1455	1240884
1456	1240932
1457	1240947
1458	1240948
1459	1242191
1460	1242483
1461	1243861
1462	1245005
1463	1245135
1464	1245467
1465	1245777
1466	1245826
1467	1246008
1468	1246676
1469	1246858
1470	1248709
1471	1248829
1472	1250016
1473	1250192
1474	1250488
1475	1250774
1476	1252144
1477	1253163
1478	1253851
1479	1256326
1480	1258916
1481	1260550
1482	1260891
1483	1261694
1484	1263265
1485	1263470
1486	1263503
1487	1264539
1488	1265348
1489	1265744
1490	1266372
1491	1266481
1492	1268562
1493	1269880
1494	1270369
1495	1271590
1496	1272004
1497	1272252
1498	1272681
1499	1273280
1500	1273721
1501	1276081
1502	1276389
1503	1278342
1504	1279815
1505	1281555
1506	1281976
1507	1282186
1508	1282657
1509	1283863
1510	1284164
1511	1284690
1512	1284990
1513	1285318
1514	1287003
1515	1287025
1516	1287855
1517	1288342
1518	1338593
1519	1338608
1520	1338675
1521	1338679
1522	1338686
1523	1338696
1524	1338704
1525	1338917
1526	1339269
1527	1340824
1528	1342484
1529	1344096
1530	1346167
1531	1347677
1532	1349544
1533	1352239
1534	1352242
1535	1352356
1536	1353114
1537	1353140
1538	1353494
1539	1353968
1540	1355605
1541	1356228
1542	1358561
1543	1360109
1544	1360786
1545	1363025
1546	1364763
1547	1364949
1548	1364962
1549	1367338
1550	1367380
1551	1367454
1552	1368014
1553	1368501
1554	1368759
1555	1371031
1556	1371270
1557	1371354
1558	1372174
1559	1372356
1560	1372366
1561	1372444
1562	1372491
1563	1372518
1564	1372521
1565	1372708
1566	1372804
1567	1372840
1568	1372848
1569	1372899
1570	1374026
1571	1374106
1572	1374395
1573	1376139
1574	1377175
1575	1377442
1576	1377455
1577	1377463
1578	1377902
1579	1378233
1580	1378356
1581	1378432
1582	1379259
1583	1380684
1584	1380757
1585	1382282
1586	1382588
1587	1382945
1588	1382954
1589	1383869
1590	1384691
1591	1385641
1592	1386031
1593	1386507
1594	1387814
1595	1388243
1596	1389228
1597	1390065
1598	1390549
1599	1390682
1600	1390752
1601	1391085
1602	1392077
1603	1392436
1604	1392594
1605	1392734
1606	1393614
1607	1394366
1608	1394761
1609	1395672
1610	1396112
1611	1396769
1612	1397230
1613	1400641
1614	1400642
1615	1401143
1616	1402041
1617	1402554
1618	1404857
1619	1405862
1620	1409949
1621	1410394
1622	1411271
1623	1411629
1624	1412148
1625	1412493
1626	1413209
1627	1413601
1628	1414107
1629	1415837
1630	1416707
1631	1417707
1632	1417984
1633	1418958
1634	1419153
1635	1419596
1636	1420071
1637	1421203
1638	1422810
1639	1423377
1640	1423950
1641	1424139
1642	1424798
1643	1425900
1644	1426456
1645	1430798
1646	1430824
1647	1431472
1648	1431591
1649	1432752
1650	1433275
1651	1433720
1652	1434617
1653	1436542
1654	1437146
1655	1437154
1656	1437628
1657	1437641
1658	1437711
1659	1437728
1660	1437792
1661	1437861
1662	1437893
1663	1437917
1664	1437938
1665	1437989
1666	1438043
1667	1438055
1668	1438076
1669	1438083
1670	1438110
1671	1438172
1672	1438177
1673	1438189
1674	1438190
1675	1438224
1676	1438266
1677	1438304
1678	1438305
1679	1438307
1680	1438312
1681	1438477
1682	1439312
1683	1439437
1684	1439463
1685	1439508
1686	1439570
1687	1439680
1688	1439737
1689	1439739
1690	1439745
1691	1439749
1692	1440495
1693	1440991
1694	1441395
1695	1442515
1696	1443568
1697	1443893
1698	1444651
1699	1445693
1700	1445982
1701	1446252
1702	1446367
1703	1446623
1704	1447458
1705	1450418
1706	1451875
1707	1453387
1708	1453616
1709	1454001
1710	1454422
1711	1455039
1712	1455117
1713	1455710
1714	1456314
1715	1456562
1716	1456732
1717	1457391
1718	1457865
1719	1460131
1720	1461448
1721	1461897
1722	1462263
1723	1462316
1724	1462790
1725	1462877
1726	1462882
1727	1463286
1728	1464911
1729	1464925
1730	1464952
1731	1464953
1732	1465575
1733	1466517
1734	1467223
1735	1467871
1736	1468027
1737	1468958
1738	1469172
1739	1470935
1740	1471352
1741	1473378
1742	1473753
1743	1474266
1744	1474534
1745	1475467
1746	1478423
1747	1479085
1748	1479255
1749	1479408
1750	1479425
1751	1480065
1752	1480690
1753	1481409
1754	1481636
1755	1481821
1756	1482002
1757	1482767
1758	1482773
1759	1483311
1760	1483427
1761	1483430
1762	1483895
1763	1483995
1764	1486480
1765	1486499
1766	1486551
1767	1486645
1768	1486649
1769	1486687
1770	1487188
1771	1488770
1772	1489102
1773	1489504
1774	1489545
1775	1490453
1776	1491428
1777	1491590
1778	1491611
1779	1492346
1780	1493204
1781	1494361
1782	1495497
1783	1495521
1784	1496714
1785	1499042
1786	1500215
1787	1500979
1788	1501040
1789	1501094
1790	1501589
1791	1501903
1792	1502401
1793	1502589
1794	1503202
1795	1503326
1796	1503856
1797	1504733
1798	1504912
1799	1506248
1800	1506692
1801	1508341
1802	1509291
1803	1509341
1804	1509434
1805	1509620
1806	1511579
1807	1512250
1808	1512986
1809	1514959
1810	1514994
1811	1516362
1812	1517257
1813	1517610
1814	1517612
1815	1517669
1816	1520525
1817	1521323
1818	1522309
1819	1522348
1820	1522696
1821	1523574
1822	1524877
1823	1525829
1824	1526690
1825	1526708
1826	1527013
1827	1527438
1828	1528028
1829	1528614
1830	1529238
1831	1529462
1832	1530246
1833	1530288
1834	1530640
1835	1530971
1836	1531429
1837	1531779
1838	1532614
1839	1535840
1840	1537636
1841	1537763
1842	1537814
1843	1538296
1844	1538387
1845	1538976
1846	1539894
1847	1541368
1848	1541636
1849	1541822
1850	1542192
1851	1542193
1852	1542569
1853	1544254
1854	1544255
1855	1544256
1856	1544763
1857	1545345
1858	1546435
1859	1547139
1860	1547148
1861	1547476
1862	1547687
1863	1548413
1864	1548474
1865	1549004
1866	1549192
1867	1549337
1868	1553258
1869	1553519
1870	1553671
1871	1554726
1872	1555122
1873	1555143
1874	1555819
1875	1555930
1876	1558852
1877	1559497
1878	1560068
1879	1560200
1880	1561668
1881	1561789
1882	1562253
1883	1562274
1884	1562560
1885	1562859
1886	1564486
1887	1564599
1888	1565242
1889	1565464
1890	1565696
1891	1566311
1892	1566642
1893	1569041
1894	1570217
1895	1571308
1896	1571817
1897	1572047
1898	1572817
1899	1573106
1900	1573179
1901	1575232
1902	1575421
1903	1575684
1904	1575897
1905	1575926
1906	1577692
1907	1578636
1908	1579118
1909	1579233
1910	1579601
1911	1581153
1912	1581455
1913	1581528
1914	1581978
1915	1582069
1916	1582407
1917	1583287
1918	1584469
1919	1584487
1920	1584656
1921	1584792
1922	1585677
1923	1588443
1924	1588897
1925	1589034
1926	1589078
1927	1589734
1928	1589746
1929	1590224
1930	1591010
1931	1592920
1932	1593099
1933	1594089
1934	1595383
1935	1595511
1936	1596065
1937	1596644
1938	1598238
1939	1598706
1940	1600876
1941	1601879
1942	1602375
1943	1602744
1944	1602977
1945	1603318
1946	1603538
1947	1604739
1948	1604812
1949	1607365
1950	1607472
1951	1608534
1952	1609334
1953	1609732
1954	1610434
1955	1611552
1956	1611907
1957	1612270
1958	1612634
1959	1612739
1960	1612855
1961	1613035
1962	1613279
1963	1613743
1964	1614040
1965	1615480
1966	1617075
1967	1619466
1968	1619765
1969	1619841
1970	1620362
1971	1621657
1972	1621835
1973	1623275
1974	1623276
1975	1623655
1976	1623669
1977	1623698
1978	1626753
1979	1629601
1980	1630580
1981	1631128
1982	1632340
1983	1632986
1984	1633735
1985	1636269
1986	1636954
1987	1637295
1988	1639205
1989	1639213
1990	1641070
1991	1642300
1992	1642893
1993	1642915
1994	1644397
1995	1645389
1996	1647197
1997	1649195
1998	1649265
1999	1650873
2000	1651723
2001	1652276
2002	1652543
2003	1654388
2004	1655208
2005	1655593
2006	1655913
2007	1656677
2008	1657067
2009	1657267
2010	1658327
2011	1658473
2012	1658482
2013	1660927
2014	1661274
2015	1661604
2016	1661822
2017	1661985
2018	1664843
2019	1665201
2020	1665906
2021	1666147
2022	1668198
2023	1668829
2024	1668867
2025	1669049
2026	1669510
2027	1670774
2028	1671001
2029	1671192
2030	1672308
2031	1672338
2032	1672344
2033	1672359
2034	1672679
2035	1673298
2036	1674662
2037	1675160
2038	1675277
2039	1675647
2040	1676025
2041	1676297
2042	1676336
2043	1677978
2044	1681203
2045	1682125
2046	1682136
2047	1682480
2048	1683896
2049	1683927
2050	1685925
2051	1686064
2052	1686238
2053	1686928
2054	1687005
2055	1687397
2056	1688572
2057	1689449
2058	1690393
2059	1691431
2060	1692618
2061	1693945
2062	1694367
2063	1695022
2064	1695129
2065	1696442
2066	1698194
2067	1699562
2068	1699563
2069	1700750
2070	1701591
2071	1702093
2072	1702658
2073	1704483
2074	1704665
2075	1707832
2076	1708659
2077	1708970
2078	1710033
2079	1710382
2080	1711898
2081	1711924
2082	1712375
2083	1712804
2084	1713015
2085	1713494
2086	1715488
2087	1716074
2088	1716585
2089	1716587
2090	1716664
2091	1717148
2092	1718737
2093	1719306
2094	1719837
2095	1720241
2096	1720462
2097	1720655
2098	1720797
2099	1721204
2100	1722085
2101	1722934
2102	1722963
2103	1723112
2104	1723710
2105	1724207
2106	1724268
2107	1724699
2108	1724981
2109	1725565
2110	1725766
2111	1726295
2112	1726975
2113	1728077
2114	1728715
2115	1729151
2116	1730728
2117	1730885
2118	1735651
2119	1737042
2120	1737318
2121	1739322
2122	1740552
2123	1741473
2124	1741955
2125	1742485
2126	1743074
2127	1743525
2128	1743532
2129	1743788
2130	1745182
2131	1746961
2132	1747609
2133	1747830
2134	1747928
2135	1748154
2136	1748264
2137	1749377
2138	1749976
2139	1750008
2140	1750085
2141	1750912
2142	1751734
2143	1752000
2144	1752385
2145	1752916
2146	1753290
2147	1754446
2148	1756187
2149	1756189
2150	1756225
2151	1757079
2152	1757208
2153	1757996
2154	1761704
2155	1761881
2156	1762312
2157	1762352
2158	1763848
2159	1765314
2160	1766380
2161	1766466
2162	1766605
2163	1766651
2164	1767447
2165	1767551
2166	1768212
2167	1769163
2168	1769222
2169	1770070
2170	1770194
2171	1771056
2172	1772342
2173	1772907
2174	1773485
2175	1774328
2176	1774993
2177	1775541
2178	1777397
2179	1777867
2180	1777987
2181	1778311
2182	1779411
2183	1783534
2184	1785332
2185	1785429
2186	1789048
2187	1789049
2188	1789452
2189	1790753
2190	1806866
2191	1806869
2192	1808458
2193	1808608
2194	1808611
2195	1808745
2196	1809185
2197	1810488
2198	1810500
2199	1810870
2200	1811250
2201	1812189
2202	1812216
2203	1813133
2204	1813462
2205	1814351
2206	1815234
2207	1815786
2208	1816779
2209	1816837
2210	1817333
2211	1817846
2212	1818294
2213	1818728
2214	1818938
2215	1820925
2216	1821300
2217	1821414
2218	1823532
2219	1824536
2220	1824790
2221	1824881
2222	1825312
2223	1825656
2224	1826287
2225	1827626
2226	1828270
2227	1828572
2228	1829345
2229	1830815
2230	1831071
2231	1833568
2232	1833970
2233	1835257
2234	1835623
2235	1836249
2236	1836289
2237	1836429
2238	1838149
2239	1838572
2240	1838595
2241	1838892
2242	1840644
2243	1841301
2244	1841376
2245	1841403
2246	1841788
2247	1841890
2248	1842990
2249	1844591
2250	1844804
2251	1845145
2252	1845603
2253	1846494
2254	1846636
2255	1847003
2256	1847318
2257	1848522
2258	1848759
2259	1849655
2260	1849760
2261	1850577
2262	1850578
2263	1850684
2264	1851609
2265	1851958
2266	1853483
2267	1854646
2268	1855076
2269	1855660
2270	1855709
2271	1855815
2272	1856164
2273	1856508
2274	1856729
2275	1857014
2276	1857212
2277	1857372
2278	1857914
2279	1857950
2280	1857951
2281	1857986
2282	1859795
2283	1860920
2284	1862759
2285	1863651
2286	1864225
2287	1864246
2288	1864480
2289	1865645
2290	1865808
2291	1865982
2292	1866244
2293	1866713
2294	1867064
2295	1869024
2296	1869814
2297	1870359
2298	1870476
2299	1872304
2300	1872347
2301	1872563
2302	1872675
2303	1874193
2304	1876181
2305	1876610
2306	1876688
2307	1876980
2308	1877097
2309	1877318
2310	1877375
2311	1877812
2312	1877914
2313	1878926
2314	1879375
2315	1882575
2316	1882618
2317	1882962
2318	1883310
2319	1883506
2320	1884338
2321	1884585
2322	1885086
2323	1887060
2324	1887576
2325	1888175
2326	1888446
2327	1890055
2328	1890308
2329	1890326
2330	1892482
2331	1895289
2332	1896508
2333	1897120
2334	1897925
2335	1899115
2336	1899342
2337	1900123
2338	1902916
2339	1903551
2340	1904338
2341	1904441
2342	1904832
2343	1904967
2344	1905113
2345	1905292
2346	1905497
2347	1905501
2348	1905523
2349	1905573
2350	1906454
2351	1907343
2352	1907461
2353	1907804
2354	1908100
2355	1909226
2356	1910803
2357	1910851
2358	1911276
2359	1911989
2360	1915552
2361	1917126
2362	1917728
2363	1917858
2364	1918209
2365	1918353
2366	1918369
2367	1920559
2368	1921823
2369	1922020
2370	1923791
2371	1923794
2372	1924673
2373	1925484
2374	1925844
2375	1926636
2376	1929825
2377	1930701
2378	1930737
2379	1932014
2380	1932141
2381	1933393
2382	1934728
2383	1934931
2384	1936182
2385	1936184
2386	1936272
2387	1936273
2388	1936806
2389	1936970
2390	1937347
2391	1937348
2392	1938291
2393	1940737
2394	1942120
2395	1942321
2396	1943381
2397	1943495
2398	1944198
2399	1944742
2400	1946091
2401	1946342
2402	1947041
2403	1947111
2404	1947224
2405	1948920
2406	1949298
2407	1950369
2408	1950985
2409	1952938
2410	1953162
2411	1953211
2412	1953538
2413	1953540
2414	1954362
2415	1955212
2416	1955618
2417	1956932
2418	1958225
2419	1958520
2420	1958541
2421	1958544
2422	1960090
2423	1960340
2424	1960782
2425	1961411
2426	1961796
2427	1961866
2428	1963080
2429	1963246
2430	1963311
2431	1963843
2432	1964548
2433	1965200
2434	1965533
2435	1965641
2436	1965643
2437	1965675
2438	1966139
2439	1966463
2440	1966802
2441	1966912
2442	1967125
2443	1967916
2444	1967950
2445	1968044
2446	1968572
2447	1968911
2448	1969364
2449	1970032
2450	1970423
2451	1972205
2452	1972630
2453	1972852
2454	1974416
2455	1974422
2456	1974963
2457	1979353
2458	1980032
2459	1980950
2460	1981033
2461	1981796
2462	1982004
2463	1982320
2464	1982683
2465	1982844
2466	1983308
2467	1984795
2468	1985043
2469	1986769
2470	1987042
2471	1987631
2472	1988204
2473	1988799
2474	1989566
2475	1989923
2476	1989934
2477	1991091
2478	1991565
2479	1991649
2480	1991844
2481	1993402
2482	1993550
2483	1993723
2484	1994119
2485	1995629
2486	1996018
2487	1996100
2488	1996512
2489	1996601
2490	1996647
2491	1997929
2492	1998597
2493	1998873
2494	1998874
2495	1999547
2496	2000852
2497	2000889
2498	2001391
2499	2001752
2500	2001910
2501	2002074
2502	2002298
2503	2002994
2504	2003851
2505	2003897
2506	2005571
2507	2008361
2508	2008890
2509	2008948
2510	2009839
2511	2011808
2512	2011913
2513	2012478
2514	2013500
2515	2013516
2516	2014150
2517	2014890
2518	2015314
2519	2016080
2520	2016124
2521	2016185
2522	2017518
2523	2018129
2524	2018734
2525	2018891
2526	2019296
2527	2019455
2528	2020196
2529	2020347
2530	2021301
2531	2021609
2532	2023305
2533	2024163
2534	2025690
2535	2026044
2536	2026671
2537	2027061
2538	2027271
2539	2028933
2540	2028969
2541	2029427
2542	2029625
2543	2030351
2544	2030436
2545	2030609
2546	2030629
2547	2030660
2548	2030851
2549	2030956
2550	2031835
2551	2031986
2552	2031996
2553	2032311
2554	2032338
2555	2032674
2556	2033298
2557	2033567
2558	2035063
2559	2035779
2560	2035819
2561	2036940
2562	2037544
2563	2038280
2564	2038444
2565	2040717
2566	2041153
2567	2042239
2568	2043279
2569	2044938
2570	2045037
2571	2045291
2572	2047471
2573	2048173
2574	2048782
2575	2049093
2576	2050640
2577	2050651
2578	2050687
2579	2050716
2580	2052318
2581	2054631
2582	2054889
2583	2055529
2584	2058733
2585	2059138
2586	2060991
2587	2061436
2588	2061477
2589	2061682
2590	2062784
2591	2063225
2592	2064207
2593	2071390
2594	2072488
2595	2074850
2596	2075365
2597	2075565
2598	2076378
2599	2076619
2600	2077114
2601	2077578
2602	2077587
2603	2077667
2604	2077827
2605	2077888
2606	2078557
2607	2078701
2608	2079712
2609	2081399
2610	2081400
2611	2082048
2612	2082720
2613	2083058
2614	2084160
2615	2084779
2616	2085704
2617	2085938
2618	2086507
2619	2086729
2620	2087283
2621	2088004
2622	2088835
2623	2089951
2624	2090127
2625	2090217
2626	2090319
2627	2090646
2628	2090953
2629	2091442
2630	2091559
2631	2091804
2632	2092506
2633	2092685
2634	2094671
2635	2094877
2636	2094984
2637	2096743
2638	2097212
2639	2097899
2640	2101548
2641	2101601
2642	2102314
2643	2103362
2644	2103471
2645	2104079
2646	2104368
2647	2104491
2648	2104778
2649	2105884
2650	2106478
2651	2107191
2652	2107787
2653	2107819
2654	2108015
2655	2108638
2656	2108673
2657	2108948
2658	2109295
2659	2110081
2660	2113665
2661	2114120
2662	2114460
2663	2116299
2664	2116437
2665	2119822
2666	2119854
2667	2120443
2668	2120748
2669	2121056
2670	2121298
2671	2121591
2672	2122225
2673	2122251
2674	2122847
2675	2122937
2676	2122946
2677	2123190
2678	2123246
2679	2124293
2680	2124430
2681	2124923
2682	2124930
2683	2125636
2684	2125772
2685	2126190
2686	2127098
2687	2127505
2688	2127670
2689	2128204
2690	2128565
2691	2130583
2692	2130659
2693	2131103
2694	2131328
2695	2132138
2696	2132421
2697	2133378
2698	2133559
2699	2133623
2700	2134186
2701	2134323
2702	2135095
2703	2136353
2704	2136654
2705	2136692
2706	2136905
2707	2137986
2708	2139136
2709	2139313
2710	2139515
2711	2139540
2712	2139664
2713	2140106
2714	2140434
2715	2140672
2716	2140962
2717	2141464
2718	2141513
2719	2142078
2720	2144205
2721	2144315
2722	2144436
2723	2144610
2724	2147423
2725	2148196
2726	2148277
2727	2148714
2728	2148899
2729	2149127
2730	2149570
2731	2151702
2732	2151777
2733	2152264
2734	2152806
2735	2153592
2736	2155042
2737	2155303
2738	2155504
2739	2156283
2740	2156506
2741	2156561
2742	2158139
2743	2158867
2744	2160416
2745	2161204
2746	2163317
2747	2164981
2748	2166220
2749	2167299
2750	2167869
2751	2167916
2752	2169157
2753	2170202
2754	2173198
2755	2173533
2756	2173738
2757	2173809
2758	2174204
2759	2175335
2760	2176153
2761	2177048
2762	2178125
2763	2179335
2764	2179716
2765	2180123
2766	2180761
2767	2182439
2768	2182481
2769	2182601
2770	2182667
2771	2182718
2772	2185419
2773	2186237
2774	2187969
2775	2188401
2776	2189491
2777	2189677
2778	2191594
2779	2192183
2780	2193090
2781	2193139
2782	2193334
2783	2194111
2784	2194657
2785	2196351
2786	2196493
2787	2197917
2788	2198637
2789	2198799
2790	2199050
2791	2199125
2792	2199233
2793	2199688
2794	2200149
2795	2200727
2796	2201593
2797	2201641
2798	2202581
2799	2203136
2800	2203178
2801	2203931
2802	2204220
2803	2204680
2804	2204770
2805	2205107
2806	2209231
2807	2211449
2808	2213470
2809	2214003
2810	2214437
2811	2217766
2812	2218038
2813	2218293
2814	2218644
2815	2219079
2816	2219231
2817	2219423
2818	2219694
2819	2219820
2820	2220062
2821	2221185
2822	2222152
2823	2224298
2824	2224901
2825	2225174
2826	2225329
2827	2226557
2828	2227399
2829	2228565
2830	2229843
2831	2231342
2832	2232485
2833	2232536
2834	2233484
2835	2233496
2836	2234674
2837	2236477
2838	2239366
2839	2239961
2840	2240211
2841	2240481
2842	2240531
2843	2241228
2844	2242640
2845	2243926
2846	2244526
2847	2245477
2848	2245747
2849	2246279
2850	2247827
2851	2248125
2852	2248238
2853	2248612
2854	2248944
2855	2249169
2856	2249568
2857	2249799
2858	2250979
2859	2250980
2860	2251832
2861	2251952
2862	2252403
2863	2253462
2864	2253759
2865	2254205
2866	2254624
2867	2255762
2868	2256115
2869	2256299
2870	2257104
2871	2258412
2872	2260679
2873	2262312
2874	2264309
2875	2264369
2876	2266600
2877	2267056
2878	2268117
2879	2268450
2880	2270463
2881	2272901
2882	2273532
2883	2273551
2884	2275263
2885	2275676
2886	2277039
2887	2278187
2888	2278747
2889	2278809
2890	2279650
2891	2280775
2892	2280900
2893	2281748
2894	2282250
2895	2282356
2896	2283170
2897	2286758
2898	2288188
2899	2290307
2900	2291595
2901	2291770
2902	2292386
2903	2292811
2904	2292956
2905	2293327
2906	2293726
2907	2293732
2908	2293742
2909	2293854
2910	2293887
2911	2293911
2912	2293919
2913	2294001
2914	2294014
2915	2294082
2916	2294094
2917	2294103
2918	2295012
2919	2295021
2920	2295920
2921	2296275
2922	2296694
2923	2296794
2924	2297527
2925	2298264
2926	2298720
2927	2299787
2928	2300887
2929	2302966
2930	2303510
2931	2304792
2932	2305038
2933	2305072
2934	2305333
2935	2307473
2936	2309198
2937	2310164
2938	2310558
2939	2310623
2940	2310737
2941	2313459
2942	2313790
2943	2314110
2944	2314397
2945	2314769
2946	2314782
2947	2315659
2948	2316778
2949	2316784
2950	2316829
2951	2317020
2952	2317479
2953	2317836
2954	2319015
2955	2319024
2956	2321499
2957	2322701
2958	2322706
2959	2324620
2960	2324623
2961	2324648
2962	2325217
2963	2325592
2964	2325596
2965	2326367
2966	2328855
2967	2328880
2968	2328896
2969	2329969
2970	2331259
2971	2331991
2972	2332462
2973	2333129
2974	2333390
2975	2333577
2976	2334148
2977	2334250
2978	2334563
2979	2335519
2980	2337164
2981	2337466
2982	2337516
2983	2337569
2984	2338722
2985	2338815
2986	2338875
2987	2338881
2988	2339100
2989	2339192
2990	2339219
2991	2339345
2992	2339405
2993	2339462
2994	2339658
2995	2339663
2996	2339681
2997	2339699
2998	2339726
2999	2339758
3000	2339798
3001	2339804
3002	2340003
3003	2340279
3004	2340416
3005	2340435
3006	2340610
3007	2340613
3008	2340842
3009	2340873
3010	2342036
3011	2342587
3012	2343094
3013	2343416
3014	2343765
3015	2343976
3016	2344118
3017	2345011
3018	2345386
3019	2345667
3020	2346139
3021	2347173
3022	2347349
3023	2347765
3024	2347933
3025	2348671
3026	2348867
3027	2349477
3028	2349658
3029	2350853
3030	2351874
3031	2352195
3032	2353309
3033	2354123
3034	2354597
3035	2355895
3036	2356672
3037	2356728
3038	2356889
3039	2359138
3040	2359578
3041	2359798
3042	2361172
3043	2361736
3044	2362159
3045	2362572
3046	2362626
3047	2362771
3048	2364522
3049	2364613
3050	2366001
3051	2368742
3052	2368953
3053	2368971
3054	2370370
3055	2370868
3056	2371548
3057	2372059
3058	2372595
3059	2373014
3060	2373345
3061	2374583
3062	2375152
3063	2376070
3064	2376075
3065	2376991
3066	2377160
3067	2377739
3068	2377795
3069	2378022
3070	2378171
3071	2378512
3072	2380727
3073	2380811
3074	2380933
3075	2381169
3076	2382055
3077	2382207
3078	2382780
3079	2382812
3080	2383731
3081	2384585
3082	2384772
3083	2386535
3084	2386862
3085	2386948
3086	2387197
3087	2387440
3088	2388083
3089	2388834
3090	2390111
3091	2391377
3092	2391517
3093	2393672
3094	2393841
3095	2396547
3096	2397561
3097	2398939
3098	2399201
3099	2399503
3100	2399951
3101	2399962
3102	2400495
3103	2400579
3104	2401055
3105	2401110
3106	2401814
3107	2402206
3108	2402436
3109	2402975
3110	2403706
3111	2404148
3112	2404558
3113	2406043
3114	2406989
3115	2408171
3116	2409261
3117	2410003
3118	2410998
3119	2411615
3120	2411803
3121	2412224
3122	2412849
3123	2413513
3124	2414659
3125	2415503
3126	2419154
3127	2419629
3128	2419769
3129	2420157
3130	2421022
3131	2422132
3132	2422410
3133	2423464
3134	2423588
3135	2424481
3136	2425734
3137	2427289
3138	2427292
3139	2427644
3140	2427905
3141	2429089
3142	2429404
3143	2429608
3144	2431313
3145	2431364
3146	2433346
3147	2433858
3148	2437404
3149	2437837
3150	2438583
3151	2439013
3152	2439343
3153	2440607
3154	2440677
3155	2440687
3156	2443688
3157	2445014
3158	2445999
3159	2446738
3160	2447343
3161	2447851
3162	2448693
3163	2452246
3164	2452721
3165	2452856
3166	2452958
3167	2454701
3168	2458548
3169	2459561
3170	2459813
3171	2460131
3172	2460192
3173	2460771
3174	2461271
3175	2461289
3176	2461444
3177	2461573
3178	2461773
3179	2461811
3180	2461987
3181	2464329
3182	2466376
3183	2466399
3184	2466843
3185	2467754
3186	2468140
3187	2470847
3188	2471019
3189	2472772
3190	2473739
3191	2473747
3192	2474046
3193	2474086
3194	2475333
3195	2475568
3196	2478134
3197	2478303
3198	2478460
3199	2478713
3200	2479148
3201	2479741
3202	2479770
3203	2479951
3204	2480151
3205	2480201
3206	2480862
3207	2481052
3208	2481512
3209	2481863
3210	2482140
3211	2482453
3212	2483194
3213	2483277
3214	2483281
3215	2483282
3216	2483284
3217	2483343
3218	2483373
3219	2483526
3220	2483548
3221	2483572
3222	2483575
3223	2484005
3224	2484111
3225	2485126
3226	2485873
3227	2485875
3228	2487205
3229	2487498
3230	2487504
3231	2487517
3232	2487577
3233	2487645
3234	2488719
3235	2488909
3236	2488919
3237	2488977
3238	2488978
3239	2489182
3240	2490232
3241	2492049
3242	2492556
3243	2492913
3244	2493016
3245	2494122
3246	2494149
3247	2496329
3248	2497167
3249	2497659
3250	2498002
3251	2499982
3252	2500125
3253	2500482
3254	2500648
3255	2500697
3256	2504247
3257	2504720
3258	2505695
3259	2505865
3260	2506064
3261	2506961
3262	2507054
3263	2508325
3264	2508757
3265	2508954
3266	2509218
3267	2509279
3268	2509314
3269	2509341
3270	2510010
3271	2510098
3272	2510192
3273	2510772
3274	2510971
3275	2511744
3276	2512354
3277	2512937
3278	2513455
3279	2513682
3280	2514621
3281	2516347
3282	2516353
3283	2517676
3284	2518460
3285	2519305
3286	2520024
3287	2520657
3288	2521103
3289	2521327
3290	2521339
3291	2521732
3292	2521744
3293	2521822
3294	2521846
3295	2522093
3296	2522174
3297	2522202
3298	2522416
3299	2522545
3300	2522996
3301	2523124
3302	2523302
3303	2523381
3304	2523385
3305	2523460
3306	2523493
3307	2523631
3308	2523784
3309	2523821
3310	2524195
3311	2524216
3312	2524284
3313	2524783
3314	2525676
3315	2526045
3316	2526317
3317	2526461
3318	2526466
3319	2527739
3320	2527895
3321	2528314
3322	2530032
3323	2530529
3324	2531270
3325	2531450
3326	2532517
3327	2532751
3328	2533382
3329	2533697
3330	2535872
3331	2536511
3332	2536706
3333	2536711
3334	2537257
3335	2537852
3336	2538480
3337	2538789
3338	2538803
3339	2539654
3340	2540345
3341	2540913
3342	2540981
3343	2541222
3344	2541238
3345	2541317
3346	2542197
3347	2542269
3348	2542413
3349	2542997
3350	2543563
3351	2544837
3352	2545008
3353	2545193
3354	2545845
3355	2546339
3356	2546394
3357	2546477
3358	2546698
3359	2546808
3360	2546844
3361	2546967
3362	2547237
3363	2547306
3364	2547876
3365	2547911
3366	2548082
3367	2550363
3368	2550375
3369	2550512
3370	2552239
3371	2553860
3372	2555581
3373	2555960
3374	2557617
3375	2557764
3376	2558482
3377	2558850
3378	2559554
3379	2559684
3380	2560273
3381	2563222
3382	2563248
3383	2563465
3384	2563953
3385	2564078
3386	2564189
3387	2565293
3388	2565329
3389	2569156
3390	2569410
3391	2570004
3392	2570043
3393	2570228
3394	2571162
3395	2571577
3396	2572005
3397	2572661
3398	2573621
3399	2574565
3400	2575508
3401	2575673
3402	2575706
3403	2575806
3404	2576780
3405	2577110
3406	2577171
3407	2577517
3408	2577675
3409	2578029
3410	2578179
3411	2578193
3412	2578902
3413	2580937
3414	2581623
3415	2581957
3416	2582007
3417	2582055
3418	2582070
3419	2582080
3420	2582082
3421	2582084
3422	2582085
3423	2582107
3424	2583133
3425	2583523
3426	2584095
3427	2585044
3428	2585244
3429	2587548
3430	2587803
3431	2587984
3432	2587987
3433	2589611
3434	2590345
3435	2590444
3436	2590518
3437	2590664
3438	2590736
3439	2591210
3440	2591410
3441	2591601
3442	2591897
3443	2592495
3444	2593080
3445	2593399
3446	2593530
3447	2594261
3448	2594772
3449	2594809
3450	2594952
3451	2595159
3452	2595392
3453	2595615
3454	2596201
3455	2596455
3456	2596606
3457	2597778
3458	2598456
3459	2598575
3460	2598901
3461	2599879
3462	2599992
3463	2600857
3464	2601108
3465	2601254
3466	2601673
3467	2601936
3468	2602039
3469	2603622
3470	2603857
3471	2603865
3472	2604006
3473	2604080
3474	2604735
3475	2605522
3476	2606227
3477	2606586
3478	2607266
3479	2608787
3480	2608806
3481	2609036
3482	2609402
3483	2609764
3484	2612656
3485	2612852
3486	2612902
3487	2614470
3488	2614642
3489	2615989
3490	2616149
3491	2616574
3492	2616609
3493	2616615
3494	2616687
3495	2618202
3496	2619110
3497	2620125
3498	2620634
3499	2621311
3500	2621465
3501	2621606
3502	2622022
3503	2622078
3504	2622129
3505	2622764
3506	2623016
3507	2624251
3508	2624580
3509	2624763
3510	2624863
3511	2625884
3512	2626084
3513	2626506
3514	2626616
3515	2629040
3516	2629206
3517	2630746
3518	2632508
3519	2632799
3520	2634032
3521	2634966
3522	2635182
3523	2635222
3524	2635320
3525	2635331
3526	2635676
3527	2636199
3528	2637242
3529	2638421
3530	2638501
3531	2638567
3532	2639364
3533	2641634
3534	2642211
3535	2642920
3536	2643118
3537	2644151
3538	2644203
3539	2645352
3540	2645857
3541	2646458
3542	2647178
3543	2647285
3544	2647520
3545	2649804
3546	2650428
3547	2652371
3548	2652617
3549	2653303
3550	2653432
3551	2653590
3552	2653786
3553	2653867
3554	2654496
3555	2654879
3556	2655270
3557	2655473
3558	2655757
3559	2656479
3560	2656661
3561	2657047
3562	2657829
3563	2658395
3564	2658433
3565	2658553
3566	2660613
3567	2660869
3568	2662174
3569	2662240
3570	2662530
3571	2664032
3572	2664440
3573	2665557
3574	2666072
3575	2666180
3576	2666794
3577	2667213
3578	2667685
3579	2667698
3580	2668699
3581	2668890
3582	2668918
3583	2668960
3584	2668983
3585	2669623
3586	2669659
3587	2670987
3588	2671369
3589	2672109
3590	2673293
3591	2673331
3592	2673371
3593	2673416
3594	2674193
3595	2674684
3596	2675228
3597	2675442
3598	2675480
3599	2676003
3600	2676111
3601	2678416
3602	2679225
3603	2679413
3604	2680426
3605	2680536
3606	2680961
3607	2682199
3608	2682321
3609	2682869
3610	2683953
3611	2685622
3612	2686877
3613	2687853
3614	2687934
3615	2688817
3616	2689763
3617	2689899
3618	2690372
3619	2690604
3620	2692719
3621	2692998
3622	2693686
3623	2694555
3624	2694682
3625	2694790
3626	2695390
3627	2695789
3628	2696068
3629	2696199
3630	2696277
3631	2696446
3632	2697106
3633	2697127
3634	2697562
3635	2698134
3636	2698672
3637	2699180
3638	2699368
3639	2699656
3640	2700963
3641	2701121
3642	2702024
3643	2702753
3644	2703977
3645	2705635
3646	2705671
3647	2707505
3648	2708056
3649	2708749
3650	2709148
3651	2710971
3652	2711204
3653	2711716
3654	2712813
3655	2713388
3656	2713455
3657	2713846
3658	2713992
3659	2714004
3660	2714714
3661	2715234
3662	2715855
3663	2715882
3664	2716855
3665	2718016
3666	2718288
3667	2718646
3668	2719184
3669	2719603
3670	2719851
3671	2720373
3672	2721093
3673	2721100
3674	2721334
3675	2721402
3676	2724424
3677	2726563
3678	2726773
3679	2727886
3680	2729859
3681	2729999
3682	2732380
3683	2735075
3684	2735108
3685	2735836
3686	2736220
3687	2736503
3688	2736716
3689	2736785
3690	2737330
3691	2738656
3692	2738958
3693	2739398
3694	2739697
3695	2740780
3696	2741056
3697	2741839
3698	2742676
3699	2742987
3700	2744389
3701	2745100
3702	2745105
3703	2745856
3704	2746763
3705	2747835
3706	2748433
3707	2748632
3708	2748711
3709	2750172
3710	2751679
3711	2751930
3712	2752085
3713	2752963
3714	2753744
3715	2754912
3716	2754937
3717	2755336
3718	2756024
3719	2756263
3720	2756601
3721	2757228
3722	2758779
3723	2759547
3724	2760006
3725	2760318
3726	2761964
3727	2764796
3728	2765019
3729	2765179
3730	2767292
3731	2767754
3732	2768031
3733	2768266
3734	2768501
3735	2768849
3736	2768856
3737	2769529
3738	2770448
3739	2771848
3740	2772390
3741	2773149
3742	2773276
3743	2773606
3744	2773924
3745	2774585
3746	2774875
3747	2775115
3748	2775300
3749	2776459
3750	2776983
3751	2777868
3752	2779118
3753	2779578
3754	2780039
3755	2780815
3756	2782162
3757	2782334
3758	2782769
3759	2782918
3760	2783219
3761	2783717
3762	2784864
3763	2785034
3764	2785838
3765	2786761
3766	2787466
3767	2788146
3768	2788552
3769	2788557
3770	2788783
3771	2789883
3772	2790330
3773	2791163
3774	2791225
3775	2791503
3776	2791527
3777	2791599
3778	2791937
3779	2792494
3780	2793215
3781	2793432
3782	2793658
3783	2794011
3784	2794358
3785	2794492
3786	2794566
3787	2795166
3788	2795761
3789	2796180
3790	2796286
3791	2796450
3792	2798371
3793	2799218
3794	2799412
3795	2800790
3796	2802018
3797	2802345
3798	2803848
3799	2804105
3800	2804392
3801	2804574
3802	2805141
3803	2805572
3804	2805607
3805	2806273
3806	2806299
3807	2807015
3808	2808845
3809	2810105
3810	2810156
3811	2810209
3812	2810389
3813	2810607
3814	2810737
3815	2811089
3816	2811093
3817	2811263
3818	2811287
3819	2811481
3820	2811949
3821	2812235
3822	2812310
3823	2812443
3824	2812815
3825	2812989
3826	2813082
3827	2813942
3828	2814139
3829	2815903
3830	2816604
3831	2818717
3832	2819296
3833	2819727
3834	2819860
3835	2820521
3836	2821057
3837	2821159
3838	2823249
3839	2823987
3840	2825643
3841	2825773
3842	2826493
3843	2827394
3844	2827625
3845	2827737
3846	2829827
3847	2830341
3848	2832702
3849	2832839
3850	2833035
3851	2833231
3852	2834771
3853	2834929
3854	2836845
3855	2838071
3856	2838247
3857	2838604
3858	2838616
3859	2838693
3860	2839168
3861	2839287
3862	2839480
3863	2839904
3864	2840092
3865	2840172
3866	2840211
3867	2840836
3868	2840843
3869	2841208
3870	2841822
3871	2842937
3872	2842982
3873	2843056
3874	2844464
3875	2844624
3876	2844896
3877	2845042
3878	2845072
3879	2846582
3880	2847045
3881	2848353
3882	2848998
3883	2849297
3884	2850361
3885	2851446
3886	2851555
3887	2852772
3888	2853780
3889	2854302
3890	2854338
3891	2854541
3892	2854645
3893	2856563
3894	2857123
3895	2857502
3896	2857642
3897	2858531
3898	2858841
3899	2859015
3900	2859538
3901	2859591
3902	2859754
3903	2859790
3904	2859982
3905	2860595
3906	2860689
3907	2861558
3908	2862337
3909	2862579
3910	2864106
3911	2864142
3912	2865562
3913	2865629
3914	2865707
3915	2865993
3916	2866800
3917	2868512
3918	2869101
3919	2869405
3920	2869483
3921	2870064
3922	2871222
3923	2872355
3924	2872473
3925	2873459
3926	2874196
3927	2874499
3928	2875065
3929	2875959
3930	2878089
3931	2878519
3932	2880048
3933	2880205
3934	2881163
3935	2882592
3936	2882899
3937	2883159
3938	2883228
3939	2883385
3940	2883527
3941	2883618
3942	2883670
3943	2885803
3944	2885815
3945	2885901
3946	2886389
3947	2886631
3948	2886820
3949	2886867
3950	2886994
3951	2888179
3952	2888402
3953	2888539
3954	2889414
3955	2890008
3956	2890298
3957	2891032
3958	2893362
3959	2893767
3960	2894818
3961	2895219
3962	2895889
3963	2896183
3964	2896403
3965	2897165
3966	2897239
3967	2897728
3968	2897886
3969	2898172
3970	2898228
3971	2898573
3972	2898753
3973	2899190
3974	2902722
3975	2902916
3976	2902947
3977	2905312
3978	2907666
3979	2907929
3980	2908067
3981	2908275
3982	2908331
3983	2910271
3984	2910417
3985	2910852
3986	2911526
3987	2911668
3988	2912037
3989	2914394
3990	2915455
3991	2916047
3992	2916824
3993	2916905
3994	2917082
3995	2917491
3996	2919516
3997	2919517
3998	2920533
3999	2920863
4000	2921218
4001	2921742
4002	2921831
4003	2921941
4004	2922486
4005	2923858
4006	2924931
4007	2925134
4008	2925226
4009	2925731
4010	2926801
4011	2927380
4012	2928132
4013	2928302
4014	2928413
4015	2928577
4016	2928841
4017	2929604
4018	2929701
4019	2929762
4020	2930353
4021	2931626
4022	2932472
4023	2934804
4024	2934812
4025	2934911
4026	2936808
4027	2937251
4028	2937345
4029	2938007
4030	2939296
4031	2939299
4032	2939320
4033	2939638
4034	2939668
4035	2941832
4036	2942221
4037	2942842
4038	2943349
4039	2944299
4040	2945224
4041	2945256
4042	2945636
4043	2945805
4044	2945956
4045	2946064
4046	2946870
4047	2947298
4048	2947597
4049	2948397
4050	2949153
4051	2949929
4052	2951165
4053	2953299
4054	2956735
4055	2957457
4056	2957490
4057	2959175
4058	2959426
4059	2960556
4060	2962152
4061	2962300
4062	2963332
4063	2965685
4064	2967608
4065	2968004
4066	2969332
4067	2971517
4068	2971548
4069	2976860
4070	2977559
4071	2979511
4072	2979648
4073	2979650
4074	2981352
4075	2981707
4076	2982179
4077	2982544
4078	2982616
4079	2982792
4080	2983887
4081	2984058
4082	2984769
4083	2985408
4084	2987391
4085	2987933
4086	2991924
4087	2993528
4088	2993829
4089	2994505
4090	2994894
4091	2995281
4092	2997818
4093	2998488
4094	3000079
4095	3000234
4096	3002185
4097	3002862
4098	3003879
4099	3005342
4100	3005498
4101	3006499
4102	3006640
4103	3006747
4104	3007701
4105	3008772
4106	3008835
4107	3009802
4108	3010606
4109	3010926
4110	3011480
4111	3012420
4112	3012952
4113	3013377
4114	3016414
4115	3016840
4116	3017139
4117	3017175
4118	3017474
4119	3018240
4120	3018956
4121	3023293
4122	3026085
4123	3027049
4124	3027514
4125	3028515
4126	3030382
4127	3032507
4128	3034037
4129	3034648
4130	3034729
4131	3035140
4132	3035404
4133	3035593
4134	3035624
4135	3036514
4136	3036572
4137	3036915
4138	3036940
4139	3037277
4140	3037664
4141	3037956
4142	3038363
4143	3038380
4144	3038486
4145	3038503
4146	3039129
4147	3039202
4148	3040917
4149	3041718
4150	3042607
4151	3043521
4152	3043937
4153	3044818
4154	3044820
4155	3045241
4156	3045740
4157	3045767
4158	3045884
4159	3046798
4160	3050277
4161	3050822
4162	3050960
4163	3051377
4164	3051442
4165	3051702
4166	3052232
4167	3053367
4168	3054019
4169	3054829
4170	3055020
4171	3055162
4172	3055902
4173	3057300
4174	3058321
4175	3058747
4176	3059824
4177	3061202
4178	3061845
4179	3063006
4180	3063655
4181	3064255
4182	3066441
4183	3068428
4184	3069888
4185	3070329
4186	3072107
4187	3072126
4188	3074533
4189	3074711
4190	3076525
4191	3077323
4192	3077365
4193	3078043
4194	3078071
4195	3078845
4196	3078868
4197	3079228
4198	3080131
4199	3080449
4200	3083065
4201	3083070
4202	3083587
4203	3084135
4204	3084213
4205	3084346
4206	3085074
4207	3085142
4208	3085595
4209	3085891
4210	3086399
4211	3088375
4212	3088561
4213	3089061
4214	3089323
4215	3089932
4216	3091259
4217	3092148
4218	3092403
4219	3092995
4220	3093290
4221	3094041
4222	3096131
4223	3096749
4224	3096895
4225	3097079
4226	3098821
4227	3098877
4228	3101132
4229	3101145
4230	3101656
4231	3104077
4232	3105509
4233	3105554
4234	3106122
4235	3106695
4236	3106880
4237	3107004
4238	3107367
4239	3107541
4240	3108428
4241	3108698
4242	3108994
4243	3109992
4244	3110280
4245	3110346
4246	3110641
4247	3111088
4248	3111389
4249	3111424
4250	3111466
4251	3111739
4252	3111825
4253	3112352
4254	3112675
4255	3112857
4256	3112864
4257	3112975
4258	3113029
4259	3113070
4260	3113117
4261	3113147
4262	3113582
4263	3113990
4264	3114043
4265	3114059
4266	3114123
4267	3114173
4268	3114182
4269	3114219
4270	3114360
4271	3114527
4272	3114569
4273	3114584
4274	3114635
4275	3114744
4276	3114764
4277	3114795
4278	3114969
4279	3115609
4280	3117296
4281	3117297
4282	3118090
4283	3120227
4284	3120273
4285	3120276
4286	3120630
4287	3121335
4288	3121888
4289	3122922
4290	3123918
4291	3124259
4292	3125063
4293	3126186
4294	3126536
4295	3126723
4296	3126964
4297	3128253
4298	3128646
4299	3129724
4300	3130038
4301	3134051
4302	3134212
4303	3134634
4304	3135715
4305	3136502
4306	3138424
4307	3138767
4308	3139685
4309	3140142
4310	3141675
4311	3144163
4312	3144506
4313	3144699
4314	3144800
4315	3146626
4316	3146840
4317	3147194
4318	3148099
4319	3148418
4320	3148641
4321	3150469
4322	3150729
4323	3152453
4324	3152632
4325	3153496
4326	3153781
4327	3153951
4328	3154714
4329	3154999
4330	3155462
4331	3157308
4332	3157410
4333	3157530
4334	3157863
4335	3158133
4336	3158169
4337	3158175
4338	3159135
4339	3159459
4340	3159870
4341	3160007
4342	3161293
4343	3161491
4344	3161768
4345	3162726
4346	3163196
4347	3163491
4348	3164687
4349	3165069
4350	3165328
4351	3165952
4352	3166823
4353	3168488
4354	3169070
4355	3169332
4356	3170402
4357	3171069
4358	3171683
4359	3175343
4360	3176111
4361	3176440
4362	3176544
4363	3179143
4364	3179693
4365	3180083
4366	3180615
4367	3181527
4368	3181564
4369	3181733
4370	3183651
4371	3183695
4372	3184190
4373	3184228
4374	3185545
4375	3185604
4376	3187169
4377	3187391
4378	3190286
4379	3190292
4380	3190508
4381	3190948
4382	3190966
4383	3191589
4384	3191802
4385	3191968
4386	3192635
4387	3193503
4388	3194063
4389	3194262
4390	3194899
4391	3194923
4392	3197513
4393	3199265
4394	3199380
4395	3200074
4396	3200080
4397	3200103
4398	3200164
4399	3200331
4400	3200724
4401	3201460
4402	3202078
4403	3202167
4404	3202423
4405	3202775
4406	3202792
4407	3202832
4408	3202958
4409	3203238
4410	3203244
4411	3203246
4412	3204100
4413	3205631
4414	3206629
4415	3207941
4416	3208122
4417	3209466
4418	3210885
4419	3211505
4420	3211866
4421	3212103
4422	3212456
4423	3212484
4424	3212989
4425	3213167
4426	3214160
4427	3214990
4428	3215789
4429	3217279
4430	3217702
4431	3218354
4432	3218588
4433	3218608
4434	3218639
4435	3218734
4436	3219239
4437	3220782
4438	3220983
4439	3221403
4440	3221565
4441	3222121
4442	3223429
4443	3224482
4444	3225357
4445	3226336
4446	3227854
4447	3228198
4448	3228881
4449	3230808
4450	3231277
4451	3231349
4452	3231510
4453	3231996
4454	3232701
4455	3233565
4456	3234359
4457	3234778
4458	3235786
4459	3238787
4460	3240266
4461	3241245
4462	3243628
4463	3243756
4464	3245256
4465	3246244
4466	3249123
4467	3249314
4468	3250031
4469	3279098
4470	3279971
4471	3282047
4472	3284237
4473	3284829
4474	3286275
4475	3336679
4476	3341208
4477	3341412
4478	3344318
4479	3344357
4480	3344716
4481	3346654
4482	3350850
4483	3435240
4484	3436856
4485	3437731
4486	3438213
4487	3441159
4488	3441337
4489	3441375
4490	3441909
4491	3442052
4492	3442680
4493	3443271
4494	3444043
4495	3445196
4496	3446066
4497	3446099
4498	3446498
4499	3447262
4500	3447863
4501	3447920
4502	3448368
4503	3449352
4504	3450134
4505	3450283
4506	3451142
4507	3451496
4508	3451902
4509	3454725
4510	3455066
4511	3455296
4512	3455319
4513	3456414
4514	3456955
4515	3457573
4516	3457851
4517	3458246
4518	3458418
4519	3458565
4520	3458763
4521	3458794
4522	3459415
4523	3460630
4524	3461496
4525	3461505
4526	3461530
4527	3462326
4528	3462906
4529	3463518
4530	3464334
4531	3464840
4532	3464879
4533	3465482
4534	3466328
4535	3469676
4536	3470184
4537	3470631
4538	3480554
4539	3480583
4540	3482360
4541	3483650
4542	3484486
4543	3485122
4544	3486098
4545	3487797
4546	3488626
4547	3490768
4548	3491450
4549	3491569
4550	3491583
4551	3491615
4552	3491741
4553	3491903
4554	3492323
4555	3492426
4556	3492829
4557	3493528
4558	3494388
4559	3495765
4560	3495790
4561	3572908
4562	3572919
4563	3682374
4564	3682537
4565	3737471
4566	3740852
4567	3747023
4568	3757913
4569	3765483
4570	3772550
4571	3776261
4572	3778103
4573	3778556
4574	3779449
4575	3779700
4576	3779742
4577	3779751
4578	3779982
4579	3780075
4580	3789388
4581	3800085
4582	3804125
4583	3805067
4584	3805154
4585	3808261
4586	3809329
4587	3815717
4588	3821778
4589	3823915
4590	3824097
4591	3825588
4592	3825844
4593	3825902
4594	3826041
4595	3826266
4596	3826359
4597	3827120
4598	3827654
4599	3828234
4600	3828650
4601	3829427
4602	3829665
4603	3838216
4604	3841710
4605	3842160
4606	3845108
4607	3852685
4608	3854269
4609	3857045
4610	3857771
4611	3857935
4612	3858520
4613	3879428
4614	3881230
4615	3886762
4616	3891738
4617	3891809
4618	3892961
4619	3895111
4620	3903011
4621	3904145
4622	3904988
4623	3908041
4624	3911022
4625	3916723
4626	3922354
4627	3925348
4628	3928579
4629	3936005
4630	3938809
4631	3938888
4632	3941024
4633	3941314
4634	3943718
4635	3954842
4636	3959148
4637	3971624
4638	3976859
4639	3982359
4640	3990161
4641	3992677
4642	3996945
4643	3997191
4644	4004784
4645	4009121
4646	4020155
4647	4023372
4648	4027609
4649	4027940
4650	4029520
4651	4039426
4652	4041934
4653	4045366
4654	4045929
4655	4045935
4656	4085219
4657	4085833
4658	4086708
4659	4093666
4660	4098533
4661	4099526
4662	4100852
4663	4101178
4664	4106039
4665	4107675
4666	4109238
4667	4110832
4668	4129338
4669	4134056
4670	4139316
4671	4139833
4672	4142329
4673	4150959
4674	4151115
4675	4152763
4676	4155777
4677	4157549
4678	4157624
4679	4164403
4680	4168526
4681	4173382
4682	4174454
4683	4174839
4684	4177025
4685	4178056
4686	4183255
4687	4184626
4688	4188901
4689	4204289
4690	4210948
4691	4211531
4692	4219209
4693	4226080
4694	4229884
4695	4229968
4696	4230683
4697	4230971
4698	4235528
4699	4235957
4700	4243951
4701	4245103
4702	4249943
4703	4252319
4704	4254677
4705	4255732
4706	4256885
4707	4258318
4708	4258489
4709	4258721
4710	4272155
4711	4277313
4712	4279889
4713	4289140
4714	4290759
4715	4299398
4716	4300074
4717	4301198
4718	4304437
4719	4312904
4720	4316106
4721	4319107
4722	4322147
4723	4326549
4724	4328992
4725	4332006
4726	4339796
4727	4339852
4728	4340458
4729	4340617
4730	4340838
4731	4340844
4732	4340850
4733	4344923
4734	4346261
4735	4346435
4736	4346698
4737	4347099
4738	4349815
4739	4351008
4740	4354160
4741	4371943
4742	4372004
4743	4372270
4744	4375877
4745	4377450
4746	4377478
4747	4377520
4748	4377654
4749	4377803
4750	4377937
4751	4378027
4752	4382269
4753	4392095
4754	4397985
4755	4403755
4756	4404270
4757	4404749
4758	4406011
4759	4407777
4760	4407783
4761	4408305
4762	4408556
4763	4410037
4764	4410487
4765	4410922
4766	4411324
4767	4411327
4768	4411330
4769	4411403
4770	4436196
4771	4436682
4772	4441910
4773	4448253
4774	4449422
4775	4457985
4776	4462544
4777	4466514
4778	4468526
4779	4472879
4780	4475059
4781	4478166
4782	4484759
4783	4488881
4784	4490552
4785	4496416
4786	4496716
4787	4497407
4788	4498073
4789	4503831
4790	4503895
4791	4504605
4792	4505693
4793	4506004
4794	4506058
4795	4506259
4796	4507676
4797	4508254
4798	4511565
4799	4512441
4800	4513088
4801	4513104
4802	4513298
4803	4515417
4804	4516598
4805	4517632
4806	4518545
4807	4518716
4808	4519002
4809	4520393
4810	4520669
4811	4521922
4812	4522231
4813	4522847
4814	4522861
4815	4523198
4816	4523564
4817	4523653
4818	4523807
4819	4524266
4820	4525035
4821	4525388
4822	4525844
4823	4525934
4824	4526170
4825	4526360
4826	4526676
4827	4526771
4828	4526836
4829	4527022
4830	4528083
4831	4528491
4832	4528568
4833	4529400
4834	4532806
4835	4534832
4836	4535744
4837	4538572
4838	4539531
4839	4540600
4840	4542870
4841	4543164
4842	4545849
4843	4546001
4844	4546128
4845	4547959
4846	4549696
4847	4549926
4848	4550175
4849	4550868
4850	4551196
4851	4552638
4852	4560888
4853	4561384
4854	4561982
4855	4562103
4856	4562537
4857	4564553
4858	4571115
4859	4573959
4860	4590977
4861	4591241
4862	4593837
4863	4597111
4864	4604571
4865	4608991
4866	4613710
4867	4617061
4868	4619610
4869	4622853
4870	4623459
4871	4633696
4872	4638538
4873	4638584
4874	4640147
4875	4651461
4876	4652563
4877	4659508
4878	4661121
4879	4670709
4880	4672134
4881	4672509
4882	4673615
4883	4674197
4884	4674900
4885	4674957
4886	4675629
4887	4675755
4888	4677618
4889	4680809
4890	4681598
4891	4681600
4892	4681645
4893	4682541
4894	4682684
4895	4683001
4896	4683315
4897	4683704
4898	4683999
4899	4688221
4900	4691205
4901	4691833
4902	4691836
4903	4692110
4904	4695638
4905	4696262
4906	4696287
4907	4697034
4908	4697174
4909	4700183
4910	4700311
4911	4700455
4912	4700540
4913	4700619
4914	4700625
4915	4702000
4916	4704107
4917	4704740
4918	4706178
4919	4706589
4920	4708425
4921	4708870
4922	4709205
4923	4710089
4924	4710865
4925	4711012
4926	4711216
4927	4713219
4928	4714285
4929	4714431
4930	4715468
4931	4716886
4932	4717122
4933	4717608
4934	4718003
4935	4722344
4936	4723245
4937	4724262
4938	4725069
4939	4727823
4940	4731454
4941	4731951
4942	4732262
4943	4732399
4944	4733798
4945	4740105
4946	4741655
4947	4742416
4948	4746503
4949	4747330
4950	4747336
4951	4747915
4952	4748585
4953	4751967
4954	4751993
4955	4752819
4956	4753204
4957	4753517
4958	4753600
4959	4754334
4960	4755787
4961	4756910
4962	4757156
4963	4757310
4964	4759587
4965	4760599
4966	4761014
4967	4761466
4968	4762381
4969	4766215
4970	4766483
4971	4768946
4972	4769591
4973	4769873
4974	4770198
4975	4770326
4976	4770389
4977	4770429
4978	4772169
4979	4772195
4980	4772329
4981	4774165
4982	4774363
4983	4775748
4984	4778873
4985	4778963
4986	4780583
4987	4781128
4988	4782254
4989	4782527
4990	4782992
4991	4784673
4992	4786332
4993	4789093
4994	4789263
4995	4789955
4996	4790247
4997	4790287
4998	4792935
4999	4793017
5000	4793902
5001	4798339
5002	4798609
5003	4798787
5004	4800121
5005	4801181
5006	4801275
5007	4801778
5008	4802564
5009	4802972
5010	4803159
5011	4805248
5012	4805275
5013	4806507
5014	4806800
5015	4808444
5016	4808445
5017	4808663
5018	4810124
5019	4810350
5020	4811961
5021	4812002
5022	4814898
5023	4815553
5024	4815892
5025	4816568
5026	4816601
5027	4817061
5028	4817615
5029	4818631
5030	4819171
5031	4821970
5032	4822397
5033	4823051
5034	4823638
5035	4823710
5036	4824512
5037	4827857
5038	4829799
5039	4830187
5040	4831975
5041	4835381
5042	4836266
5043	4836877
5044	4838229
5045	4838734
5046	4839099
5047	4839535
5048	4839959
5049	4839978
5050	4841185
5051	4841336
5052	4841687
5053	4844282
5054	4848017
5055	4848322
5056	4849249
5057	4851634
5058	4852350
5059	4853002
5060	4853044
5061	4853422
5062	4855019
5063	4856113
5064	4856117
5065	4856760
5066	4858843
5067	4859219
5068	4859338
5069	4860046
5070	4861662
5071	4863319
5072	4863658
5073	4864650
5074	4865126
5075	4866430
5076	4866616
5077	4867164
5078	4869820
5079	4870705
5080	4870725
5081	4870928
5082	4871347
5083	4871762
5084	4872519
5085	4873190
5086	4873811
5087	4873817
5088	4874114
5089	4876575
5090	4877544
5091	4877835
5092	4879495
5093	4879801
5094	4881710
5095	4882047
5096	4882583
5097	4884136
5098	4885131
5099	4886999
5100	4887447
5101	4889380
5102	4889726
5103	4890072
5104	4890200
5105	4890515
5106	4891984
5107	4893598
5108	4893818
5109	4893860
5110	4893921
5111	4895209
5112	4896364
5113	4897242
5114	4897532
5115	4897914
5116	4898429
5117	4899787
5118	4900198
5119	4900382
5120	4902507
5121	4903024
5122	4903985
5123	4904007
5124	4906645
5125	4907260
5126	4907993
5127	4908162
5128	4908600
5129	4909261
5130	4910423
5131	4911148
5132	4911804
5133	4912011
5134	4913938
5135	4915918
5136	4916805
5137	4917445
5138	4920366
5139	4921349
5140	4922608
5141	4923035
5142	4923218
5143	4923590
5144	4923593
5145	4924693
5146	4925362
5147	4925393
5148	4925706
5149	4925736
5150	4926572
5151	4926804
5152	4927766
5153	4928141
5154	4928324
5155	4929662
5156	4930122
5157	4930484
5158	4930802
5159	4931147
5160	4931662
5161	4932057
5162	4933495
5163	4936896
5164	4937560
5165	4939341
5166	4940794
5167	4940795
5168	4941337
5169	4941338
5170	4941469
5171	4941836
5172	4941934
5173	4942294
5174	4942295
5175	4942872
5176	4945053
5177	4947887
5178	4948152
5179	4948629
5180	4950269
5181	4951587
5182	4951726
5183	4951780
5184	4951795
5185	4952159
5186	4952350
5187	4952760
5188	4953265
5189	4956533
5190	4957271
5191	4957662
5192	4957883
5193	4958611
5194	4958795
5195	4958806
5196	4961523
5197	4963924
5198	4963939
5199	4963950
5200	4964694
5201	4965630
5202	4968758
5203	4969069
5204	4969689
5205	4970512
5206	4973232
5207	4973690
5208	4974716
5209	4975558
5210	4976014
5211	4976449
5212	4978116
5213	4978794
5214	4978903
5215	4979526
5216	4979529
5217	4979650
5218	4979653
5219	4980400
5220	4981103
5221	4981334
5222	4982100
5223	4984003
5224	4985053
5225	4986091
5226	4986509
5227	4986948
5228	4988108
5229	4988125
5230	4988575
5231	4988685
5232	4989364
5233	4990255
5234	4990339
5235	4990932
5236	4991361
5237	4992168
5238	4992629
5239	4993173
5240	4994068
5241	4996033
5242	4996220
5243	4996305
5244	4997923
5245	4998329
5246	5001838
5247	5002247
5248	5002583
5249	5003306
5250	5003457
5251	5004469
5252	5006120
5253	5006211
5254	5007010
5255	5007329
5256	5009431
5257	5009600
5258	5009610
5259	5009739
5260	5010818
5261	5011983
5262	5012239
5263	5013144
5264	5014109
5265	5014767
5266	5014934
5267	5015555
5268	5019472
5269	5020439
5270	5020574
5271	5021175
5272	5021927
5273	5022247
5274	5023101
5275	5025639
5276	5026372
5277	5028193
5278	5028289
5279	5028473
5280	5030973
5281	5031003
5282	5031979
5283	5032279
5284	5032398
5285	5033174
5286	5035264
5287	5035351
5288	5036461
5289	5036530
5290	5037237
5291	5037856
5292	5040149
5293	5040328
5294	5041206
5295	5041502
5296	5044161
5297	5044396
5298	5046177
5299	5046912
5300	5047884
5301	5048928
5302	5056698
5303	5058420
5304	5058484
5305	5058759
5306	5059854
5307	5063911
5308	5064780
5309	5065394
5310	5067304
5311	5067314
5312	5067549
5313	5067638
5314	5068814
5315	5069626
5316	5070570
5317	5071332
5318	5071744
5319	5075040
5320	5075934
5321	5076800
5322	5078467
5323	5079027
5324	5079690
5325	5079725
5326	5080105
5327	5080297
5328	5080469
5329	5081936
5330	5084723
5331	5087238
5332	5088374
5333	5090037
5334	5092994
5335	5093409
5336	5093650
5337	5094296
5338	5094904
5339	5095460
5340	5096494
5341	5099367
5342	5100353
5343	5101477
5344	5102121
5345	5104872
5346	5105292
5347	5106411
5348	5108319
5349	5108725
5350	5109387
5351	5109573
5352	5109686
5353	5110289
5354	5111066
5355	5111422
5356	5113475
5357	5114578
5358	5116673
5359	5117823
5360	5117933
5361	5118528
5362	5120744
5363	5121760
5364	5124889
5365	5125811
5366	5125940
5367	5127083
5368	5128033
5369	5128932
5370	5129868
5371	5130156
5372	5130644
5373	5130874
5374	5131615
5375	5131673
5376	5132542
5377	5133286
5378	5133364
5379	5134387
5380	5135939
5381	5136600
5382	5136651
5383	5137390
5384	5141348
5385	5141741
5386	5141751
5387	5142323
5388	5143863
5389	5143942
5390	5143982
5391	5145584
5392	5147191
5393	5147888
5394	5148079
5395	5148241
5396	5149151
5397	5149166
5398	5149538
5399	5151167
5400	5151314
5401	5152837
5402	5152901
5403	5153016
5404	5153129
5405	5153950
5406	5156557
5407	5157605
5408	5157662
5409	5157669
5410	5157760
5411	5157826
5412	5158019
5413	5158118
5414	5158154
5415	5158164
5416	5158491
5417	5159836
5418	5161270
5419	5163019
5420	5164502
5421	5167928
5422	5168062
5423	5168245
5424	5168444
5425	5168515
5426	5169638
5427	5169646
5428	5169706
5429	5169731
5430	5169753
5431	5169755
5432	5169779
5433	5169781
5434	5169841
5435	5169848
5436	5169857
5437	5169928
5438	5170007
5439	5170174
5440	5170221
5441	5170285
5442	5170740
5443	5171053
5444	5173303
5445	5173850
5446	5173851
5447	5175281
5448	5175764
5449	5176657
5450	5177270
5451	5177435
5452	5178809
5453	5178974
5454	5180001
5455	5180022
5456	5180438
5457	5183834
5458	5183867
5459	5183997
5460	5184038
5461	5187170
5462	5188625
5463	5190687
5464	5191942
5465	5192803
5466	5194729
5467	5194819
5468	5197026
5469	5197381
5470	5198618
5471	5198745
5472	5198756
5473	5198879
5474	5198983
5475	5200144
5476	5200283
5477	5202070
5478	5204088
5479	5204091
5480	5206039
5481	5208143
5482	5208611
5483	5208671
5484	5209780
5485	5210520
5486	5211358
5487	5211895
5488	5212185
5489	5214642
5490	5215578
5491	5216051
5492	5218814
5493	5219617
5494	5219652
5495	5219881
5496	5220491
5497	5221183
5498	5223229
5499	5223240
5500	5223800
5501	5224050
5502	5224760
5503	5224834
5504	5225136
5505	5225475
5506	5226272
5507	5228763
5508	5229287
5509	5229982
5510	5230178
5511	5230607
5512	5231861
5513	5233790
5514	5234130
5515	5234430
5516	5234488
5517	5236017
5518	5236221
5519	5236886
5520	5237047
5521	5238226
5522	5240939
5523	5241835
5524	5242273
5525	5244471
5526	5245852
5527	5247201
5528	5247435
5529	5248110
5530	5248445
5531	5249303
5532	5249378
5533	5249533
5534	5249641
5535	5249643
5536	5250198
5537	5252387
5538	5252508
5539	5252597
5540	5253447
5541	5253589
5542	5253598
5543	5253752
5544	5254064
5545	5254589
5546	5255300
5547	5255922
5548	5257462
5549	5259800
5550	5259821
5551	5259822
5552	5261760
5553	5262946
5554	5263937
5555	5266856
5556	5266911
5557	5267556
5558	5268925
5559	5269676
5560	5271475
5561	5271911
5562	5271924
5563	5272187
5564	5274044
5565	5274264
5566	5274629
5567	5276403
5568	5277530
5569	5278393
5570	5278895
5571	5278940
5572	5278996
5573	5282093
5574	5282952
5575	5283903
5576	5284721
5577	5285185
5578	5288492
5579	5288594
5580	5289268
5581	5289952
5582	5290445
5583	5290682
5584	5290718
5585	5294000
5586	5294356
5587	5294455
5588	5294462
5589	5296258
5590	5298959
5591	5300134
5592	5300164
5593	5303577
5594	5303920
5595	5304193
5596	5304976
5597	5305512
5598	5308635
5599	5308881
5600	5310797
5601	5312392
5602	5312488
5603	5313743
5604	5314454
5605	5314457
5606	5314458
5607	5314954
5608	5317170
5609	5318380
5610	5318534
5611	5319279
5612	5319925
5613	5320940
5614	5321717
5615	5323230
5616	5324379
5617	5326080
5618	5326689
5619	5329720
5620	5331060
5621	5331351
5622	5333413
