1	429
2	530
3	4494
4	5016
5	5675
6	11059
7	14025
8	14632
9	14893
10	14979
11	15146
12	15909
13	18846
14	19758
15	20399
16	20566
17	22671
18	23543
19	25963
20	26387
21	26525
22	27932
23	29746
24	31432
25	32451
26	33338
27	33438
28	36794
29	38225
30	40430
31	42442
32	42557
33	42704
34	42906
35	44366
36	50573
37	53684
38	54543
39	55022
40	57785
41	58365
42	62138
43	65959
44	66565
45	71614
46	73542
47	73739
48	77654
49	77772
50	79289
51	79565
52	79716
53	82953
54	86687
55	88186
56	89000
57	92484
58	93710
59	94523
60	96971
61	106687
62	107273
63	108439
64	110226
65	110475
66	110501
67	110504
68	115486
69	117131
70	119122
71	120190
72	121914
73	122039
74	125414
75	127254
76	130019
77	130757
78	131368
79	131593
80	134178
81	134558
82	134571
83	138743
84	139115
85	140224
86	140950
87	141258
88	141946
89	146715
90	147081
91	152295
92	153835
93	156497
94	156592
95	157128
96	159182
97	161944
98	162283
99	162323
100	162351
101	162513
102	163836
103	169290
104	169513
105	169999
106	170099
107	170881
108	172335
109	173319
110	173471
111	175336
112	175890
113	177067
114	177928
115	178973
116	179811
117	180410
118	181160
119	183238
120	183411
121	183970
122	184020
123	185409
124	185517
125	186722
126	187959
127	188582
128	195919
129	196425
130	196429
131	196659
132	197152
133	200311
134	204154
135	205586
136	208266
137	209426
138	211758
139	212737
140	213616
141	216221
142	217191
143	217338
144	219583
145	220995
146	223053
147	225230
148	225329
149	225953
150	226251
151	228199
152	232783
153	233471
154	233906
155	234780
156	235502
157	236357
158	236555
159	238556
160	238655
161	238805
162	241405
163	244416
164	244442
165	244443
166	246197
167	246340
168	246985
169	252077
170	253244
171	253579
172	253857
173	254441
174	254828
175	256227
176	257596
177	257945
178	258350
179	258828
180	260800
181	262584
182	262841
183	264404
184	268154
185	270239
186	271725
187	272647
188	274531
189	274815
190	275979
191	276724
192	278021
193	278573
194	281898
195	284649
196	286221
197	289570
198	289816
199	290506
200	292885
201	296241
202	298438
203	301406
204	301550
205	303219
206	304270
207	304299
208	304343
209	304361
210	306315
211	307799
212	309464
213	310718
214	311946
215	314758
216	316370
217	316752
218	317791
219	318435
220	319614
221	319658
222	326554
223	327145
224	327242
225	327298
226	327336
227	327424
228	330454
229	332542
230	332604
231	333542
232	338140
233	341729
234	342856
235	343300
236	346070
237	348013
238	349154
239	351783
240	355740
241	356967
242	358351
243	359238
244	362297
245	364189
246	367418
247	368078
248	368936
249	370219
250	372278
251	372707
252	379665
253	380047
254	380631
255	381263
256	381558
257	381816
258	382456
259	384918
260	386439
261	387882
262	390536
263	393003
264	393208
265	393973
266	394042
267	397774
268	399179
269	400252
270	400425
271	402471
272	404296
273	404537
274	408073
275	408268
276	409512
277	409905
278	410961
279	411675
280	411832
281	413488
282	413669
283	415891
284	420811
285	420983
286	421117
287	421137
288	422323
289	422395
290	423873
291	424867
292	425820
293	428379
294	431079
295	431939
296	431968
297	432125
298	433044
299	433680
300	434890
301	436357
302	437175
303	437180
304	437188
305	437562
306	439807
307	440313
308	440558
309	441003
310	441463
311	441505
312	442225
313	442255
314	443609
315	444023
316	444219
317	447525
318	447700
319	448401
320	449149
321	450523
322	451380
323	451578
324	452593
325	453185
326	453546
327	457927
328	458281
329	460261
330	461192
331	466993
332	467461
333	468948
334	471408
335	472095
336	472636
337	473001
338	476503
339	479119
340	479349
341	479824
342	479857
343	480145
344	480174
345	481602
346	482340
347	483957
348	484446
349	485447
350	486228
351	486636
352	488844
353	488992
354	491697
355	493571
356	493955
357	495138
358	495683
359	496693
360	498734
361	499188
362	500354
363	500386
364	501542
365	504793
366	508240
367	508548
368	508961
369	515304
370	517893
371	519295
372	519707
373	520224
374	521470
375	523425
376	531210
377	532044
378	532561
379	533110
380	535340
381	536787
382	536789
383	536790
384	536904
385	536907
386	539534
387	540433
388	546722
389	547158
390	548059
391	548060
392	548092
393	549158
394	551649
395	554319
396	554924
397	557949
398	560374
399	561666
400	562910
401	564715
402	565631
403	570417
404	572888
405	581633
406	581896
407	584251
408	586486
409	588850
410	589553
411	589595
412	591662
413	592603
414	593131
415	593550
416	593853
417	595788
418	599370
419	599652
420	600203
421	603324
422	604260
423	604924
424	606466
425	606738
426	608366
427	609098
428	609221
429	609254
430	609580
431	609607
432	609969
433	619440
434	620327
435	620729
436	621475
437	623620
438	628337
439	628835
440	630150
441	630203
442	630256
443	631544
444	639429
445	639616
446	640230
447	643030
448	647500
449	647736
450	648888
451	650794
452	652025
453	654161
454	655856
455	657789
456	657795
457	659036
458	659800
459	661434
460	663714
461	664374
462	664693
463	664890
464	664947
465	664949
466	665008
467	665093
468	667042
469	672139
470	673267
471	674794
472	676785
473	677366
474	677410
475	680243
476	682823
477	683677
478	688089
479	692418
480	698768
481	701659
482	702067
483	702597
484	702710
485	705562
486	706126
487	707565
488	707720
489	707950
490	708599
491	708911
492	710451
493	715131
494	715247
495	717344
496	721555
497	723131
498	726291
499	734830
500	738498
501	740376
502	744852
503	746762
504	750816
505	752750
506	755665
507	756182
508	757054
509	760061
510	760321
511	760492
512	761229
513	761640
514	762261
515	764252
516	765717
517	769280
518	770440
519	771704
520	772544
521	772966
522	773672
523	778915
524	780315
525	781893
526	783432
527	784091
528	784961
529	787797
530	788804
531	789810
532	790731
533	792136
534	792453
535	793053
536	795210
537	795441
538	796411
539	799283
540	800650
541	802145
542	802220
543	802795
544	804195
545	804775
546	806030
547	810560
548	814378
549	821066
550	821490
551	826463
552	830192
553	830767
554	831611
555	831747
556	832085
557	833992
558	837137
559	837633
560	837900
561	839099
562	840566
563	842620
564	843271
565	844099
566	846857
567	847533
568	850363
569	850967
570	850972
571	854332
572	855505
573	856090
574	856450
575	858255
576	859500
577	861995
578	864259
579	864584
580	870250
581	870418
582	874973
583	878913
584	882508
585	883044
586	891608
587	892505
588	893437
589	900926
590	902094
591	902144
592	903003
593	916576
594	916994
595	919496
596	920730
597	926510
598	927670
599	932235
600	938145
601	938865
602	938875
603	939576
604	949370
605	951864
606	952576
607	954776
608	957506
609	958714
610	959643
611	960178
612	964694
613	966123
614	967013
615	968196
616	971145
617	971259
618	971810
619	972029
620	972728
621	975643
622	981030
623	981223
624	984396
625	985046
626	985634
627	989759
628	995020
629	995255
630	996635
631	996723
632	997004
633	1000758
634	1003772
635	1003933
636	1007226
637	1007340
638	1007479
639	1008443
640	1010126
641	1010153
642	1010427
643	1012380
644	1020237
645	1021303
646	1023165
647	1023359
648	1025001
649	1026351
650	1027554
651	1027627
652	1029353
653	1031742
654	1031824
655	1032294
656	1033123
657	1045178
658	1048692
659	1048831
660	1049230
661	1049693
662	1050226
663	1051383
664	1053197
665	1053212
666	1055215
667	1057113
668	1057204
669	1057422
670	1058058
671	1058807
672	1059863
673	1060133
674	1060620
675	1061471
676	1061837
677	1062139
678	1064991
679	1066127
680	1070691
681	1072805
682	1073089
683	1078275
684	1081028
685	1082416
686	1083571
687	1085201
688	1085314
689	1085574
690	1085630
691	1089115
692	1093110
693	1094277
694	1096558
695	1096927
696	1097461
697	1098473
698	1108187
699	1111086
700	1111390
701	1111851
702	1113649
703	1117252
704	1117897
705	1117933
706	1120237
707	1120797
708	1123247
709	1124479
710	1125838
711	1128920
712	1132376
713	1135575
714	1135859
715	1137113
716	1141574
717	1144979
718	1150255
719	1152365
720	1152564
721	1152801
722	1153440
723	1154063
724	1163036
725	1163487
726	1163586
727	1163757
728	1164150
729	1164221
730	1165154
731	1165310
732	1165834
733	1166879
734	1167532
735	1167776
736	1170983
737	1175718
738	1178610
739	1181466
740	1181704
741	1181993
742	1185140
743	1185758
744	1193675
745	1194147
746	1196185
747	1196248
748	1197129
749	1198461
750	1198940
751	1200975
752	1201386
753	1205134
754	1208090
755	1210740
756	1211229
757	1212330
758	1214416
759	1214635
760	1215145
761	1216240
762	1216423
763	1217698
764	1217879
765	1218446
766	1219487
767	1219542
768	1221380
769	1221741
770	1223599
771	1224864
772	1227820
773	1227834
774	1228586
775	1229016
776	1231187
777	1234723
778	1237320
779	1238909
780	1239132
781	1239886
782	1239989
783	1242431
784	1244127
785	1248690
786	1249352
787	1249454
788	1259141
789	1261232
790	1261334
791	1263119
792	1263405
793	1264276
794	1265452
795	1267121
796	1267548
797	1267783
798	1270534
799	1271012
800	1272678
801	1274528
802	1275028
803	1276083
804	1276633
805	1277460
806	1279540
807	1279918
808	1280235
809	1280244
810	1280894
811	1281367
812	1281996
813	1282925
814	1285564
815	1291478
816	1291925
817	1292760
818	1292900
819	1293770
820	1294687
821	1294921
822	1297065
823	1298225
824	1303795
825	1306814
826	1310077
827	1310331
828	1311614
829	1313453
830	1314976
831	1317384
832	1320499
833	1322103
834	1322910
835	1326579
836	1329958
837	1332604
838	1334275
839	1334791
840	1334954
841	1337662
842	1338920
843	1339198
844	1341212
845	1349881
846	1350777
847	1355746
848	1356672
849	1358358
850	1359102
851	1359347
852	1360707
853	1363104
854	1365082
855	1365757
856	1365768
857	1366513
858	1370790
859	1370937
860	1378236
861	1379059
862	1381216
863	1383110
864	1385921
865	1387508
866	1387806
867	1388645
868	1391198
869	1392129
870	1395338
871	1396129
872	1399684
873	1400396
874	1400481
875	1401085
876	1401388
877	1401430
878	1403452
879	1405363
880	1408818
881	1410255
882	1411002
883	1411973
884	1412642
885	1415074
886	1418903
887	1421137
888	1423588
889	1423937
890	1427147
891	1427573
892	1432501
893	1435345
894	1436397
895	1439820
896	1441406
897	1441637
898	1441694
899	1442191
900	1442943
901	1444186
902	1445954
903	1449135
904	1464792
905	1467758
906	1468928
907	1472158
908	1473370
909	1474895
910	1479349
911	1481204
912	1486771
913	1487547
914	1492587
915	1494922
916	1495353
917	1499068
918	1506192
919	1506643
920	1510735
921	1515357
922	1515587
923	1516857
924	1521908
925	1522131
926	1525394
927	1529701
928	1530092
929	1530158
930	1531642
931	1532019
932	1534751
933	1534996
934	1540763
935	1542041
936	1544125
937	1545904
938	1546387
939	1546714
940	1547309
941	1547839
942	1551544
943	1557140
944	1557297
945	1557773
946	1557939
947	1563830
948	1564953
949	1565346
950	1565403
951	1565802
952	1565979
953	1565995
954	1568657
955	1575820
956	1580491
957	1582694
958	1584906
959	1585015
960	1587823
961	1588468
962	1588608
963	1589922
964	1589923
965	1591954
966	1591958
967	1592750
968	1593573
969	1595821
970	1597050
971	1597248
972	1602650
973	1603872
974	1604272
975	1605163
976	1608517
977	1611347
978	1614226
979	1614444
980	1615600
981	1616801
982	1620315
983	1622844
984	1624090
985	1626527
986	1629527
987	1630831
988	1631981
989	1634714
990	1636050
991	1637468
992	1638078
993	1643344
994	1643829
995	1644888
996	1646373
997	1648290
998	1652372
999	1652408
1000	1653442
1001	1654048
1002	1661570
1003	1662753
1004	1664164
1005	1669047
1006	1670392
1007	1671197
1008	1672955
1009	1673984
1010	1679600
1011	1680659
1012	1683001
1013	1685243
1014	1686016
1015	1689406
1016	1692905
1017	1694640
1018	1696439
1019	1696940
1020	1701242
1021	1706948
1022	1708886
1023	1709016
1024	1711091
1025	1712330
1026	1714143
1027	1715777
1028	1717036
1029	1720585
1030	1721260
1031	1726540
1032	1727053
1033	1729623
1034	1730931
1035	1734140
1036	1734337
1037	1735472
1038	1736127
1039	1740533
1040	1744117
1041	1751794
1042	1754556
1043	1758000
1044	1759942
1045	1761471
1046	1761504
1047	1761924
1048	1762342
1049	1763622
1050	1765050
1051	1769551
1052	1773497
1053	1776285
1054	1779450
1055	1779751
1056	1779904
1057	1780462
1058	1783306
1059	1783997
1060	1785865
1061	1786435
1062	1790392
1063	1790472
1064	1798024
1065	1801991
1066	1802391
1067	1804316
1068	1809972
1069	1813940
1070	1814459
1071	1815095
1072	1818144
1073	1819272
1074	1819278
1075	1822563
1076	1825252
1077	1826301
1078	1826398
1079	1827305
1080	1827866
1081	1831470
1082	1832217
1083	1833248
1084	1834446
1085	1836976
1086	1837516
1087	1837526
1088	1837534
1089	1838209
1090	1840089
1091	1844263
1092	1844986
1093	1845393
1094	1846631
1095	1850097
1096	1850291
1097	1850430
1098	1854972
1099	1857918
1100	1857919
1101	1860031
1102	1860472
1103	1866662
1104	1866719
1105	1875190
1106	1880393
1107	1882737
1108	1883568
1109	1884609
1110	1885892
1111	1886387
1112	1886528
1113	1889077
1114	1891438
1115	1892558
1116	1893817
1117	1897172
1118	1901632
1119	1901813
1120	1902449
1121	1904844
1122	1905312
1123	1906388
1124	1908689
1125	1911817
1126	1912606
1127	1912962
1128	1913730
1129	1917919
1130	1924695
1131	1924892
1132	1925702
1133	1927235
1134	1927547
1135	1934442
1136	1934891
1137	1939383
1138	1944086
1139	1945311
1140	1946522
1141	1946571
1142	1947082
1143	1947678
1144	1949521
1145	1949793
1146	1950921
1147	1951342
1148	1952002
1149	1952652
1150	1952816
1151	1953346
1152	1954416
1153	1955125
1154	1956095
1155	1958829
1156	1960238
1157	1960646
1158	1960852
1159	1963459
1160	1964742
1161	1965494
1162	1966929
1163	1970680
1164	1972743
1165	1978754
1166	1979769
1167	1980601
1168	1983007
1169	1987608
1170	1990049
1171	1992031
1172	1997126
1173	2004245
1174	2005250
1175	2006257
1176	2012088
1177	2013990
1178	2014791
1179	2015603
1180	2016933
1181	2017251
1182	2018151
1183	2018489
1184	2018547
1185	2021827
1186	2025614
1187	2026233
1188	2026454
1189	2028051
1190	2028514
1191	2028675
1192	2031996
1193	2035894
1194	2036068
1195	2036090
1196	2036859
1197	2038775
1198	2045915
1199	2048516
1200	2050356
1201	2052854
1202	2054088
1203	2055399
1204	2060547
1205	2066573
1206	2068338
1207	2071035
1208	2072398
1209	2072639
1210	2073310
1211	2073391
1212	2073821
1213	2074612
1214	2078148
1215	2078610
1216	2081651
1217	2084089
1218	2086307
1219	2098743
1220	2101492
1221	2102002
1222	2102914
1223	2103004
1224	2104219
1225	2104456
1226	2104916
1227	2105038
1228	2105659
1229	2106603
1230	2106946
1231	2115417
1232	2116793
1233	2116800
1234	2120353
1235	2121660
1236	2122977
1237	2125220
1238	2126462
1239	2126479
1240	2127456
1241	2132731
1242	2133689
1243	2139276
1244	2142382
1245	2144079
1246	2144894
1247	2147784
1248	2150864
1249	2151556
1250	2153186
1251	2154578
1252	2156197
1253	2158186
1254	2158468
1255	2158768
1256	2159351
1257	2163138
1258	2164880
1259	2168901
1260	2175236
1261	2182543
1262	2189701
1263	2192312
1264	2193023
1265	2193733
1266	2193741
1267	2194334
1268	2196212
1269	2197337
1270	2198520
1271	2198819
1272	2199658
1273	2199660
1274	2199864
1275	2200067
1276	2200686
1277	2202316
1278	2204363
1279	2205489
1280	2206335
1281	2208650
1282	2210775
1283	2212207
1284	2214970
1285	2216151
1286	2216161
1287	2217826
1288	2217897
1289	2220228
1290	2220229
1291	2220543
1292	2220736
1293	2221890
1294	2224018
1295	2229411
1296	2231418
1297	2232271
1298	2236841
1299	2237607
1300	2239130
1301	2239164
1302	2240421
1303	2247650
1304	2248368
1305	2249867
1306	2251321
1307	2255227
1308	2255545
1309	2255948
1310	2259078
1311	2259820
1312	2259978
1313	2260628
1314	2261848
1315	2262574
1316	2265180
1317	2265684
1318	2272250
1319	2274744
1320	2275095
1321	2276333
1322	2276811
1323	2279258
1324	2280735
1325	2284336
1326	2286330
1327	2286356
1328	2287486
1329	2288876
1330	2289651
1331	2293065
1332	2293182
1333	2293560
1334	2294056
1335	2294279
1336	2294670
1337	2295046
1338	2295365
1339	2295584
1340	2300279
1341	2301558
1342	2302452
1343	2303044
1344	2304460
1345	2304686
1346	2305079
1347	2308372
1348	2309813
1349	2310112
1350	2312325
1351	2313207
1352	2314090
1353	2325277
1354	2327686
1355	2327687
1356	2333767
1357	2334963
1358	2337968
1359	2341749
1360	2343179
1361	2344700
1362	2347131
1363	2352932
1364	2355282
1365	2360426
1366	2360899
1367	2363597
1368	2365517
1369	2365710
1370	2366486
1371	2367582
1372	2368003
1373	2368015
1374	2370395
1375	2371367
1376	2371616
1377	2373988
1378	2376075
1379	2376668
1380	2379547
1381	2381195
1382	2383698
1383	2385779
1384	2387914
1385	2388615
1386	2391379
1387	2395509
1388	2396547
1389	2399744
1390	2401805
1391	2402081
1392	2404169
1393	2408312
1394	2411068
1395	2411742
1396	2413377
1397	2417153
1398	2417322
1399	2418912
1400	2426235
1401	2426651
1402	2427316
1403	2427487
1404	2428204
1405	2431347
1406	2432685
1407	2433031
1408	2433789
1409	2435846
1410	2435955
1411	2437973
1412	2438088
1413	2442011
1414	2443242
1415	2443676
1416	2449146
1417	2449670
1418	2450913
1419	2452253
1420	2454052
1421	2464745
1422	2464851
1423	2467226
1424	2468964
1425	2469698
1426	2470074
1427	2472791
1428	2475757
1429	2476757
1430	2483167
1431	2485509
1432	2487066
1433	2489207
1434	2489569
1435	2492793
1436	2501037
1437	2501250
1438	2501362
1439	2501597
1440	2503944
1441	2508908
1442	2509325
1443	2510424
1444	2511585
1445	2511943
1446	2511947
1447	2513980
1448	2515607
1449	2516345
1450	2517222
1451	2517982
1452	2518088
1453	2522344
1454	2522632
1455	2526852
1456	2527020
1457	2527936
1458	2528712
1459	2532063
1460	2534026
1461	2537761
1462	2542118
1463	2542217
1464	2544122
1465	2546546
1466	2546920
1467	2548927
1468	2548949
1469	2553703
1470	2554152
1471	2554163
1472	2556499
1473	2558674
1474	2558982
1475	2559910
1476	2560286
1477	2560293
1478	2560395
1479	2560541
1480	2560793
1481	2562863
1482	2563553
1483	2567883
1484	2567886
1485	2568867
1486	2569212
1487	2569738
1488	2570652
1489	2573437
1490	2576579
1491	2576620
1492	2576998
1493	2577711
1494	2578138
1495	2578431
1496	2579319
1497	2580553
1498	2582823
1499	2585219
1500	2585222
1501	2585231
1502	2585238
1503	2586321
1504	2586917
1505	2587875
1506	2588074
1507	2588075
1508	2588111
1509	2588275
1510	2589027
1511	2590941
1512	2595823
1513	2600157
1514	2600419
1515	2603704
1516	2603989
1517	2604372
1518	2608191
1519	2612526
1520	2617112
1521	2617415
1522	2617704
1523	2620044
1524	2622197
1525	2625329
1526	2626910
1527	2630165
1528	2630381
1529	2633748
1530	2636014
1531	2638841
1532	2641733
1533	2642630
1534	2643731
1535	2644395
1536	2645411
1537	2646555
1538	2648612
1539	2651305
1540	2651753
1541	2655119
1542	2655380
1543	2656446
1544	2657893
1545	2658825
1546	2659477
1547	2665257
1548	2668192
1549	2671207
1550	2671388
1551	2677640
1552	2678679
1553	2680878
1554	2681666
1555	2686145
1556	2687277
1557	2690134
1558	2692862
1559	2697624
1560	2699175
1561	2702681
1562	2705218
1563	2708516
1564	2711912
1565	2718077
1566	2720200
1567	2720328
1568	2725133
1569	2725499
1570	2731056
1571	2735727
1572	2738782
1573	2744264
1574	2747645
1575	2751703
1576	2751788
1577	2752124
1578	2752561
1579	2753200
1580	2753806
1581	2755419
1582	2758046
1583	2759155
1584	2763720
1585	2765066
1586	2765889
1587	2769385
1588	2770088
1589	2771857
1590	2772122
1591	2779858
1592	2782630
1593	2782714
1594	2785775
1595	2785810
1596	2785866
1597	2786504
1598	2792224
1599	2792518
1600	2795628
1601	2795676
1602	2797643
1603	2798071
1604	2799103
1605	2803534
1606	2806505
1607	2806681
1608	2807311
1609	2809519
1610	2809770
1611	2810052
1612	2811866
1613	2812249
1614	2813621
1615	2814392
1616	2818404
1617	2818471
1618	2820348
1619	2820642
1620	2820834
1621	2821187
1622	2821271
1623	2824728
1624	2825261
1625	2826721
1626	2827764
1627	2829824
1628	2832357
1629	2834084
1630	2834577
1631	2834974
1632	2837454
1633	2837753
1634	2840089
1635	2840568
1636	2841743
1637	2844560
1638	2845286
1639	2846197
1640	2848253
1641	2851444
1642	2853979
1643	2861487
1644	2862757
1645	2863326
1646	2864330
1647	2864581
1648	2866385
1649	2873176
1650	2876279
1651	2877911
1652	2881319
1653	2882108
1654	2883257
1655	2885935
1656	2891248
1657	2892720
1658	2893600
1659	2896490
1660	2897782
1661	2899742
1662	2900567
1663	2900684
1664	2900687
1665	2905919
1666	2907017
1667	2908794
1668	2910155
1669	2910445
1670	2910623
1671	2910950
1672	2911607
1673	2913639
1674	2913778
1675	2914200
1676	2914374
1677	2919090
1678	2921771
1679	2921777
1680	2927385
1681	2928513
1682	2931966
1683	2933761
1684	2935016
1685	2938248
1686	2944985
1687	2945998
1688	2948953
1689	2950314
1690	2952967
1691	2956999
1692	2957889
1693	2957928
1694	2961687
1695	2963116
1696	2965690
1697	2966196
1698	2968625
1699	2969424
1700	2970738
1701	2973818
1702	2974437
1703	2975390
1704	2978780
1705	2985049
1706	2987573
1707	2988438
1708	2988734
1709	2991707
1710	2992403
1711	2994315
1712	2999189
1713	2999989
1714	3002169
1715	3006499
1716	3008555
1717	3011899
1718	3013723
1719	3014988
1720	3020915
1721	3021096
1722	3022074
1723	3028662
1724	3029444
1725	3029680
1726	3029883
1727	3030741
1728	3031438
1729	3031533
1730	3033012
1731	3033090
1732	3033116
1733	3033393
1734	3034036
1735	3035474
1736	3040050
1737	3040064
1738	3043603
1739	3043928
1740	3045039
1741	3046190
1742	3051081
1743	3054420
1744	3054746
1745	3056169
1746	3056374
1747	3056384
1748	3056618
1749	3057271
1750	3058469
1751	3058540
1752	3058616
1753	3060360
1754	3063070
1755	3063256
1756	3067660
1757	3068650
1758	3069768
1759	3071261
1760	3071364
1761	3075923
1762	3078919
1763	3081671
1764	3082241
1765	3082597
1766	3082688
1767	3083031
1768	3085200
1769	3086414
1770	3087257
1771	3091341
1772	3091898
1773	3094545
1774	3095184
1775	3097999
1776	3103532
1777	3104982
1778	3108352
1779	3109117
1780	3109418
1781	3112191
1782	3112719
1783	3112938
1784	3112954
1785	3116935
1786	3118442
1787	3119544
1788	3120320
1789	3120485
1790	3122816
1791	3124670
1792	3125687
1793	3125774
1794	3127782
1795	3129443
1796	3130531
1797	3131958
1798	3139287
1799	3142093
1800	3142136
1801	3143137
1802	3146440
1803	3146617
1804	3147784
1805	3151255
1806	3152415
1807	3153943
1808	3154790
1809	3157440
1810	3159866
1811	3160773
1812	3164783
1813	3165307
1814	3165471
1815	3166639
1816	3168157
1817	3168477
1818	3168859
1819	3168978
1820	3169992
1821	3169995
1822	3170748
1823	3173877
1824	3173984
1825	3174493
1826	3176009
1827	3178116
1828	3178477
1829	3178630
1830	3179460
1831	3179617
1832	3179800
1833	3179928
1834	3180275
1835	3181967
1836	3182969
1837	3183624
1838	3183826
1839	3184214
1840	3184775
1841	3185382
1842	3186794
1843	3189161
1844	3200890
1845	3201061
1846	3201984
1847	3202076
1848	3204251
1849	3205522
1850	3222157
1851	3224981
1852	3226980
1853	3228326
1854	3228327
1855	3228672
1856	3229058
1857	3230171
1858	3230832
1859	3232984
1860	3233951
1861	3234306
1862	3234345
1863	3237376
1864	3255589
1865	3255861
1866	3257162
1867	3259110
1868	3263028
1869	3264323
1870	3267678
1871	3268452
1872	3271558
1873	3281312
1874	3282741
1875	3285425
1876	3286192
1877	3287032
1878	3292210
1879	3293358
1880	3299095
1881	3299732
1882	3303571
1883	3310982
1884	3311147
1885	3311680
1886	3312186
1887	3316824
1888	3323218
1889	3323279
1890	3323983
1891	3327523
1892	3327698
1893	3330465
1894	3333222
1895	3336761
1896	3336815
1897	3337113
1898	3337324
1899	3338681
1900	3342061
1901	3342199
1902	3345380
1903	3345652
1904	3345742
1905	3347316
1906	3350086
1907	3350246
1908	3350795
1909	3353976
1910	3354886
1911	3355419
1912	3355816
1913	3356543
1914	3360803
1915	3361021
1916	3361336
1917	3361506
1918	3361707
1919	3365417
1920	3367652
1921	3368172
1922	3369803
1923	3370298
1924	3371099
1925	3371226
1926	3371456
1927	3372651
1928	3375815
1929	3377165
1930	3381016
1931	3381149
1932	3381845
1933	3382416
1934	3383453
1935	3383880
1936	3388136
1937	3388285
1938	3394774
1939	3395055
1940	3396335
1941	3398084
1942	3406883
1943	3407963
1944	3409056
1945	3414154
1946	3414378
1947	3414628
1948	3414826
1949	3416867
1950	3417108
1951	3417673
1952	3418555
1953	3422476
1954	3422771
1955	3425900
1956	3432565
1957	3434900
1958	3435116
1959	3437139
1960	3437496
1961	3438514
1962	3439531
1963	3439911
1964	3440770
1965	3442573
1966	3446177
1967	3451322
1968	3454233
1969	3454383
1970	3454671
1971	3456591
1972	3461792
1973	3465337
1974	3465901
1975	3473277
1976	3474511
1977	3476577
1978	3477348
1979	3478794
1980	3480372
1981	3487021
1982	3487345
1983	3488918
1984	3491558
1985	3491611
1986	3492533
1987	3496118
1988	3496468
1989	3497346
1990	3497958
1991	3498898
1992	3498926
1993	3501556
1994	3501559
1995	3501562
1996	3502264
1997	3504305
1998	3508083
1999	3512368
2000	3512463
2001	3512557
2002	3513695
2003	3513833
2004	3514008
2005	3514666
2006	3515109
2007	3515309
2008	3515533
2009	3515626
2010	3517596
2011	3518255
2012	3518891
2013	3518903
2014	3519781
2015	3521422
2016	3522896
2017	3527591
2018	3528350
2019	3532161
2020	3532284
2021	3533432
2022	3535632
2023	3544949
2024	3548934
2025	3550313
2026	3550823
2027	3556129
2028	3558335
2029	3567204
2030	3569189
2031	3572348
2032	3575473
2033	3575919
2034	3576269
2035	3578279
2036	3581220
2037	3581839
2038	3582673
2039	3583225
2040	3583451
2041	3588363
2042	3589543
2043	3590426
2044	3592575
2045	3592751
2046	3593920
2047	3594045
2048	3607537
2049	3608045
2050	3609673
2051	3610230
2052	3612411
2053	3618370
2054	3620047
2055	3622218
2056	3622305
2057	3624578
2058	3624620
2059	3624756
2060	3624903
2061	3625937
2062	3626581
2063	3636125
2064	3639671
2065	3640258
2066	3644068
2067	3645725
2068	3646146
2069	3654160
2070	3654872
2071	3657310
2072	3658025
2073	3670092
2074	3672309
2075	3672721
2076	3673859
2077	3675615
2078	3676583
2079	3678844
2080	3678931
2081	3679736
2082	3680744
2083	3680856
2084	3682174
2085	3684389
2086	3684495
2087	3685649
2088	3686960
2089	3689497
2090	3692203
2091	3703044
2092	3704541
2093	3709211
2094	3710097
2095	3710395
2096	3710550
2097	3710551
2098	3711776
2099	3712735
2100	3714882
2101	3718562
2102	3720397
2103	3721631
2104	3723449
2105	3725980
2106	3728482
2107	3733462
2108	3735212
2109	3740475
2110	3740756
2111	3744680
2112	3746602
2113	3752160
2114	3753768
2115	3754041
2116	3754699
2117	3759576
2118	3762580
2119	3762726
2120	3767713
2121	3769620
2122	3769913
2123	3770972
2124	3771507
2125	3772649
2126	3775841
2127	3779484
2128	3781044
2129	3782525
2130	3784143
2131	3784756
2132	3787759
2133	3788280
2134	3788694
2135	3789838
2136	3791708
2137	3795131
2138	3800842
2139	3801242
2140	3801655
2141	3805885
2142	3807223
2143	3808675
2144	3809112
2145	3812116
2146	3812994
2147	3812996
2148	3817587
2149	3818773
2150	3818776
2151	3821007
2152	3821448
2153	3824760
2154	3826258
2155	3827638
2156	3828011
2157	3836604
2158	3838075
2159	3842256
2160	3842460
2161	3842555
2162	3843881
2163	3845299
2164	3846755
2165	3851729
2166	3851732
2167	3851733
2168	3852064
2169	3852065
2170	3852150
2171	3852619
2172	3852620
2173	3852623
2174	3853336
2175	3853615
2176	3854787
2177	3855572
2178	3860903
2179	3860923
2180	3860925
2181	3860926
2182	3862990
2183	3862996
2184	3864240
2185	3865376
2186	3867303
2187	3868132
2188	3870014
2189	3871690
2190	3873200
2191	3875613
2192	3876765
2193	3880689
2194	3885297
2195	3887185
2196	3889648
2197	3892695
2198	3902076
2199	3902176
2200	3902834
2201	3907878
2202	3908182
2203	3908183
2204	3908386
2205	3908960
2206	3909469
2207	3910033
2208	3910801
2209	3912085
2210	3913042
2211	3914103
2212	3914501
2213	3914509
2214	3914517
2215	3914521
2216	3914522
2217	3914555
2218	3914566
2219	3914571
2220	3915528
2221	3915529
2222	3915537
2223	3915539
2224	3917060
2225	3918805
2226	3923605
2227	3925250
2228	3927320
2229	3927334
2230	3932848
2231	3934972
2232	3936042
2233	3936646
2234	3936714
2235	3936902
2236	3940597
2237	3941975
2238	3946375
2239	3952831
2240	3953479
2241	3955313
2242	3958333
2243	3961175
2244	3961447
2245	3962290
2246	3964910
2247	3965072
2248	3967913
2249	3969272
2250	3969847
2251	3973551
2252	3975632
2253	3977273
2254	3977274
2255	3979216
2256	3980505
2257	3981029
2258	3981456
2259	3982408
2260	3983190
2261	3985702
2262	3988966
2263	3992131
2264	3994556
2265	3995419
2266	3995647
2267	3998128
2268	3998821
2269	3999975
2270	4000390
2271	4002415
2272	4003223
2273	4004496
2274	4004697
2275	4009444
2276	4010614
2277	4010667
2278	4010977
2279	4011707
2280	4013680
2281	4016743
2282	4024322
2283	4025185
2284	4026740
2285	4028174
2286	4028175
2287	4028176
2288	4028629
2289	4037199
2290	4039231
2291	4039649
2292	4039650
2293	4039735
2294	4039746
2295	4040702
2296	4046392
2297	4047513
2298	4049150
2299	4049901
2300	4050978
2301	4052561
2302	4054095
2303	4054845
2304	4057673
2305	4058123
2306	4059641
2307	4059652
2308	4061337
2309	4063328
2310	4067024
2311	4067114
2312	4067599
2313	4069359
2314	4070470
2315	4077754
2316	4078691
2317	4078902
2318	4081236
2319	4081338
2320	4082892
2321	4082972
2322	4083841
2323	4085180
2324	4085213
2325	4085722
2326	4086462
2327	4090106
2328	4094258
2329	4097650
2330	4097677
2331	4098924
2332	4099779
2333	4101514
2334	4101613
2335	4104125
2336	4104809
2337	4105532
2338	4106107
2339	4107548
2340	4109833
2341	4110760
2342	4111012
2343	4111068
2344	4113224
2345	4115536
2346	4115706
2347	4117271
2348	4117273
2349	4118221
2350	4119237
2351	4121487
2352	4125814
2353	4126194
2354	4127339
2355	4128601
2356	4129822
2357	4135875
2358	4137195
2359	4138718
2360	4139264
2361	4139915
2362	4140504
2363	4142863
2364	4143376
2365	4144466
2366	4148764
2367	4150382
2368	4155036
2369	4155679
2370	4157635
2371	4161234
2372	4162219
2373	4166590
2374	4170138
2375	4170141
2376	4170195
2377	4170198
2378	4170420
2379	4171743
2380	4176962
2381	4177728
2382	4182573
2383	4184922
2384	4185030
2385	4185126
2386	4185142
2387	4185144
2388	4185147
2389	4188162
2390	4188215
2391	4188896
2392	4191332
2393	4193425
2394	4194939
2395	4195231
2396	4200288
2397	4203110
2398	4203733
2399	4203856
2400	4206659
2401	4207672
2402	4210215
2403	4210901
2404	4212049
2405	4213322
2406	4215778
2407	4216262
2408	4216281
2409	4216614
2410	4216629
2411	4217289
2412	4219378
2413	4220632
2414	4222757
2415	4224574
2416	4227785
2417	4230087
2418	4232132
2419	4232133
2420	4237728
2421	4241590
2422	4243647
2423	4244382
2424	4245027
2425	4245111
2426	4247232
2427	4247988
2428	4248472
2429	4248544
2430	4248822
2431	4250766
2432	4250987
2433	4253909
2434	4254515
2435	4255344
2436	4256370
2437	4259295
2438	4259973
2439	4260403
2440	4260461
2441	4260476
2442	4261775
2443	4261860
2444	4262107
2445	4264718
2446	4264721
2447	4265997
2448	4266110
2449	4267298
2450	4270698
2451	4273607
2452	4274910
2453	4274913
2454	4274917
2455	4274937
2456	4275363
2457	4275540
2458	4276361
2459	4276420
2460	4276479
2461	4276517
2462	4278509
2463	4278784
2464	4281527
2465	4282707
2466	4283865
2467	4285177
2468	4285461
2469	4285462
2470	4285463
2471	4285465
2472	4285466
2473	4286230
2474	4288007
2475	4288037
2476	4288039
2477	4288181
2478	4288182
2479	4288392
2480	4288396
2481	4288399
2482	4288857
2483	4290066
2484	4291377
2485	4292391
2486	4293158
2487	4293160
2488	4293342
2489	4296224
2490	4296421
2491	4298809
2492	4302478
2493	4302571
2494	4304059
2495	4305206
2496	4306560
2497	4306773
2498	4306774
2499	4306791
2500	4307313
2501	4307319
2502	4307322
2503	4309741
2504	4311286
2505	4311531
2506	4311753
2507	4311789
2508	4311795
2509	4311918
2510	4312449
2511	4312867
2512	4312869
