1	2090
2	5138
3	7010
4	7917
5	7975
6	8280
7	9211
8	9926
9	10378
10	12234
11	12796
12	13569
13	13589
14	14088
15	15210
16	15450
17	15452
18	15766
19	16330
20	16579
21	17928
22	17961
23	18841
24	19180
25	19969
26	21416
27	22275
28	22354
29	24578
30	24686
31	24700
32	24817
33	24994
34	25009
35	25038
36	26105
37	27028
38	27327
39	27535
40	27819
41	29452
42	29978
43	30120
44	30790
45	30792
46	30873
47	30894
48	30953
49	30982
50	31448
51	32494
52	32650
53	32895
54	33594
55	35463
56	36298
57	36720
58	36747
59	37438
60	37582
61	37694
62	39418
63	39604
64	41545
65	41812
66	42427
67	42566
68	43653
69	43687
70	43721
71	43748
72	44898
73	45514
74	46166
75	46344
76	48034
77	49044
78	49944
79	49961
80	50163
81	53248
82	53478
83	54663
84	54679
85	55467
86	56250
87	56332
88	56333
89	56511
90	56739
91	57735
92	58326
93	58781
94	58949
95	59865
96	62305
97	62459
98	62511
99	62603
100	63392
101	64454
102	64538
103	64831
104	66196
105	66540
106	66719
107	67426
108	67472
109	68082
110	68798
111	69096
112	69256
113	69326
114	70082
115	70243
116	71040
117	71122
118	71145
119	71573
120	73590
121	74381
122	74461
123	75825
124	76188
125	76364
126	77325
127	77886
128	78518
129	79086
130	79165
131	79378
132	80639
133	81441
134	82353
135	82437
136	82980
137	83115
138	83626
139	84901
140	85451
141	85643
142	86319
143	86331
144	86464
145	86773
146	87362
147	87372
148	87495
149	90385
150	90474
151	93661
152	93935
153	94083
154	94419
155	94430
156	94898
157	95833
158	96238
159	97544
160	98535
161	98986
162	100164
163	101686
164	104121
165	104949
166	105413
167	106612
168	107226
169	107514
170	108321
171	112244
172	112432
173	112586
174	112773
175	113242
176	113361
177	113412
178	113789
179	114469
180	114562
181	114864
182	114885
183	114951
184	115370
185	115398
186	117249
187	117255
188	117594
189	117656
190	117843
191	118518
192	119261
193	120584
194	120882
195	121007
196	122621
197	122872
198	123228
199	124412
200	124819
201	125318
202	125456
203	125549
204	125550
205	125556
206	126996
207	127044
208	127068
209	127076
210	128361
211	129387
212	129450
213	130861
214	131097
215	131254
216	131519
217	131552
218	132466
219	132573
220	133737
221	134178
222	134774
223	136531
224	136718
225	137015
226	137959
227	138306
228	138450
229	139428
230	141104
231	141691
232	141692
233	141994
234	142112
235	142872
236	143276
237	143854
238	143862
239	144075
240	145685
241	146324
242	146404
243	147580
244	147841
245	149520
246	149618
247	152128
248	152836
249	153785
250	154407
251	155181
252	155269
253	155584
254	156001
255	156447
256	156741
257	157042
258	157236
259	157782
260	157926
261	158419
262	158587
263	159375
264	160281
265	161145
266	161939
267	162238
268	162289
269	163492
270	163983
271	163990
272	164386
273	164823
274	165657
275	166449
276	166677
277	166857
278	167222
279	168539
280	168778
281	169961
282	170501
283	170569
284	172526
285	172751
286	173227
287	173451
288	173661
289	173772
290	174360
291	174976
292	175292
293	175564
294	178367
295	178895
296	180028
297	180910
298	181299
299	183955
300	185633
301	185891
302	186066
303	186305
304	187652
305	188083
306	190819
307	191655
308	192001
309	194031
310	195768
311	195863
312	196128
313	197535
314	198933
315	199269
316	200364
317	200451
318	201346
319	202589
320	203524
321	203791
322	204109
323	204187
324	208744
325	209654
326	210569
327	210701
328	212006
329	212438
330	212711
331	214477
332	214734
333	214990
334	216155
335	216523
336	216665
337	218786
338	219716
339	220059
340	220098
341	220937
342	221188
343	221380
344	222747
345	222987
346	224063
347	224180
348	224944
349	226755
350	226852
351	227049
352	227334
353	227580
354	227708
355	232950
356	233285
357	234582
358	235951
359	236359
360	237408
361	237802
362	238046
363	238187
364	238345
365	238398
366	238456
367	238784
368	239042
369	239332
370	239410
371	241208
372	241268
373	241435
374	241759
375	242110
376	242431
377	242649
378	242908
379	242937
380	242955
381	244244
382	245029
383	245451
384	246056
385	246933
386	246951
387	247775
388	248585
389	249426
390	250054
391	250231
392	250242
393	250511
394	251373
395	251832
396	251839
397	252009
398	252071
399	252250
400	253574
401	255067
402	255420
403	255588
404	256675
405	256961
406	258258
407	258452
408	258515
409	258715
410	258964
411	259343
412	259793
413	260946
414	262493
415	262529
416	262645
417	262672
418	262684
419	262715
420	263132
421	263340
422	263405
423	263748
424	264031
425	264055
426	264193
427	264298
428	264472
429	266256
430	266786
431	267133
432	267316
433	268116
434	268641
435	268999
436	269031
437	270403
438	271231
439	271437
440	271961
441	272574
442	273526
443	275196
444	275228
445	275230
446	276385
447	276874
448	277473
449	277835
450	278051
451	278357
452	278485
453	279239
454	279571
455	279578
456	279615
457	279617
458	279627
459	279671
460	280029
461	280359
462	280480
463	281420
464	281568
465	281786
466	281909
467	282181
468	282207
469	282495
470	287808
471	288578
472	288693
473	289408
474	290942
475	291020
476	291042
477	291354
478	291726
479	292291
480	299572
481	300160
482	300581
483	300586
484	300862
485	300942
486	301275
487	301563
488	301981
489	303072
490	303950
491	304194
492	304331
493	304538
494	304563
495	304565
496	304566
497	304579
498	304625
499	304672
500	304699
501	305039
502	306076
503	306975
504	307239
505	307550
506	307878
507	308008
508	308350
509	308804
510	309241
511	309267
512	309312
513	309489
514	309731
515	310475
516	310825
517	310927
518	312841
519	313082
520	314486
521	315877
522	315906
523	316963
524	317200
525	318843
526	319197
527	319201
528	319240
529	319602
530	321053
531	321225
532	321490
533	323087
534	323153
535	324775
536	325521
537	325721
538	327135
539	329261
540	330016
541	330061
542	330403
543	330581
544	330582
545	330606
546	330854
547	331007
548	331256
549	331324
550	332181
551	332783
552	332785
553	332842
554	332868
555	332924
556	333970
557	334444
558	334737
559	334782
560	334784
561	334787
562	335107
563	335229
564	335345
565	335975
566	336053
567	336072
568	336098
569	336258
570	336770
571	336986
572	337030
573	337139
574	337220
575	337333
576	337362
577	337788
578	338308
579	338666
580	338682
581	339184
582	341696
583	341758
584	341810
585	341839
586	342748
587	343361
588	343526
589	343669
590	343914
591	344046
592	345563
593	346203
594	346837
595	347060
596	347225
597	350643
598	351381
599	351600
600	351973
601	352373
602	352708
603	352720
604	352723
605	352805
606	353632
607	353638
608	355126
609	355303
610	355423
611	355502
612	355573
613	355638
614	355760
615	355769
616	356850
617	357292
618	357354
619	357376
620	357377
621	357742
622	357769
623	358048
624	358073
625	358399
626	358473
627	358476
628	358498
629	358566
630	358829
631	359021
632	359498
633	359518
634	359757
635	359826
636	360186
637	360554
638	361619
639	362441
640	362452
641	362514
642	362916
643	363340
644	363597
645	363700
646	363708
647	364272
648	365374
649	366450
650	366853
651	366868
652	367584
653	367624
654	368223
655	368225
656	368262
657	369016
658	369265
659	370631
660	372113
661	372172
662	373909
663	373945
664	374361
665	374908
666	375665
667	375997
668	376263
669	377886
670	379386
671	379563
672	379576
673	380092
674	380093
675	380100
676	380103
677	380118
678	380349
679	380896
680	384578
681	384598
682	384599
683	385925
684	387151
685	387458
686	388383
687	388630
688	388856
689	390157
690	390343
691	390564
692	391086
693	391586
694	392469
695	393287
696	393612
697	394009
698	394443
699	395627
700	396281
701	397076
702	397578
703	399318
704	399394
705	399505
706	399603
707	400486
708	401784
709	402076
710	402200
711	402386
712	404232
713	404432
714	404505
715	404998
716	405119
717	405508
718	406215
719	406366
720	406460
721	406461
722	406462
723	406579
724	407071
725	407089
726	407513
727	407759
728	408839
729	409306
730	409478
731	409661
732	410589
733	411999
734	412029
735	412836
736	414418
737	415965
738	416495
739	416998
740	419505
741	420252
742	421668
743	422192
744	422495
745	422500
746	422615
747	423551
748	423802
749	423824
750	424302
751	424457
752	425718
753	426349
754	426771
755	427304
756	427475
757	428008
758	428628
759	429326
760	429966
761	432155
762	433870
763	433979
764	435935
765	435986
766	436080
767	436094
768	436195
769	440219
770	441095
771	441423
772	441776
773	441797
774	441798
775	442097
776	442396
777	443640
778	443756
779	444156
780	444933
781	445312
782	445454
783	445456
784	446203
785	446762
786	447242
787	447481
788	447548
789	447565
790	448012
791	448660
792	449496
793	450107
794	450123
795	450164
796	450192
797	450194
798	450701
799	450796
800	450894
801	450941
802	451037
803	452127
804	452129
805	452406
806	453354
807	454007
808	454115
809	455017
810	455026
811	455735
812	456797
813	457211
814	457758
815	458291
816	458346
817	459505
818	460122
819	460363
820	461810
821	461885
822	462099
823	462796
824	463696
825	464426
826	464925
827	466946
828	467375
829	467859
830	469493
831	470046
832	470105
833	470199
834	471061
835	471793
836	472177
837	472242
838	473354
839	473684
840	473791
841	475554
842	476221
843	477885
844	479280
845	480153
846	480268
847	480419
848	480906
849	482334
850	484080
851	486245
852	487997
853	490429
854	491214
855	491390
856	492032
857	492873
858	494513
859	495259
860	497449
861	498561
862	500088
863	501149
864	501877
865	502250
866	502487
867	503078
868	503234
869	505589
870	505664
871	505992
872	507342
873	507550
874	509580
875	510042
876	510150
877	510303
878	510468
879	510753
880	512072
881	512369
882	512482
883	512689
884	513022
885	513332
886	517089
887	518905
888	518930
889	518946
890	519088
891	519103
892	519864
893	519899
894	520666
895	522948
896	523445
897	523832
898	524237
899	524563
900	525058
901	525930
902	526648
903	526685
904	527175
905	527547
906	527661
907	528967
908	529093
909	529102
910	529601
911	530483
912	530826
913	531817
914	531830
915	532355
916	532830
917	533475
918	533524
919	534068
920	535958
921	536704
922	537470
923	538299
924	539108
925	539300
926	540180
927	540902
928	541013
929	541691
930	542499
931	542682
932	543477
933	543660
934	543729
935	544595
936	544988
937	545217
938	545711
939	545740
940	545977
941	546345
942	546471
943	546617
944	546660
945	546789
946	546829
947	547291
948	547372
949	547959
950	548000
951	548807
952	548848
953	548857
954	549876
955	549999
956	551494
957	551659
958	552496
959	552570
960	552767
961	552916
962	553001
963	553027
964	553135
965	553468
966	553489
967	553597
968	554139
969	554401
970	554601
971	554922
972	555487
973	556350
974	556890
975	557540
976	557592
977	557995
978	558967
979	560038
980	561015
981	561418
982	561554
983	561781
984	563212
985	564563
986	564856
987	567360
988	568320
989	568707
990	570068
991	570267
992	570397
993	570610
994	570645
995	570747
996	571127
997	572813
998	573671
999	573904
1000	573932
1001	575832
1002	575996
1003	576280
1004	576602
1005	576646
1006	576699
1007	577180
1008	577308
1009	577524
1010	578984
1011	579255
1012	579419
1013	579559
1014	581240
1015	583009
1016	583942
1017	584764
1018	585218
1019	585427
1020	585582
1021	585943
1022	586163
1023	586282
1024	586831
1025	587130
1026	587235
1027	588020
1028	588211
1029	588356
1030	588497
1031	589650
1032	591031
1033	591051
1034	593007
1035	593449
1036	594008
1037	594949
1038	595575
1039	596161
1040	596485
1041	596591
1042	597025
1043	597899
1044	597911
1045	598228
1046	598706
1047	600602
1048	601028
1049	602140
1050	602255
1051	602997
1052	603644
1053	604046
1054	604216
1055	604316
1056	605943
1057	606444
1058	606528
1059	607132
1060	607381
1061	607793
1062	609100
1063	609101
1064	610875
1065	610964
1066	612774
1067	613771
1068	616253
1069	616306
1070	616361
1071	616976
1072	617095
1073	618318
1074	619444
1075	619600
1076	619630
1077	621260
1078	621590
1079	622092
1080	622193
1081	622448
1082	622788
1083	622847
1084	622959
1085	623918
1086	623952
1087	624257
1088	626152
1089	626645
1090	627316
1091	628588
1092	628947
1093	629046
1094	629334
1095	629686
1096	629708
1097	629902
1098	629962
1099	631197
1100	631903
1101	632724
1102	633116
1103	633373
1104	634366
1105	634572
1106	634720
1107	635334
1108	635506
1109	635817
1110	636043
1111	636970
1112	636986
1113	637157
1114	637221
1115	637494
1116	637781
1117	638877
1118	639445
1119	639546
1120	639744
1121	639754
1122	640978
1123	641122
1124	641684
1125	641753
1126	642341
1127	642368
1128	643057
1129	643215
1130	643453
1131	643608
1132	643878
1133	644927
1134	645236
1135	646198
1136	646692
1137	647543
1138	647683
1139	647900
1140	647902
1141	648114
1142	648197
1143	648470
1144	648775
1145	648777
1146	648798
1147	648818
1148	648825
1149	649504
1150	649537
1151	651368
1152	651451
1153	652401
1154	655112
1155	656553
1156	657508
1157	657656
1158	658297
1159	659129
1160	659933
1161	660801
1162	663406
1163	664889
1164	665662
1165	668725
1166	669403
1167	669870
1168	670145
1169	670187
1170	670772
1171	671688
1172	671788
1173	672376
1174	673525
1175	674083
1176	675653
1177	676032
1178	677265
1179	678826
1180	679103
1181	679535
1182	679539
1183	680627
1184	680671
1185	680833
1186	681051
1187	681435
1188	682334
1189	682394
1190	682547
1191	682726
1192	682878
1193	684109
1194	684552
1195	685833
1196	686456
1197	686487
1198	686507
1199	686582
1200	686682
1201	687962
1202	688189
1203	689220
1204	690464
1205	690686
1206	690793
1207	690835
1208	690936
1209	691500
1210	691521
1211	691999
1212	692508
1213	692960
1214	694291
1215	695054
1216	695225
1217	695800
1218	696613
1219	698193
1220	699947
1221	701727
1222	702136
1223	702500
1224	703395
1225	704189
1226	704647
1227	705081
1228	705154
1229	705648
1230	706151
1231	706760
1232	707013
1233	707292
1234	707674
1235	707714
1236	709373
1237	710848
1238	711973
1239	712956
1240	713095
1241	713176
1242	713209
1243	713833
1244	714609
1245	714824
1246	714854
1247	715527
1248	716743
1249	716821
1250	716899
1251	717170
1252	717414
1253	718180
1254	718417
1255	718800
1256	719720
1257	721393
1258	724452
1259	724726
1260	724820
1261	726105
1262	726122
1263	726549
1264	726740
1265	727711
1266	728409
1267	728521
1268	728544
1269	728659
1270	729693
1271	730016
1272	730405
1273	731357
1274	731450
1275	732192
1276	732445
1277	733264
1278	733995
1279	734497
1280	734803
1281	735695
1282	737593
1283	737787
1284	738172
1285	738175
1286	738182
1287	738202
1288	738206
1289	738320
1290	738401
1291	738755
1292	739155
1293	740530
1294	740877
1295	741699
1296	741791
1297	743385
1298	743572
1299	743592
1300	745408
1301	745515
1302	746235
1303	747284
1304	747416
1305	747628
1306	748787
1307	751152
1308	751880
1309	751895
1310	752222
1311	752242
1312	752297
1313	752312
1314	753450
1315	753642
1316	753991
1317	754297
1318	754391
1319	755509
1320	755569
1321	755765
1322	756274
1323	756588
1324	757014
1325	757225
1326	758717
1327	759035
1328	759790
1329	760045
1330	761434
1331	761600
1332	762332
1333	762422
1334	762545
1335	762571
1336	763367
1337	763692
1338	763760
1339	763969
1340	764774
1341	765938
1342	766362
1343	766379
1344	766495
1345	767172
1346	767923
1347	768012
1348	768369
1349	768587
1350	769247
1351	769389
1352	770937
1353	771496
1354	771923
1355	772294
1356	773649
1357	774065
1358	774084
1359	774406
1360	775148
1361	775972
1362	777187
1363	777232
1364	778478
1365	779570
1366	779656
1367	779679
1368	780829
1369	780865
1370	781310
1371	782403
1372	783030
1373	783099
1374	784686
1375	785216
1376	785545
1377	785636
1378	786051
1379	786410
1380	786417
1381	786440
1382	786448
1383	786471
1384	787695
1385	788379
1386	789047
1387	789955
1388	790654
1389	793788
1390	794374
1391	794821
1392	796031
1393	796050
1394	796440
1395	796441
1396	796525
1397	796887
1398	797679
1399	799238
1400	799654
1401	799716
1402	800775
1403	800882
1404	803925
1405	804098
1406	804945
1407	805353
1408	806873
1409	806923
1410	807196
1411	807431
1412	808115
1413	808174
1414	810650
1415	811456
1416	811943
1417	813525
1418	814093
1419	816846
1420	817597
1421	817825
1422	818203
1423	818244
1424	818381
1425	818708
1426	820007
1427	820333
1428	820346
1429	820495
1430	821500
1431	822091
1432	822242
1433	822801
1434	823769
1435	824579
1436	825124
1437	825409
1438	826342
1439	826848
1440	827088
1441	828062
1442	828332
1443	828843
1444	829459
1445	830297
1446	831622
1447	832732
1448	832735
1449	833063
1450	833570
1451	834963
1452	835024
1453	835582
1454	835848
1455	836655
1456	836785
1457	837261
1458	837371
1459	838065
1460	838937
1461	839061
1462	839198
1463	839325
1464	840046
1465	841327
1466	841453
1467	842052
1468	842304
1469	842548
1470	843755
1471	845091
1472	845803
1473	847710
1474	847981
1475	849163
1476	850832
1477	851053
1478	852330
1479	853213
1480	853817
1481	853862
1482	854361
1483	854459
1484	854496
1485	854674
1486	855278
1487	855842
1488	856245
1489	856729
1490	857013
1491	857160
1492	857250
1493	857924
1494	858064
1495	858248
1496	858356
1497	858764
1498	859571
1499	860108
1500	861112
1501	861209
1502	861444
1503	861510
1504	861792
1505	862939
1506	863034
1507	863397
1508	864009
1509	864593
1510	864616
1511	864701
1512	864705
1513	864706
1514	865008
1515	865986
1516	866340
1517	867509
1518	868292
1519	868636
1520	868789
1521	869262
1522	869556
1523	870321
1524	871374
1525	875704
1526	876044
1527	877683
1528	878216
1529	878408
1530	878623
1531	879175
1532	880330
1533	880535
1534	880919
1535	883104
1536	883162
1537	883490
1538	883618
1539	885881
1540	886080
1541	886804
1542	888109
1543	890909
1544	891690
1545	892883
1546	893467
1547	896352
1548	896692
1549	898159
1550	898244
1551	899577
1552	899717
1553	900078
1554	900148
1555	900464
1556	900812
1557	902165
1558	902340
1559	903735
1560	904659
1561	905468
1562	905969
1563	906190
1564	906403
1565	907290
1566	907855
1567	908398
1568	909136
1569	909272
1570	909651
1571	909817
1572	910137
1573	911449
1574	912333
1575	912876
1576	912969
1577	913192
1578	913634
1579	914220
1580	914615
1581	914645
1582	914648
1583	914679
1584	914712
1585	915662
1586	915714
1587	915831
1588	916832
1589	917846
1590	918691
1591	918849
1592	919225
1593	919536
1594	919983
1595	920217
1596	920804
1597	920897
1598	920923
1599	921244
1600	922696
1601	924798
1602	925046
1603	925836
1604	926955
1605	928703
1606	928927
1607	931560
1608	931756
1609	931765
1610	932483
1611	932938
1612	933771
1613	934860
1614	935038
1615	935432
1616	936563
1617	938689
1618	939242
1619	939299
1620	939607
1621	941105
1622	941670
1623	941815
1624	941878
1625	942468
1626	943307
1627	943326
1628	944244
1629	944457
1630	947009
1631	947367
1632	947744
1633	948822
1634	949332
1635	949348
1636	949354
1637	949393
1638	949399
1639	949404
1640	949410
1641	950341
1642	950669
1643	951730
1644	952783
1645	953071
1646	953825
1647	954645
1648	955799
1649	955963
1650	956390
1651	956609
1652	957330
1653	958141
1654	958149
1655	959405
1656	960004
1657	960577
1658	960834
1659	961007
1660	961292
1661	961433
1662	961701
1663	961760
1664	962230
1665	963649
1666	963985
1667	965170
1668	965174
1669	965185
1670	965186
1671	965814
1672	965837
1673	966961
1674	967278
1675	967411
1676	967414
1677	967872
1678	970180
1679	971493
1680	973033
1681	973119
1682	974437
1683	974849
1684	975020
1685	977190
1686	977219
1687	977538
1688	978183
1689	978246
1690	979832
1691	980152
1692	980203
1693	980293
1694	981309
1695	982098
1696	982882
1697	983527
1698	983531
1699	985287
1700	986211
1701	987360
1702	987424
1703	987593
1704	988313
1705	989838
1706	992077
1707	992212
1708	992723
1709	992849
1710	992944
1711	993168
1712	993696
1713	994351
1714	994747
1715	994776
1716	994918
1717	995560
1718	996243
1719	997664
1720	997665
1721	998242
1722	999980
1723	1000142
1724	1000551
1725	1003768
1726	1003889
1727	1004559
1728	1004957
1729	1006122
1730	1007577
1731	1010445
1732	1011028
1733	1011315
1734	1011631
1735	1012216
1736	1012961
1737	1014188
1738	1014333
1739	1014965
1740	1015546
1741	1015901
1742	1017640
1743	1018898
1744	1018900
1745	1019413
1746	1019777
1747	1019880
1748	1020134
1749	1020867
1750	1022875
1751	1022895
1752	1023557
1753	1023605
1754	1023822
1755	1024222
1756	1024305
1757	1024323
1758	1024328
1759	1025406
1760	1026252
1761	1026295
1762	1026553
1763	1026588
1764	1028709
1765	1031733
1766	1032406
1767	1032724
1768	1032845
1769	1032978
1770	1033742
1771	1035087
1772	1035982
1773	1036163
1774	1036264
1775	1037442
1776	1037809
1777	1038199
1778	1038563
1779	1040007
1780	1040171
1781	1040242
1782	1041757
1783	1042131
1784	1042355
1785	1042807
1786	1043421
1787	1043425
1788	1044064
1789	1044804
1790	1045406
1791	1045803
1792	1047159
1793	1047876
1794	1048058
1795	1048287
1796	1049224
1797	1049226
1798	1050319
1799	1051054
1800	1051939
1801	1052264
1802	1052587
1803	1054079
1804	1054222
1805	1054734
1806	1055515
1807	1055628
1808	1056549
1809	1059229
1810	1060433
1811	1061256
1812	1062062
1813	1062120
1814	1062312
1815	1062606
1816	1063617
1817	1064771
1818	1065299
1819	1065698
1820	1066259
1821	1066763
1822	1067206
1823	1067845
1824	1068314
1825	1068651
1826	1068867
1827	1069988
1828	1070534
1829	1070896
1830	1072416
1831	1072579
1832	1072723
1833	1073425
1834	1073487
1835	1074472
1836	1075007
1837	1075025
1838	1075369
1839	1076277
1840	1076297
1841	1076367
1842	1076582
1843	1078177
1844	1079110
1845	1079442
1846	1080576
1847	1080835
1848	1082159
1849	1082260
1850	1082456
1851	1083285
1852	1084401
1853	1084569
1854	1086337
1855	1086612
1856	1086669
1857	1086738
1858	1086836
1859	1086911
1860	1087098
1861	1088371
1862	1088554
1863	1088563
1864	1088865
1865	1089195
1866	1091276
1867	1091365
1868	1091436
1869	1092014
1870	1092911
1871	1092946
1872	1093700
1873	1094284
1874	1094304
1875	1096017
1876	1096151
1877	1096330
1878	1096909
1879	1096915
1880	1097750
1881	1098693
1882	1100544
1883	1101256
1884	1102334
1885	1102610
1886	1103085
1887	1103249
1888	1103779
1889	1103985
1890	1104120
1891	1105394
1892	1108954
1893	1110064
1894	1110487
1895	1110794
1896	1110888
1897	1111145
1898	1111361
1899	1112391
1900	1112572
1901	1113297
1902	1113500
1903	1113734
1904	1114271
1905	1114436
1906	1114631
1907	1115391
1908	1116561
1909	1116609
1910	1117137
1911	1119153
1912	1119180
1913	1119226
1914	1119799
1915	1119989
1916	1121032
1917	1121598
1918	1121971
1919	1121991
1920	1123705
1921	1123962
1922	1126531
1923	1126639
1924	1127196
1925	1127236
1926	1127380
1927	1127959
1928	1128231
1929	1128401
1930	1128940
1931	1129012
1932	1129523
1933	1129806
1934	1130008
1935	1130542
1936	1130862
1937	1131047
1938	1131073
1939	1131586
1940	1132098
1941	1133100
1942	1133251
1943	1133275
1944	1133509
1945	1133873
1946	1135207
1947	1136639
1948	1137264
1949	1138303
1950	1138587
1951	1140583
1952	1140831
1953	1141201
1954	1142179
1955	1142590
1956	1143547
1957	1143779
1958	1144663
1959	1145379
1960	1146164
1961	1147462
1962	1147822
1963	1148954
1964	1149895
1965	1151043
1966	1151881
1967	1152229
1968	1152546
1969	1152656
1970	1152847
1971	1153162
1972	1154229
1973	1154824
1974	1156437
1975	1156743
1976	1157419
1977	1158887
1978	1159238
1979	1159252
1980	1159858
1981	1160265
1982	1162751
1983	1164116
1984	1164514
1985	1164634
1986	1164659
1987	1164706
1988	1165360
1989	1165530
1990	1167398
1991	1167943
1992	1168341
1993	1169254
1994	1169281
1995	1171550
1996	1172100
1997	1172692
1998	1172912
1999	1172989
2000	1173943
2001	1175257
2002	1175342
2003	1175525
2004	1175533
2005	1176427
2006	1176529
2007	1177162
2008	1177349
2009	1178212
2010	1178674
2011	1179235
2012	1180597
2013	1180863
2014	1181255
2015	1182468
2016	1182685
2017	1182996
2018	1183616
2019	1184746
2020	1185583
2021	1185676
2022	1185821
2023	1185904
2024	1193538
2025	1194385
2026	1194450
2027	1194775
2028	1196838
2029	1197091
2030	1198830
2031	1199536
2032	1202719
2033	1203692
2034	1203957
2035	1204393
2036	1204425
2037	1204553
2038	1205077
2039	1205654
2040	1206899
2041	1207017
2042	1207126
2043	1207398
2044	1207404
2045	1209303
2046	1210365
2047	1210695
2048	1211045
2049	1211502
2050	1211893
2051	1211939
2052	1212196
2053	1212260
2054	1212508
2055	1213022
2056	1213544
2057	1217425
2058	1217778
2059	1218534
2060	1218774
2061	1224071
2062	1226032
2063	1228988
2064	1229107
2065	1229114
2066	1232854
2067	1234887
2068	1235472
2069	1235953
2070	1239766
2071	1239963
2072	1241093
2073	1241236
2074	1241381
2075	1241771
2076	1242996
2077	1243651
2078	1243732
2079	1244215
2080	1244687
2081	1244874
2082	1245333
2083	1246307
2084	1246780
2085	1251196
2086	1251197
2087	1253203
2088	1253244
2089	1253310
2090	1254348
2091	1254670
2092	1257431
2093	1259142
2094	1259334
2095	1260057
2096	1260110
2097	1260174
2098	1260618
2099	1260861
2100	1261198
2101	1261475
2102	1262330
2103	1262553
2104	1263269
2105	1263712
2106	1264476
2107	1264674
2108	1265668
2109	1266115
2110	1266781
2111	1267304
2112	1267741
2113	1268093
2114	1268104
2115	1268932
2116	1269333
2117	1270224
2118	1271157
2119	1271162
2120	1274721
2121	1275401
2122	1276094
2123	1276986
2124	1278514
2125	1278780
2126	1278991
2127	1279876
2128	1279894
2129	1280233
2130	1280705
2131	1281606
2132	1282079
2133	1283051
2134	1283221
2135	1283401
2136	1284305
2137	1284973
2138	1285170
2139	1285860
2140	1286070
2141	1286089
2142	1286303
2143	1286437
2144	1286879
2145	1287894
2146	1289491
2147	1290006
2148	1290268
2149	1290561
2150	1290858
2151	1290882
2152	1291422
2153	1291839
2154	1291899
2155	1292254
2156	1294607
2157	1295876
2158	1297214
2159	1297265
2160	1297335
2161	1297491
2162	1298310
2163	1298889
2164	1299155
2165	1299770
2166	1301121
2167	1301649
2168	1302221
2169	1302467
2170	1303114
2171	1307746
2172	1307799
2173	1308037
2174	1308222
2175	1309654
2176	1310053
2177	1310669
2178	1311124
2179	1311592
2180	1311849
2181	1311900
2182	1312301
2183	1312330
2184	1312936
2185	1314386
2186	1315037
2187	1316091
2188	1317223
2189	1317257
2190	1317349
2191	1317382
2192	1317383
2193	1317502
2194	1317684
2195	1317950
2196	1317993
2197	1318583
2198	1318617
2199	1319395
2200	1319811
2201	1320324
2202	1325109
2203	1325182
2204	1325540
2205	1325633
2206	1326363
2207	1326427
2208	1327558
2209	1328460
2210	1328508
2211	1329393
2212	1329477
2213	1331100
2214	1331130
2215	1331898
2216	1332019
2217	1332387
2218	1332393
2219	1332623
2220	1333360
2221	1333527
2222	1334803
2223	1334817
2224	1335011
2225	1335054
2226	1335494
2227	1336248
2228	1336549
2229	1336554
2230	1336871
2231	1337801
2232	1337950
2233	1338235
2234	1338585
2235	1338586
2236	1339810
2237	1341072
2238	1341323
2239	1341560
2240	1341844
2241	1342385
2242	1342795
2243	1342949
2244	1343875
2245	1344175
2246	1344694
2247	1344714
2248	1345239
2249	1345425
2250	1346473
2251	1347102
2252	1350068
2253	1350461
2254	1350512
2255	1351640
2256	1351668
2257	1351773
2258	1352032
2259	1352173
2260	1352804
2261	1353982
2262	1354007
2263	1354362
2264	1354752
2265	1355469
2266	1355549
2267	1356622
2268	1356845
2269	1356904
2270	1356913
2271	1357128
2272	1357403
2273	1358017
2274	1358118
2275	1358649
2276	1358684
2277	1361001
2278	1361030
2279	1361079
2280	1361846
2281	1362038
2282	1362671
2283	1363240
2284	1363399
2285	1364207
2286	1364218
2287	1364417
2288	1364814
2289	1364986
2290	1366489
2291	1366628
2292	1367480
2293	1367672
2294	1368377
2295	1369324
2296	1370348
2297	1370911
2298	1371640
2299	1372479
2300	1372737
2301	1373524
2302	1373735
2303	1374590
2304	1375549
2305	1375627
2306	1376305
2307	1376424
2308	1376778
2309	1376789
2310	1377562
2311	1377949
2312	1378451
2313	1379796
2314	1381005
2315	1381941
2316	1382359
2317	1382667
2318	1382944
2319	1383509
2320	1384434
2321	1384470
2322	1385377
2323	1387444
2324	1387538
2325	1390239
2326	1390621
2327	1391671
2328	1391757
2329	1392095
2330	1392263
2331	1392507
2332	1392549
2333	1392639
2334	1393766
2335	1394391
2336	1395025
2337	1395323
2338	1397318
2339	1397334
2340	1399159
2341	1400095
2342	1400996
2343	1402495
2344	1402548
2345	1404092
2346	1404678
2347	1405468
2348	1405675
2349	1405762
2350	1405815
2351	1406070
2352	1407583
2353	1407788
2354	1407912
2355	1409546
2356	1410392
2357	1410942
2358	1411619
2359	1412604
2360	1412618
2361	1413671
2362	1415101
2363	1415686
2364	1416361
2365	1416400
2366	1416776
2367	1417914
2368	1418297
2369	1420766
2370	1421443
2371	1422365
2372	1422989
2373	1423421
2374	1424029
2375	1424427
2376	1424997
2377	1429035
2378	1429337
2379	1429368
2380	1430468
2381	1431143
2382	1431254
2383	1431756
2384	1432110
2385	1432146
2386	1432831
2387	1434019
2388	1435387
2389	1435415
2390	1437023
2391	1437267
2392	1438043
2393	1438563
2394	1439753
2395	1440045
2396	1441006
2397	1441290
2398	1442002
2399	1443298
2400	1443794
2401	1443868
2402	1444540
2403	1445018
2404	1445713
2405	1445728
2406	1445758
2407	1446127
2408	1446331
2409	1446733
2410	1446772
2411	1446774
2412	1447090
2413	1447144
2414	1447174
2415	1447354
2416	1447383
2417	1447636
2418	1447669
2419	1447732
2420	1447796
2421	1447867
2422	1448002
2423	1448016
2424	1448083
2425	1449214
2426	1449877
2427	1450706
2428	1451004
2429	1452074
2430	1452247
2431	1452552
2432	1455311
2433	1455669
2434	1455931
2435	1456410
2436	1456671
2437	1456693
2438	1457075
2439	1457925
2440	1460211
2441	1460249
2442	1460547
2443	1461283
2444	1461990
2445	1463254
2446	1463842
2447	1464305
2448	1464317
2449	1465514
2450	1467764
2451	1468206
2452	1469458
2453	1470144
2454	1470735
2455	1471288
2456	1471465
2457	1471495
2458	1473533
2459	1474631
2460	1474872
2461	1475347
2462	1475498
2463	1476291
2464	1476409
2465	1476824
2466	1477015
2467	1477240
2468	1478777
2469	1479370
2470	1479625
2471	1479670
2472	1480376
2473	1480563
2474	1480729
2475	1481864
2476	1482208
2477	1482265
2478	1483040
2479	1483270
2480	1483636
2481	1483690
2482	1483820
2483	1483869
2484	1483986
2485	1484036
2486	1484053
2487	1485101
2488	1485451
2489	1486538
2490	1486934
2491	1487857
2492	1488102
2493	1489660
2494	1490692
2495	1490931
2496	1491847
2497	1492687
2498	1492798
2499	1493277
2500	1493622
2501	1493722
2502	1493919
2503	1494296
2504	1494320
2505	1495209
2506	1495359
2507	1496370
2508	1496619
2509	1497260
2510	1497522
2511	1498358
2512	1498573
2513	1499591
2514	1499719
2515	1500165
2516	1500177
2517	1500312
2518	1500336
2519	1500441
2520	1501410
2521	1501511
2522	1501604
2523	1501613
2524	1502382
2525	1502519
2526	1503044
2527	1503068
2528	1503190
2529	1503211
2530	1503734
2531	1503756
2532	1503967
2533	1504718
2534	1505679
2535	1505798
2536	1506203
2537	1507816
2538	1507851
2539	1508282
2540	1508850
2541	1508867
2542	1508883
2543	1509269
2544	1509413
2545	1509529
2546	1510035
2547	1510073
2548	1510552
2549	1510884
2550	1511354
2551	1512510
2552	1514297
2553	1515463
2554	1515793
2555	1515973
2556	1516017
2557	1516383
2558	1516447
2559	1517235
2560	1518359
2561	1519567
2562	1522613
2563	1522666
2564	1522723
2565	1524411
2566	1526497
2567	1526935
2568	1528580
2569	1529726
2570	1530092
2571	1530785
2572	1530920
2573	1533079
2574	1533633
2575	1534941
2576	1535035
2577	1535320
2578	1536181
2579	1536202
2580	1536641
2581	1536772
2582	1537449
2583	1537465
2584	1538077
2585	1538886
2586	1539075
2587	1539277
2588	1539556
2589	1539852
2590	1540166
2591	1540469
2592	1540911
2593	1541262
2594	1543020
2595	1543379
2596	1543417
2597	1543729
2598	1544226
2599	1544547
2600	1544818
2601	1544870
2602	1545177
2603	1545245
2604	1545254
2605	1545284
2606	1545722
2607	1546454
2608	1547819
2609	1548512
2610	1548572
2611	1549035
2612	1549446
2613	1550187
2614	1550438
2615	1550458
2616	1550459
2617	1550568
2618	1550569
2619	1551231
2620	1551770
2621	1552715
2622	1554049
2623	1554070
2624	1554393
2625	1555113
2626	1555166
2627	1555257
2628	1555935
2629	1556153
2630	1558354
2631	1560760
2632	1561388
2633	1561420
2634	1562843
2635	1563275
2636	1564005
2637	1566353
2638	1566797
2639	1566827
2640	1568921
2641	1569073
2642	1569157
2643	1569229
2644	1569882
2645	1570855
2646	1571220
2647	1573409
2648	1573864
2649	1574396
2650	1576299
2651	1576611
2652	1576678
2653	1577303
2654	1577641
2655	1577732
2656	1578064
2657	1579391
2658	1579811
2659	1581000
2660	1581022
2661	1581235
2662	1583566
2663	1584309
2664	1584733
2665	1584999
2666	1585827
2667	1589246
2668	1590435
2669	1590519
2670	1590714
2671	1591376
2672	1592051
2673	1592290
2674	1592628
2675	1594929
2676	1595692
2677	1597222
2678	1598007
2679	1598294
2680	1598332
2681	1599120
2682	1599199
2683	1599689
2684	1601053
2685	1601379
2686	1602431
2687	1603003
2688	1605082
2689	1606080
2690	1606123
2691	1606292
2692	1606539
2693	1606936
2694	1607852
2695	1608354
2696	1609134
2697	1609380
2698	1609405
2699	1609745
2700	1611600
2701	1612191
2702	1612388
2703	1615366
2704	1615561
2705	1615616
2706	1617453
2707	1619064
2708	1619523
2709	1620134
2710	1620569
2711	1621409
2712	1622195
2713	1622214
2714	1622383
2715	1623131
2716	1623647
2717	1624004
2718	1625119
2719	1625195
2720	1625690
2721	1625795
2722	1625832
2723	1626188
2724	1626892
2725	1627907
2726	1627923
2727	1627929
2728	1627931
2729	1628040
2730	1628096
2731	1628099
2732	1629374
2733	1629436
2734	1629912
2735	1629922
2736	1630006
2737	1630383
2738	1630433
2739	1630875
2740	1631018
2741	1631990
2742	1632037
2743	1632245
2744	1633171
2745	1633313
2746	1633323
2747	1633566
2748	1633934
2749	1635228
2750	1635607
2751	1635814
2752	1635829
2753	1636490
2754	1636821
2755	1638129
2756	1638157
2757	1638430
2758	1639409
2759	1639893
2760	1640362
2761	1640656
2762	1640829
2763	1640904
2764	1641006
2765	1641026
2766	1641763
2767	1641863
2768	1642127
2769	1643303
2770	1643319
2771	1644875
2772	1645017
2773	1645355
2774	1645495
2775	1645931
2776	1646044
2777	1646560
2778	1646711
2779	1647442
2780	1648298
2781	1648451
2782	1649885
2783	1650023
2784	1650273
2785	1650541
2786	1651590
2787	1652272
2788	1652634
2789	1653855
2790	1654506
2791	1655529
2792	1657484
2793	1659790
2794	1659844
2795	1660101
2796	1660324
2797	1660407
2798	1660583
2799	1660687
2800	1660819
2801	1661525
2802	1661613
2803	1662462
2804	1662922
2805	1663064
2806	1663232
2807	1663711
2808	1665651
2809	1666746
2810	1666790
2811	1668107
2812	1669508
2813	1669518
2814	1670044
2815	1670366
2816	1671114
2817	1672418
2818	1672730
2819	1672871
2820	1674484
2821	1674582
2822	1674621
2823	1674717
2824	1674815
2825	1674954
2826	1675456
2827	1675834
2828	1676194
2829	1677453
2830	1677814
2831	1680152
2832	1681200
2833	1681291
2834	1681598
2835	1682337
2836	1683036
2837	1683823
2838	1684779
2839	1687479
2840	1687742
2841	1689099
2842	1690044
2843	1690497
2844	1692898
2845	1693286
2846	1693367
2847	1693487
2848	1694330
2849	1695972
2850	1696777
2851	1697037
2852	1697596
2853	1697971
2854	1698078
2855	1698144
2856	1698923
2857	1698938
2858	1699206
2859	1700091
2860	1700261
2861	1700665
2862	1702180
2863	1703418
2864	1703698
2865	1704971
2866	1705881
2867	1706165
2868	1706929
2869	1708824
2870	1709731
2871	1709822
2872	1710099
2873	1711827
2874	1712512
2875	1714615
2876	1715108
2877	1716346
2878	1717190
2879	1718102
2880	1718206
2881	1718640
2882	1718976
2883	1720079
2884	1721365
2885	1721946
2886	1722377
2887	1723347
2888	1724171
2889	1724880
2890	1725227
2891	1725388
2892	1726681
2893	1726755
2894	1726959
2895	1727487
2896	1727668
2897	1727914
2898	1728609
2899	1728717
2900	1730003
2901	1731321
2902	1731335
2903	1732248
2904	1732573
2905	1733021
2906	1733705
2907	1734294
2908	1734389
2909	1735132
2910	1735263
2911	1736284
2912	1737204
2913	1737568
2914	1738880
2915	1739377
2916	1739794
2917	1743001
2918	1743432
2919	1744277
2920	1744552
2921	1744849
2922	1745508
2923	1746005
2924	1746368
2925	1746849
2926	1747648
2927	1748084
2928	1748257
2929	1748990
2930	1749422
2931	1749799
2932	1751407
2933	1752673
2934	1752830
2935	1754297
2936	1755767
2937	1756476
2938	1756552
2939	1756649
2940	1757027
2941	1757172
2942	1758276
2943	1758469
2944	1759108
2945	1759219
2946	1759403
2947	1759547
2948	1759568
2949	1759836
2950	1760253
2951	1760414
2952	1760555
2953	1760737
2954	1760810
2955	1762165
2956	1762166
2957	1762313
2958	1762314
2959	1762317
2960	1762861
2961	1764098
2962	1764407
2963	1766013
2964	1766262
2965	1767144
2966	1769388
2967	1769980
2968	1770141
2969	1770787
2970	1770850
2971	1770915
2972	1770937
2973	1771570
2974	1771640
2975	1773456
2976	1773803
2977	1774801
2978	1775951
2979	1776056
2980	1777204
2981	1777507
2982	1778439
2983	1778833
2984	1778853
2985	1778936
2986	1780024
2987	1780635
2988	1780918
2989	1781835
2990	1782062
2991	1782552
2992	1783879
2993	1784162
2994	1785542
2995	1786086
2996	1786637
2997	1787110
2998	1787612
2999	1787786
3000	1787867
3001	1787894
3002	1789056
3003	1789159
3004	1790496
3005	1790799
3006	1794754
3007	1794969
3008	1795127
3009	1795708
3010	1796078
3011	1796733
3012	1796771
3013	1799669
3014	1800433
3015	1803276
3016	1803331
3017	1803345
3018	1804095
3019	1805040
3020	1805335
3021	1806142
3022	1806938
3023	1806971
3024	1811258
3025	1811417
3026	1813137
3027	1813790
3028	1813796
3029	1814556
3030	1816032
3031	1816251
3032	1816565
3033	1816678
3034	1817773
3035	1818994
3036	1819457
3037	1819970
3038	1820341
3039	1820476
3040	1820647
3041	1821758
3042	1821876
3043	1821978
3044	1822330
3045	1823494
3046	1823600
3047	1823687
3048	1823899
3049	1824286
3050	1824431
3051	1824534
3052	1824816
3053	1824900
3054	1825947
3055	1826695
3056	1827507
3057	1827696
3058	1827851
3059	1828228
3060	1829179
3061	1829489
3062	1829839
3063	1830512
3064	1830545
3065	1830551
3066	1830796
3067	1831232
3068	1831396
3069	1831491
3070	1831900
3071	1832412
3072	1833544
3073	1833898
3074	1834151
3075	1835657
3076	1835959
3077	1836121
3078	1836364
3079	1836980
3080	1837784
3081	1837964
3082	1838377
3083	1838440
3084	1838528
3085	1838545
3086	1838804
3087	1839444
3088	1842604
3089	1842621
3090	1842676
3091	1842692
3092	1843146
3093	1843371
3094	1843391
3095	1843414
3096	1844013
3097	1844151
3098	1845688
3099	1846323
3100	1846429
3101	1846657
3102	1847312
3103	1848139
3104	1848865
3105	1849130
3106	1849720
3107	1851154
3108	1851496
3109	1852245
3110	1852371
3111	1852583
3112	1853732
3113	1854485
3114	1854489
3115	1854530
3116	1854983
3117	1855398
3118	1855450
3119	1855651
3120	1856320
3121	1857680
3122	1857758
3123	1858109
3124	1862913
3125	1863461
3126	1864015
3127	1864366
3128	1865473
3129	1866224
3130	1867148
3131	1868077
3132	1868675
3133	1868804
3134	1869023
3135	1869129
3136	1869349
3137	1869729
3138	1869886
3139	1869959
3140	1870002
3141	1870652
3142	1871646
3143	1871918
3144	1873019
3145	1873492
3146	1874542
3147	1874761
3148	1874859
3149	1874863
3150	1876103
3151	1876680
3152	1878880
3153	1879238
3154	1879756
3155	1879837
3156	1880469
3157	1880714
3158	1881022
3159	1881162
3160	1881964
3161	1881989
3162	1882128
3163	1882228
3164	1882952
3165	1883242
3166	1883316
3167	1883541
3168	1883685
3169	1884159
3170	1885164
3171	1885374
3172	1885499
3173	1885696
3174	1885894
3175	1886158
3176	1886315
3177	1886760
3178	1887012
3179	1887386
3180	1888023
3181	1888093
3182	1888224
3183	1888322
3184	1888378
3185	1888724
3186	1889063
3187	1891084
3188	1892421
3189	1892487
3190	1892611
3191	1893187
3192	1894330
3193	1894755
3194	1894970
3195	1895752
3196	1895914
3197	1896147
3198	1896788
3199	1897109
3200	1897616
3201	1897832
3202	1899143
3203	1899307
3204	1900281
3205	1900756
3206	1900944
3207	1901088
3208	1901096
3209	1901619
3210	1902257
3211	1902932
3212	1903960
3213	1904109
3214	1904583
3215	1904842
3216	1905743
3217	1905798
3218	1906140
3219	1906154
3220	1906464
3221	1907558
3222	1908288
3223	1908922
3224	1909126
3225	1910067
3226	1910456
3227	1910601
3228	1913557
3229	1913567
3230	1913766
3231	1913945
3232	1913951
3233	1915059
3234	1916851
3235	1917503
3236	1918078
3237	1918756
3238	1918883
3239	1919335
3240	1919676
3241	1919892
3242	1920115
3243	1920695
3244	1921363
3245	1922107
3246	1922166
3247	1922353
3248	1922612
3249	1923499
3250	1924319
3251	1925225
3252	1926958
3253	1929380
3254	1929468
3255	1929477
3256	1929806
3257	1930728
3258	1930931
3259	1931208
3260	1932672
3261	1932775
3262	1933061
3263	1933743
3264	1934528
3265	1934836
3266	1935036
3267	1936298
3268	1936467
3269	1938301
3270	1938657
3271	1938903
3272	1939024
3273	1939594
3274	1939898
3275	1940324
3276	1943067
3277	1944451
3278	1944780
3279	1944903
3280	1945809
3281	1946877
3282	1947059
3283	1947698
3284	1948076
3285	1948325
3286	1949921
3287	1950424
3288	1950465
3289	1950696
3290	1951672
3291	1951775
3292	1952852
3293	1953469
3294	1955006
3295	1955560
3296	1955580
3297	1955944
3298	1956050
3299	1956560
3300	1956773
3301	1956980
3302	1958237
3303	1958387
3304	1958826
3305	1959582
3306	1959602
3307	1960756
3308	1961712
3309	1962055
3310	1964043
3311	1965462
3312	1965928
3313	1965978
3314	1966634
3315	1967809
3316	1967836
3317	1968942
3318	1969351
3319	1969704
3320	1969890
3321	1971071
3322	1971345
3323	1971843
3324	1971903
3325	1972074
3326	1973564
3327	1974295
3328	1974602
3329	1974627
3330	1978779
3331	1978827
3332	1978847
3333	1979719
3334	1979779
3335	1981324
3336	1981765
3337	1981896
3338	1982121
3339	1982722
3340	1982746
3341	1983532
3342	1984690
3343	1985179
3344	1985747
3345	1986096
3346	1986418
3347	1987849
3348	1987911
3349	1988122
3350	1988152
3351	1988543
3352	1988900
3353	1990021
3354	1990023
3355	1990467
3356	1992381
3357	1992565
3358	1993059
3359	1994119
3360	1994125
3361	1994152
3362	1994269
3363	1994800
3364	1994802
3365	1995105
3366	1995217
3367	1995438
3368	1995522
3369	2000145
3370	2000426
3371	2000507
3372	2000539
3373	2000662
3374	2000696
3375	2000698
3376	2001121
3377	2001122
3378	2001199
3379	2001821
3380	2002578
3381	2002652
3382	2002706
3383	2003208
3384	2003637
3385	2005111
3386	2005288
3387	2005333
3388	2005401
3389	2005468
3390	2006894
3391	2007641
3392	2007788
3393	2009635
3394	2010624
3395	2010813
3396	2010860
3397	2010941
3398	2011035
3399	2011643
3400	2011998
3401	2013387
3402	2013679
3403	2014167
3404	2015187
3405	2015298
3406	2015338
3407	2015352
3408	2016679
3409	2019180
3410	2019414
3411	2023480
3412	2024170
3413	2024938
3414	2026028
3415	2026275
3416	2027428
3417	2027757
3418	2028722
3419	2030381
3420	2030846
3421	2032256
3422	2036116
3423	2037909
3424	2037946
3425	2040792
3426	2041605
3427	2042049
3428	2042657
3429	2042991
3430	2043312
3431	2044252
3432	2044897
3433	2045019
3434	2045873
3435	2046602
3436	2046769
3437	2047227
3438	2048060
3439	2048645
3440	2048816
3441	2049014
3442	2050126
3443	2051342
3444	2052407
3445	2052451
3446	2052511
3447	2053319
3448	2053797
3449	2054321
3450	2054513
3451	2055171
3452	2055623
3453	2055968
3454	2057978
3455	2059611
3456	2062549
3457	2065808
3458	2066046
3459	2066301
3460	2066398
3461	2067512
3462	2068127
3463	2068266
3464	2070316
3465	2071445
3466	2072093
3467	2072183
3468	2072208
3469	2072662
3470	2073465
3471	2074106
3472	2074313
3473	2074608
3474	2074609
3475	2074742
3476	2074765
3477	2076171
3478	2079095
3479	2079536
3480	2079964
3481	2079991
3482	2080046
3483	2080106
3484	2080149
3485	2080257
3486	2080996
3487	2081126
3488	2081264
3489	2082440
3490	2082516
3491	2082750
3492	2082819
3493	2083107
3494	2083230
3495	2083352
3496	2083354
3497	2083398
3498	2084215
3499	2084551
3500	2084746
3501	2084777
3502	2085234
3503	2085879
3504	2085941
3505	2086506
3506	2087287
3507	2088505
3508	2088528
3509	2088535
3510	2088678
3511	2088749
3512	2088909
3513	2090333
3514	2090512
3515	2090519
3516	2090700
3517	2090818
3518	2090931
3519	2090982
3520	2091000
3521	2091092
3522	2091107
3523	2091222
3524	2091233
3525	2091253
3526	2091286
3527	2091324
3528	2091325
3529	2091500
3530	2091595
3531	2091858
3532	2092005
3533	2092192
3534	2092199
3535	2092220
3536	2092234
3537	2095034
3538	2095213
3539	2095217
3540	2095310
3541	2095403
3542	2095415
3543	2095427
3544	2095445
3545	2095685
3546	2095724
3547	2095748
3548	2096014
3549	2099885
3550	2099941
3551	2099997
3552	2100009
3553	2100063
3554	2100188
3555	2102013
3556	2102660
3557	2102755
3558	2103286
3559	2104268
3560	2105162
3561	2106264
3562	2106994
3563	2107036
3564	2107489
3565	2107549
3566	2107908
3567	2108000
3568	2108003
3569	2108057
3570	2108058
3571	2108349
3572	2108502
3573	2108522
3574	2109761
3575	2109848
3576	2109994
3577	2110712
3578	2111173
3579	2112058
3580	2112095
3581	2112177
3582	2112366
3583	2112436
3584	2113426
3585	2113503
3586	2113682
3587	2114452
3588	2114464
3589	2114515
3590	2114575
3591	2114593
3592	2114605
3593	2114638
3594	2114650
3595	2114695
3596	2114710
3597	2114827
3598	2114872
3599	2114896
3600	2114902
3601	2115145
3602	2115187
3603	2115209
3604	2115438
3605	2115443
3606	2115448
3607	2115673
3608	2115695
3609	2115824
3610	2115866
3611	2115893
3612	2116010
3613	2116420
3614	2117022
3615	2117072
3616	2117093
3617	2117143
3618	2117219
3619	2117306
3620	2118148
3621	2118358
3622	2119062
3623	2119463
3624	2120558
3625	2120983
3626	2121360
3627	2122753
3628	2122891
3629	2124461
3630	2124467
3631	2124482
3632	2124696
3633	2125505
3634	2126663
3635	2127527
3636	2127627
3637	2128020
3638	2129394
3639	2129445
3640	2129818
3641	2132444
3642	2135551
3643	2136242
3644	2136395
3645	2136775
3646	2136932
3647	2138030
3648	2140085
3649	2140184
3650	2140246
3651	2140451
3652	2140490
3653	2140492
3654	2140550
3655	2140556
3656	2140586
3657	2140603
3658	2140739
3659	2140829
3660	2141356
3661	2141957
3662	2142296
3663	2142672
3664	2143304
3665	2143502
3666	2143612
3667	2145624
3668	2146943
3669	2147134
3670	2147164
3671	2148249
3672	2148711
3673	2149053
3674	2149365
3675	2149589
3676	2149610
3677	2150162
3678	2150266
3679	2150381
3680	2153278
3681	2153597
3682	2154298
3683	2155388
3684	2155655
3685	2155723
3686	2155943
3687	2155958
3688	2157669
3689	2158157
3690	2158407
3691	2158435
3692	2158898
3693	2159312
3694	2159343
3695	2159472
3696	2159763
3697	2160069
3698	2160071
3699	2160189
3700	2160207
3701	2160318
3702	2160408
3703	2160660
3704	2162031
3705	2163373
3706	2164927
3707	2166137
3708	2169966
3709	2170052
3710	2170211
3711	2170332
3712	2170358
3713	2171404
3714	2171986
3715	2172128
3716	2172585
3717	2173380
3718	2174197
3719	2174439
3720	2174501
3721	2175121
3722	2177073
3723	2177285
3724	2177554
3725	2177748
3726	2178267
3727	2178559
3728	2179401
3729	2181081
3730	2184763
3731	2185360
3732	2186077
3733	2186231
3734	2187163
3735	2187201
3736	2189182
3737	2189840
3738	2190392
3739	2190606
3740	2190646
3741	2193790
3742	2193853
3743	2193926
3744	2194183
3745	2194976
3746	2196848
3747	2196901
3748	2197189
3749	2197238
3750	2197534
3751	2197548
3752	2198559
3753	2198614
3754	2200385
3755	2203306
3756	2204216
3757	2204251
3758	2204911
3759	2205638
3760	2206307
3761	2206485
3762	2207043
3763	2209438
3764	2209509
3765	2209796
3766	2209971
3767	2210119
3768	2210278
3769	2210793
3770	2211988
3771	2212720
3772	2213850
3773	2214257
3774	2214699
3775	2214758
3776	2215471
3777	2217612
3778	2217800
3779	2217811
3780	2217832
3781	2217914
3782	2217935
3783	2218041
3784	2219123
3785	2220328
3786	2223582
3787	2223722
3788	2224959
3789	2225101
3790	2225161
3791	2225480
3792	2225677
3793	2225864
3794	2226348
3795	2226357
3796	2226598
3797	2227085
3798	2227558
3799	2227920
3800	2228551
3801	2228627
3802	2229676
3803	2231733
3804	2232697
3805	2232854
3806	2232979
3807	2232983
3808	2233001
3809	2235976
3810	2236835
3811	2241141
3812	2241231
3813	2241555
3814	2243820
3815	2244268
3816	2244449
3817	2245460
3818	2245651
3819	2246109
3820	2246437
3821	2246734
3822	2246792
3823	2247044
3824	2247091
3825	2247390
3826	2247835
3827	2248246
3828	2249347
3829	2250159
3830	2250205
3831	2250767
3832	2251797
3833	2251878
3834	2251927
3835	2253499
3836	2253667
3837	2253715
3838	2253915
3839	2254197
3840	2254495
3841	2254791
3842	2256382
3843	2257505
3844	2257710
3845	2257953
3846	2259562
3847	2262695
3848	2263859
3849	2264410
3850	2265587
3851	2267711
3852	2268686
3853	2268731
3854	2268778
3855	2269155
3856	2269231
3857	2269730
3858	2270892
3859	2272616
3860	2272754
3861	2272814
3862	2274295
3863	2275035
3864	2275269
3865	2275448
3866	2276183
3867	2276391
3868	2280529
3869	2281123
3870	2281199
3871	2282528
3872	2283664
3873	2283797
3874	2285185
3875	2286107
3876	2286132
3877	2286151
3878	2286226
3879	2286300
3880	2286727
3881	2286873
3882	2286910
3883	2286912
3884	2287472
3885	2287496
3886	2287799
3887	2288091
3888	2288183
3889	2288428
3890	2288439
3891	2288589
3892	2288946
3893	2289255
3894	2291042
3895	2291496
3896	2293710
3897	2295294
3898	2296065
3899	2296658
3900	2296726
3901	2296983
3902	2297996
3903	2298100
3904	2298277
3905	2298335
3906	2299865
3907	2300001
3908	2300115
3909	2300185
3910	2300289
3911	2301785
3912	2301954
3913	2302061
3914	2302181
3915	2303886
3916	2304385
3917	2304816
3918	2305285
3919	2305383
3920	2307167
3921	2307459
3922	2307634
3923	2308499
3924	2309064
3925	2309887
3926	2309967
3927	2310662
3928	2310872
3929	2311507
3930	2311597
3931	2312296
3932	2313132
3933	2313495
3934	2314024
3935	2314049
3936	2314574
3937	2314897
3938	2316559
3939	2317589
3940	2318938
3941	2319050
3942	2320264
3943	2321179
3944	2321604
3945	2323693
3946	2324552
3947	2325408
3948	2325450
3949	2325475
3950	2326577
3951	2326857
3952	2327055
3953	2327206
3954	2328375
3955	2328808
3956	2329206
3957	2329264
3958	2332894
3959	2333462
3960	2333725
3961	2336458
3962	2337134
3963	2337512
3964	2338183
3965	2342390
3966	2342480
3967	2344771
3968	2346691
3969	2347681
3970	2347918
3971	2348987
3972	2349333
3973	2349393
3974	2349417
3975	2349441
3976	2349501
3977	2349504
3978	2349535
3979	2349590
3980	2349689
3981	2349846
3982	2349962
3983	2350049
3984	2352822
3985	2352830
3986	2353313
3987	2353997
3988	2354592
3989	2356013
3990	2356188
3991	2357042
3992	2357218
3993	2357475
3994	2357787
3995	2358818
3996	2360528
3997	2360664
3998	2360751
3999	2361957
4000	2362614
4001	2362786
4002	2363203
4003	2363244
4004	2363499
4005	2364460
4006	2364498
4007	2365792
4008	2366039
4009	2367131
4010	2367564
4011	2367972
4012	2368173
4013	2369544
4014	2370233
4015	2370826
4016	2371060
4017	2371240
4018	2371429
4019	2371569
4020	2372397
4021	2372670
4022	2373322
4023	2374541
4024	2375741
4025	2376222
4026	2376530
4027	2376879
4028	2377466
4029	2378104
4030	2380875
4031	2381664
4032	2382487
4033	2383898
4034	2385569
4035	2385724
4036	2387914
4037	2389245
4038	2389330
4039	2389430
4040	2391431
4041	2392193
4042	2393227
4043	2393711
4044	2393719
4045	2393869
4046	2394964
4047	2395278
4048	2395343
4049	2396350
4050	2396675
4051	2396898
4052	2398061
4053	2398646
4054	2399253
4055	2399411
4056	2400495
4057	2400910
4058	2401257
4059	2402002
4060	2402321
4061	2402448
4062	2402558
4063	2403231
4064	2403738
4065	2404177
4066	2404319
4067	2406292
4068	2406393
4069	2407385
4070	2407386
4071	2408002
4072	2409198
4073	2409206
4074	2412356
4075	2412498
4076	2412723
4077	2413610
4078	2414858
4079	2415266
4080	2415724
4081	2417121
4082	2417379
4083	2418396
4084	2419771
4085	2419986
4086	2420398
4087	2421799
4088	2422316
4089	2423375
4090	2424531
4091	2425164
4092	2425532
4093	2426314
4094	2426764
4095	2426989
4096	2427200
4097	2427259
4098	2428181
4099	2429218
4100	2429470
4101	2429473
4102	2430346
4103	2430945
4104	2436533
4105	2437996
4106	2438038
4107	2438682
4108	2438793
4109	2439359
4110	2439616
4111	2440730
4112	2442123
4113	2442525
4114	2442702
4115	2443620
4116	2444112
4117	2444165
4118	2444188
4119	2444347
4120	2444465
4121	2444577
4122	2445812
4123	2445893
4124	2446091
4125	2446174
4126	2446261
4127	2446275
4128	2448130
4129	2449165
4130	2450215
4131	2452182
4132	2452723
4133	2454491
4134	2455100
4135	2455418
4136	2456814
4137	2457646
4138	2458206
4139	2459193
4140	2459263
4141	2460137
4142	2460579
4143	2461270
4144	2463142
4145	2464404
4146	2464538
4147	2464727
4148	2465622
4149	2466149
4150	2466630
4151	2467091
4152	2468000
4153	2468115
4154	2468706
4155	2468997
4156	2470295
4157	2470377
4158	2470653
4159	2470847
4160	2471376
4161	2471597
4162	2474306
4163	2475367
4164	2475689
4165	2476656
4166	2477277
4167	2480022
4168	2480669
4169	2480690
4170	2481400
4171	2481861
4172	2481927
4173	2483886
4174	2484308
4175	2484348
4176	2484378
4177	2485111
4178	2485253
4179	2485389
4180	2485846
4181	2485915
4182	2486763
4183	2486950
4184	2487252
4185	2487468
4186	2487970
4187	2488126
4188	2489263
4189	2489418
4190	2489442
4191	2492514
4192	2492515
4193	2492569
4194	2493098
4195	2493410
4196	2496016
4197	2496112
4198	2496169
4199	2496762
4200	2496802
4201	2500482
4202	2502457
4203	2502855
4204	2502862
4205	2502885
4206	2502891
4207	2503089
4208	2503272
4209	2503377
4210	2503626
4211	2503869
4212	2504845
4213	2505992
4214	2506695
4215	2507013
4216	2508521
4217	2509126
4218	2511118
4219	2511511
4220	2513288
4221	2513619
4222	2513684
4223	2513822
4224	2514248
4225	2516245
4226	2516432
4227	2517190
4228	2517670
4229	2517682
4230	2517718
4231	2517846
4232	2518087
4233	2519078
4234	2519237
4235	2519408
4236	2520243
4237	2520799
4238	2522933
4239	2523282
4240	2523760
4241	2524679
4242	2524725
4243	2524831
4244	2525349
4245	2525888
4246	2526942
4247	2527534
4248	2527604
4249	2527663
4250	2528167
4251	2529121
4252	2529743
4253	2529880
4254	2529957
4255	2530556
4256	2532338
4257	2532661
4258	2533266
4259	2533777
4260	2534041
4261	2534843
4262	2536019
4263	2536099
4264	2536121
4265	2536196
4266	2536732
4267	2538336
4268	2538452
4269	2538766
4270	2539659
4271	2540550
4272	2541544
4273	2541746
4274	2543176
4275	2543206
4276	2543207
4277	2543235
4278	2543410
4279	2545463
4280	2545520
4281	2546229
4282	2546263
4283	2548340
4284	2548343
4285	2549130
4286	2550156
4287	2550667
4288	2551301
4289	2551560
4290	2552604
4291	2552751
4292	2552971
4293	2554675
4294	2554699
4295	2554743
4296	2554820
4297	2556571
4298	2556704
4299	2557099
4300	2558063
4301	2558636
4302	2559788
4303	2560791
4304	2560997
4305	2562472
4306	2563531
4307	2565495
4308	2566722
4309	2567398
4310	2570268
4311	2570329
4312	2570685
4313	2571309
4314	2571674
4315	2572497
4316	2572637
4317	2573161
4318	2573598
4319	2574049
4320	2574270
4321	2574520
4322	2575759
4323	2577096
4324	2577476
4325	2578198
4326	2578329
4327	2578668
4328	2579322
4329	2579664
4330	2579988
4331	2579994
4332	2580138
4333	2580879
4334	2581223
4335	2582007
4336	2583988
4337	2584319
4338	2584611
4339	2584673
4340	2584726
4341	2584840
4342	2584983
4343	2585625
4344	2585820
4345	2586241
4346	2586863
4347	2587583
4348	2588623
4349	2588958
4350	2589661
4351	2590018
4352	2590206
4353	2590303
4354	2591916
4355	2592696
4356	2594397
4357	2594601
4358	2595482
4359	2595642
4360	2596598
4361	2597425
4362	2597629
4363	2597732
4364	2598150
4365	2598255
4366	2598328
4367	2598926
4368	2599312
4369	2599629
4370	2600044
4371	2600794
4372	2600901
4373	2600972
4374	2601382
4375	2601500
4376	2601673
4377	2603228
4378	2605238
4379	2605352
4380	2605393
4381	2605502
4382	2606519
4383	2606540
4384	2607978
4385	2609032
4386	2609884
4387	2611099
4388	2611818
4389	2613916
4390	2615190
4391	2620855
4392	2622585
4393	2623652
4394	2624814
4395	2624856
4396	2625290
4397	2625657
4398	2625778
4399	2626145
4400	2627615
4401	2628967
4402	2630804
4403	2632274
4404	2632368
4405	2632883
4406	2634273
4407	2634303
4408	2634454
4409	2635145
4410	2637395
4411	2638048
4412	2638401
4413	2639099
4414	2639106
4415	2639740
4416	2639814
4417	2640744
4418	2642949
4419	2643130
4420	2643787
4421	2644573
4422	2644800
4423	2646073
4424	2647437
4425	2648961
4426	2649329
4427	2651659
4428	2651968
4429	2652028
4430	2652344
4431	2652427
4432	2652918
4433	2655777
4434	2655822
4435	2656803
4436	2656938
4437	2657111
4438	2657457
4439	2658245
4440	2658918
4441	2659229
4442	2659385
4443	2659531
4444	2659630
4445	2659833
4446	2660009
4447	2661388
4448	2662130
4449	2662503
4450	2663663
4451	2664636
4452	2666488
4453	2667422
4454	2667822
4455	2668513
4456	2668579
4457	2668936
4458	2669846
4459	2671213
4460	2671540
4461	2671592
4462	2672454
4463	2674418
4464	2674775
4465	2675147
4466	2675202
4467	2675464
4468	2677163
4469	2677449
4470	2677562
4471	2677843
4472	2679395
4473	2679444
4474	2679691
4475	2680818
4476	2681400
4477	2682284
4478	2683546
4479	2683623
4480	2684335
4481	2684481
4482	2684484
4483	2684881
4484	2685593
4485	2686005
4486	2686935
4487	2687205
4488	2687207
4489	2687518
4490	2687754
4491	2688487
4492	2689284
4493	2690169
4494	2690462
4495	2690555
4496	2691212
4497	2691427
4498	2691868
4499	2692274
4500	2692279
4501	2692280
4502	2692668
4503	2693670
4504	2693846
4505	2695897
4506	2696098
4507	2696800
4508	2696981
4509	2697031
4510	2699147
4511	2700206
4512	2700991
4513	2702045
4514	2702529
4515	2704209
4516	2704799
4517	2705164
4518	2705263
4519	2705390
4520	2706162
4521	2706779
4522	2707546
4523	2708807
4524	2709937
4525	2711382
4526	2711953
4527	2712318
4528	2712570
4529	2713633
4530	2715427
4531	2715689
4532	2715795
4533	2715951
4534	2716237
4535	2716748
4536	2716781
4537	2718089
4538	2718413
4539	2718839
4540	2719413
4541	2720406
4542	2721349
4543	2721783
4544	2723105
4545	2723268
4546	2723813
4547	2724308
4548	2724528
4549	2724717
4550	2725606
4551	2725779
4552	2726930
4553	2727579
4554	2729637
4555	2730413
4556	2731151
4557	2731615
4558	2732100
4559	2732182
4560	2732413
4561	2739674
4562	2741364
4563	2745082
4564	2745448
4565	2745705
4566	2745981
4567	2747201
4568	2747547
4569	2747586
4570	2748273
4571	2749027
4572	2749092
4573	2750303
4574	2750446
4575	2750736
4576	2751354
4577	2751462
4578	2751544
4579	2752551
4580	2752599
4581	2753306
4582	2753996
4583	2754095
4584	2754209
4585	2754344
4586	2754925
4587	2754939
4588	2757517
4589	2757715
4590	2758702
4591	2758759
4592	2759675
4593	2760233
4594	2760265
4595	2760890
4596	2761383
4597	2761707
4598	2761848
4599	2761972
4600	2762674
4601	2763120
4602	2763471
4603	2764266
4604	2764270
4605	2764989
4606	2765545
4607	2765863
4608	2766446
4609	2766841
4610	2767045
4611	2768205
4612	2768631
4613	2769168
4614	2771500
4615	2771601
4616	2771704
4617	2772022
4618	2774475
4619	2774660
4620	2775256
4621	2775307
4622	2775801
4623	2776696
4624	2777118
4625	2777856
4626	2778795
4627	2779070
4628	2780468
4629	2780579
4630	2780620
4631	2780625
4632	2780651
4633	2780689
4634	2781644
4635	2782214
4636	2783087
4637	2784377
4638	2785959
4639	2786001
4640	2786544
4641	2787606
4642	2788012
4643	2788027
4644	2788040
4645	2789515
4646	2790841
4647	2790904
4648	2791222
4649	2792960
4650	2793884
4651	2795024
4652	2795366
4653	2795550
4654	2795606
4655	2796321
4656	2797988
4657	2798484
4658	2799965
4659	2800789
4660	2802395
4661	2802624
4662	2802626
4663	2802627
4664	2802665
4665	2804076
4666	2805625
4667	2806352
4668	2806483
4669	2810170
4670	2810494
4671	2812742
4672	2813165
4673	2813901
4674	2814527
4675	2815121
4676	2816412
4677	2817699
4678	2821166
4679	2821873
4680	2822320
4681	2822460
4682	2823593
4683	2825905
4684	2825935
4685	2826175
4686	2826356
4687	2827664
4688	2828055
4689	2828065
4690	2828109
4691	2828303
4692	2828939
4693	2829248
4694	2829483
4695	2829528
4696	2832419
4697	2832669
4698	2833444
4699	2834192
4700	2834512
4701	2835271
4702	2835775
4703	2835999
4704	2836830
4705	2837261
4706	2837424
4707	2837958
4708	2838239
4709	2839138
4710	2839959
4711	2845214
4712	2846131
4713	2847003
4714	2849731
4715	2849744
4716	2850776
4717	2853354
4718	2853355
4719	2853943
4720	2854203
4721	2854212
4722	2854274
4723	2855924
4724	2856261
4725	2857320
4726	2858112
4727	2858147
4728	2858678
4729	2859058
4730	2860019
4731	2860413
4732	2860734
4733	2860901
4734	2861614
4735	2861624
4736	2862046
4737	2862080
4738	2862836
4739	2863474
4740	2864087
4741	2864301
4742	2865496
4743	2865934
4744	2866425
4745	2866448
4746	2867574
4747	2867668
4748	2867723
4749	2868753
4750	2870107
4751	2870269
4752	2870788
4753	2871588
4754	2871828
4755	2872047
4756	2873276
4757	2874376
4758	2877606
4759	2877860
4760	2879211
4761	2879257
4762	2880742
4763	2881097
4764	2881614
4765	2882840
4766	2883252
4767	2883640
4768	2884584
4769	2885218
4770	2885328
4771	2885703
4772	2885850
4773	2886173
4774	2886504
4775	2886662
4776	2888425
4777	2888467
4778	2888984
4779	2890602
4780	2892068
4781	2893608
4782	2893729
4783	2896276
4784	2896561
4785	2897407
4786	2898198
4787	2898769
4788	2901740
4789	2903421
4790	2904863
4791	2905129
4792	2905936
4793	2907425
4794	2907747
4795	2908256
4796	2911497
4797	2911972
4798	2913218
4799	2913641
4800	2913923
4801	2914393
4802	2914534
4803	2917366
4804	2917983
4805	2918465
4806	2918773
4807	2919630
4808	2920417
4809	2921284
4810	2922788
4811	2923195
4812	2924755
4813	2925150
4814	2925159
4815	2925324
4816	2927678
4817	2928095
4818	2930290
4819	2930412
4820	2930451
4821	2930535
4822	2931121
4823	2931398
4824	2932311
4825	2932567
4826	2933606
4827	2933811
4828	2934296
4829	2934579
4830	2934674
4831	2934678
4832	2935049
4833	2935050
4834	2936047
4835	2936051
4836	2936235
4837	2938388
4838	2938519
4839	2939008
4840	2939616
4841	2940037
4842	2940439
4843	2940582
4844	2940763
4845	2940857
4846	2941464
4847	2942478
4848	2942659
4849	2943055
4850	2943383
4851	2943799
4852	2944509
4853	2944783
4854	2945162
4855	2945501
4856	2945556
4857	2946219
4858	2946369
4859	2949565
4860	2950473
4861	2951425
4862	2951577
4863	2951592
4864	2951661
4865	2952144
4866	2952211
4867	2952720
4868	2952872
4869	2952975
4870	2954165
4871	2954218
4872	2954692
4873	2954918
4874	2955158
4875	2955524
4876	2955611
4877	2955878
4878	2956082
4879	2956205
4880	2956650
4881	2956754
4882	2957226
4883	2958409
4884	2958525
4885	2958977
4886	2959244
4887	2959370
4888	2960070
4889	2960428
4890	2960589
4891	2960625
4892	2960709
4893	2961024
4894	2961943
4895	2963192
4896	2963483
4897	2964033
4898	2965312
4899	2965608
4900	2965688
4901	2966086
4902	2966320
4903	2967109
4904	2967199
4905	2967213
4906	2967295
4907	2967322
4908	2967715
4909	2967813
4910	2968342
4911	2968558
4912	2968798
4913	2970137
4914	2970547
4915	2971002
4916	2972406
4917	2972622
4918	2973428
4919	2974147
4920	2974982
4921	2975364
4922	2977267
4923	2977879
4924	2979234
4925	2979541
4926	2979845
4927	2979858
4928	2979866
4929	2979876
4930	2980491
4931	2980649
4932	2982296
4933	2983677
4934	2984420
4935	2984674
4936	2985464
4937	2985976
4938	2986115
4939	2986616
4940	2986826
4941	2987100
4942	2990081
4943	2990117
4944	2990889
4945	2993793
4946	2996695
4947	2999050
4948	2999940
4949	3000660
4950	3001031
4951	3002276
4952	3002311
4953	3003162
4954	3003555
4955	3003556
4956	3003557
4957	3003558
4958	3003579
4959	3005978
4960	3006240
4961	3006985
4962	3007959
4963	3008120
4964	3009152
4965	3009270
4966	3009277
4967	3013197
4968	3013351
4969	3013489
4970	3015033
4971	3015548
4972	3016015
4973	3017275
4974	3017622
4975	3018136
4976	3018473
4977	3018605
4978	3018653
4979	3019476
4980	3019935
4981	3021169
4982	3021344
4983	3022321
4984	3023392
4985	3025648
4986	3026237
4987	3026455
4988	3026656
4989	3028186
4990	3028858
4991	3029060
4992	3029075
4993	3029932
4994	3030468
4995	3031229
4996	3031345
4997	3033383
4998	3033958
4999	3034308
5000	3035411
5001	3036146
5002	3036579
5003	3038488
5004	3038950
5005	3039397
5006	3040375
5007	3041425
5008	3042200
5009	3044132
5010	3044232
5011	3044455
5012	3045187
5013	3045833
5014	3045851
5015	3046693
5016	3046745
5017	3049019
5018	3049024
5019	3049775
5020	3050282
5021	3051715
5022	3052425
5023	3052984
5024	3053473
5025	3054026
5026	3054053
5027	3054112
5028	3056007
5029	3058239
5030	3060098
5031	3060935
5032	3061257
5033	3061289
5034	3065148
5035	3065779
5036	3066641
5037	3068342
5038	3070676
5039	3071000
5040	3071253
5041	3071274
5042	3071547
5043	3072449
5044	3072688
5045	3074726
5046	3075928
5047	3076070
5048	3077165
5049	3077920
5050	3078075
5051	3079038
5052	3079222
5053	3080490
5054	3081914
5055	3082591
5056	3082820
5057	3084324
5058	3084325
5059	3085871
5060	3087390
5061	3087690
5062	3087983
5063	3088028
5064	3088442
5065	3088653
5066	3088662
5067	3089081
5068	3089790
5069	3089983
5070	3090854
5071	3092189
5072	3092383
5073	3093212
5074	3093539
5075	3093740
5076	3094314
5077	3095157
5078	3095209
5079	3095399
5080	3095811
5081	3095956
5082	3096449
5083	3096505
5084	3097747
5085	3098330
5086	3098414
5087	3098878
5088	3102288
5089	3102538
5090	3102751
5091	3102817
5092	3103318
5093	3103340
5094	3104107
5095	3104231
5096	3105835
5097	3105923
5098	3107656
5099	3110175
5100	3110835
5101	3111091
5102	3112514
5103	3112731
5104	3113997
5105	3114247
5106	3114741
5107	3116068
5108	3117086
5109	3117265
5110	3118553
5111	3119905
5112	3120006
5113	3120590
5114	3121999
5115	3122316
5116	3124421
5117	3126083
5118	3128179
5119	3128584
5120	3129656
5121	3131344
5122	3132547
5123	3132581
5124	3132630
5125	3132743
5126	3132963
5127	3132972
5128	3132975
5129	3133549
5130	3135623
5131	3137515
5132	3138648
5133	3138721
5134	3138947
5135	3140257
5136	3140823
5137	3140993
5138	3146683
5139	3147334
5140	3167009
5141	3168538
5142	3172092
5143	3172429
5144	3172499
5145	3172519
5146	3172522
5147	3174193
5148	3192140
5149	3192797
5150	3366059
5151	3366824
5152	3367157
5153	3367272
5154	3368647
5155	3368730
5156	3368808
5157	3369989
5158	3370068
5159	3370843
5160	3372307
5161	3372916
5162	3373263
5163	3373284
5164	3373641
5165	3373791
5166	3374277
5167	3374963
5168	3375629
5169	3375724
5170	3376603
5171	3376616
5172	3376765
5173	3377344
5174	3377893
5175	3378166
5176	3379252
5177	3381043
5178	3381320
5179	3381669
5180	3382116
5181	3382809
5182	3383096
5183	3383173
5184	3385699
5185	3386208
5186	3386612
5187	3387474
5188	3387697
5189	3387939
5190	3389182
5191	3389764
5192	3391444
5193	3391509
5194	3392274
5195	3392275
5196	3392277
5197	3393857
5198	3394003
5199	3395139
5200	3395750
5201	3395838
5202	3395866
5203	3395877
5204	3397363
5205	3397685
5206	3397694
5207	3397721
5208	3397759
5209	3398171
5210	3398445
5211	3400265
5212	3402487
5213	3404499
5214	3404556
5215	3405574
5216	3405582
5217	3407278
5218	3407535
5219	3407841
5220	3408302
5221	3408946
5222	3408966
5223	3409284
5224	3410957
5225	3413730
5226	3413994
5227	3414210
5228	3415230
5229	3416317
5230	3418458
5231	3419961
5232	3420887
5233	3422862
5234	3423249
5235	3423407
5236	3424256
5237	3425127
5238	3425687
5239	3426250
5240	3426614
5241	3426685
5242	3426686
5243	3426879
5244	3426920
5245	3427399
5246	3427413
5247	3428296
5248	3428503
5249	3429751
5250	3432836
5251	3432962
5252	3433671
5253	3434900
5254	3435175
5255	3435251
5256	3435412
5257	3435507
5258	3436303
5259	3436990
5260	3437002
5261	3439378
5262	3439547
5263	3439733
5264	3439898
5265	3440020
5266	3440221
5267	3440436
5268	3441321
5269	3441487
5270	3442410
5271	3442468
5272	3442482
5273	3443228
5274	3443247
5275	3443265
5276	3443321
5277	3443362
5278	3443547
5279	3443842
5280	3444489
5281	3444904
5282	3445010
5283	3445483
5284	3450081
5285	3450612
5286	3451262
5287	3451523
5288	3451662
5289	3452416
5290	3453031
5291	3453315
5292	3454007
5293	3454814
5294	3456543
5295	3456754
5296	3457409
5297	3458647
5298	3458730
5299	3459642
5300	3460984
5301	3464366
5302	3464424
5303	3466245
5304	3466555
5305	3466888
5306	3467507
5307	3468471
5308	3468818
5309	3470219
5310	3471173
5311	3471540
5312	3472499
5313	3474614
5314	3474874
5315	3479309
5316	3479892
5317	3480586
5318	3481574
5319	3482289
5320	3482663
5321	3484344
5322	3484568
5323	3487656
5324	3487709
5325	3488318
5326	3488397
5327	3488842
5328	3489646
5329	3490821
5330	3494818
5331	3495539
5332	3495682
5333	3495734
5334	3495993
5335	3496525
5336	3498616
5337	3499331
5338	3499578
5339	3505990
5340	3506567
5341	3508150
5342	3508655
5343	3509337
5344	3510752
5345	3510823
5346	3512418
5347	3513973
5348	3514138
5349	3514340
5350	3514749
5351	3515077
5352	3515092
5353	3515148
5354	3515283
5355	3515402
5356	3516259
5357	3516296
5358	3517052
5359	3518528
5360	3518771
5361	3518785
5362	3519280
5363	3520039
5364	3520192
5365	3520329
5366	3520914
5367	3520919
5368	3521021
5369	3521651
5370	3521810
5371	3522097
5372	3522645
5373	3522770
5374	3522920
5375	3523209
5376	3523260
5377	3523736
5378	3524114
5379	3524154
5380	3524225
5381	3525340
5382	3525979
5383	3526247
5384	3526759
5385	3526779
5386	3527173
5387	3527916
5388	3529766
5389	3530502
5390	3530706
5391	3531102
5392	3531664
5393	3532594
5394	3532801
5395	3533156
5396	3538557
5397	3540594
5398	3541077
5399	3541272
5400	3541453
5401	3542965
5402	3543328
5403	3543778
5404	3543850
5405	3544487
5406	3545198
5407	3545620
5408	3546007
5409	3547160
5410	3548311
5411	3549201
5412	3549569
5413	3550152
5414	3550246
5415	3550390
5416	3552220
5417	3553953
5418	3554448
5419	3555372
5420	3557563
5421	3557602
5422	3557622
5423	3558224
5424	3560307
5425	3561170
5426	3561986
5427	3562942
5428	3563058
5429	3563075
5430	3563305
5431	3563448
5432	3563753
5433	3563858
5434	3564276
5435	3564407
5436	3564948
5437	3565182
5438	3565229
5439	3567394
5440	3567762
5441	3568660
5442	3569143
5443	3570774
5444	3571285
5445	3571764
5446	3572291
5447	3572417
5448	3573218
5449	3573763
5450	3573794
5451	3574499
5452	3577215
5453	3577348
5454	3577671
5455	3578265
5456	3578865
5457	3579583
5458	3579711
5459	3582831
5460	3583562
5461	3583888
5462	3585926
5463	3586266
5464	3586467
5465	3588270
5466	3589006
5467	3589025
5468	3589168
5469	3589215
5470	3589231
5471	3589355
5472	3589367
5473	3589378
5474	3589780
5475	3591205
5476	3591465
5477	3591533
5478	3591898
5479	3591916
5480	3592597
5481	3594828
5482	3595324
5483	3595336
5484	3595617
5485	3595860
5486	3597579
5487	3598018
5488	3598443
5489	3599092
5490	3599309
5491	3600416
5492	3603705
5493	3604095
5494	3605616
5495	3605646
5496	3607381
5497	3607892
5498	3608435
5499	3608697
5500	3608951
5501	3609189
5502	3609881
5503	3610006
5504	3610509
5505	3611402
5506	3612132
5507	3612282
5508	3612678
5509	3613381
5510	3613647
5511	3614519
5512	3614756
5513	3617489
5514	3617659
5515	3618589
5516	3618842
5517	3619727
5518	3623015
5519	3624129
5520	3624132
5521	3624513
5522	3625531
5523	3626061
5524	3626697
5525	3626749
5526	3627825
5527	3628268
5528	3628539
5529	3629756
5530	3630340
5531	3633784
5532	3634433
5533	3635177
5534	3637636
5535	3638504
5536	3638856
5537	3639525
5538	3639577
5539	3641836
5540	3641939
5541	3642354
5542	3643036
5543	3643121
5544	3643152
5545	3643844
5546	3644904
5547	3646434
5548	3646465
5549	3647171
5550	3647416
5551	3648329
5552	3648489
5553	3649010
5554	3649147
5555	3649188
5556	3651030
5557	3651450
5558	3652062
5559	3652909
5560	3652919
5561	3653395
5562	3654367
5563	3654545
5564	3655270
5565	3655760
5566	3655974
5567	3656610
5568	3656873
5569	3660491
5570	3660880
5571	3660943
5572	3661644
5573	3661862
5574	3662140
5575	3662557
5576	3663555
5577	3664444
5578	3664947
5579	3665176
5580	3665406
5581	3665421
5582	3665593
5583	3665719
5584	3665777
5585	3665944
5586	3668524
5587	3668545
5588	3668784
5589	3671107
5590	3671109
5591	3672056
5592	3673128
5593	3673673
5594	3674114
5595	3674199
5596	3674207
5597	3674501
5598	3675388
5599	3675629
5600	3676497
5601	3676733
5602	3676914
5603	3676955
5604	3677082
5605	3677108
5606	3677300
5607	3677490
5608	3678617
5609	3678708
5610	3679400
5611	3679891
5612	3681023
5613	3681176
5614	3681388
5615	3681833
5616	3683166
5617	3683500
5618	3685277
5619	3685899
5620	3686064
5621	3686682
5622	3686957
5623	3688244
5624	3689270
5625	3690225
5626	3690530
5627	3690998
5628	3691835
5629	3692121
5630	3692376
5631	3692406
5632	3692506
5633	3693106
5634	3693146
5635	3693162
5636	3694042
5637	3695264
5638	3695780
5639	3696463
5640	3696733
5641	3696969
5642	3697502
5643	3698918
5644	3699088
5645	3699832
5646	3700886
5647	3701071
5648	3701295
5649	3702137
5650	3702247
5651	3702343
5652	3703557
5653	3703671
5654	3705175
5655	3706329
5656	3707499
5657	3708696
5658	3710591
5659	3711099
5660	3711769
5661	3712238
5662	3713600
5663	3716142
5664	3716174
5665	3716206
5666	3716240
5667	3716429
5668	3717514
5669	3717690
5670	3718157
5671	3718938
5672	3719835
5673	3719853
5674	3720439
5675	3721342
5676	3721415
5677	3722362
5678	3723447
5679	3723964
5680	3725966
5681	3726178
5682	3726343
5683	3726989
5684	3728851
5685	3729640
5686	3729984
5687	3731455
5688	3731951
5689	3732041
5690	3733317
5691	3733533
5692	3733671
5693	3736311
5694	3736661
5695	3738395
5696	3739047
5697	3739556
5698	3740836
5699	3741435
5700	3741999
5701	3742464
5702	3742668
5703	3744075
5704	3744895
5705	3745085
5706	3746225
5707	3746263
5708	3747800
5709	3747822
5710	3749175
5711	3751251
5712	3751555
5713	3751678
5714	3751813
5715	3752919
5716	3753231
5717	3754167
5718	3754188
5719	3754542
5720	3757939
5721	3760781
5722	3761029
5723	3761219
5724	3761531
5725	3762149
5726	3762475
5727	3763929
5728	3764021
5729	3764254
5730	3764347
5731	3765200
5732	3765275
5733	3766153
5734	3766219
5735	3766632
5736	3767200
5737	3767202
5738	3768627
5739	3768971
5740	3769450
5741	3770360
5742	3771045
5743	3771594
5744	3772008
5745	3772527
5746	3773061
5747	3773080
5748	3773887
5749	3775281
5750	3776292
5751	3776538
5752	3777751
5753	3777899
5754	3778028
5755	3779255
5756	3779592
5757	3782134
5758	3782670
5759	3783387
5760	3785572
5761	3785646
5762	3786693
5763	3787271
5764	3787283
5765	3789089
5766	3789725
5767	3790200
5768	3790203
5769	3790650
5770	3790811
5771	3790884
5772	3791444
5773	3791655
5774	3792413
5775	3792414
5776	3792445
5777	3793021
5778	3793151
5779	3794411
5780	3795421
5781	3797916
5782	3798419
5783	3799363
5784	3799722
5785	3800212
5786	3802114
5787	3802115
5788	3802381
5789	3802825
5790	3802883
5791	3803197
5792	3803304
5793	3804427
5794	3804821
5795	3805141
5796	3805328
5797	3805546
5798	3805611
5799	3805922
5800	3806065
5801	3806126
5802	3806201
5803	3806559
5804	3806854
5805	3806863
5806	3807326
5807	3807517
5808	3807594
5809	3807875
5810	3808087
5811	3808507
5812	3808647
5813	3808761
5814	3808859
5815	3809058
5816	3809451
5817	3809482
5818	3809834
5819	3809859
5820	3809962
5821	3810274
5822	3810339
5823	3810520
5824	3810984
5825	3811784
5826	3812263
5827	3812500
5828	3812798
5829	3812843
5830	3813064
5831	3813219
5832	3813332
5833	3813464
5834	3813648
5835	3814216
5836	3814541
5837	3816514
5838	3817504
5839	3818300
5840	3818346
5841	3820366
5842	3820553
5843	3821471
5844	3822298
5845	3822358
5846	3822525
5847	3822658
5848	3822780
5849	3822799
5850	3822819
5851	3822832
5852	3823435
5853	3826147
5854	3827040
5855	3827679
5856	3827692
5857	3827760
5858	3828141
5859	3828532
5860	3828902
5861	3828986
5862	3829696
5863	3830702
5864	3830986
5865	3831275
5866	3831468
5867	3831944
5868	3832128
5869	3832729
5870	3832753
5871	3834327
5872	3836601
5873	3836945
5874	3837147
5875	3838112
5876	3838303
5877	3839642
5878	3839656
5879	3839799
5880	3840536
5881	3843145
5882	3843198
5883	3844362
5884	3844451
5885	3844904
5886	3844917
5887	3849093
5888	3849263
5889	3849910
5890	3849932
5891	3850756
5892	3851106
5893	3851306
5894	3852570
5895	3853840
5896	3853971
5897	3854066
5898	3854138
5899	3855417
5900	3855443
5901	3856655
5902	3857260
5903	3857829
5904	3858521
5905	3858640
5906	3859173
5907	3859304
5908	3860681
5909	3861576
5910	3861902
5911	3862461
5912	3863377
5913	3866058
5914	3866104
5915	3866623
5916	3866843
5917	3867213
5918	3867806
5919	3868243
5920	3868603
5921	3869294
5922	3870422
5923	3870557
5924	3871697
5925	3871716
5926	3872213
5927	3872934
5928	3872963
5929	3874868
5930	3874889
5931	3875921
5932	3876937
5933	3878301
5934	3878382
5935	3878490
5936	3878813
5937	3878901
5938	3878983
5939	3879358
5940	3879368
5941	3880189
5942	3881255
5943	3881273
5944	3881662
5945	3881705
5946	3881706
5947	3882154
5948	3882341
5949	3882717
5950	3882820
5951	3882888
5952	3883064
5953	3883182
5954	3884342
5955	3884882
5956	3885059
5957	3886679
5958	3888998
5959	3891075
5960	3892049
5961	3892768
5962	3894781
5963	3895738
5964	3896894
5965	3897167
5966	3897230
5967	3898004
5968	3898166
5969	3900682
5970	3901008
5971	3901546
5972	3902120
5973	3902261
5974	3902615
5975	3904273
5976	3904551
5977	3905760
5978	3905790
5979	3906014
5980	3907622
5981	3907933
5982	3909249
5983	3909376
5984	3909685
5985	3910143
5986	3912233
5987	3912737
5988	3914020
5989	3914216
5990	3914318
5991	3915594
5992	3915598
5993	3915608
5994	3916443
5995	3916719
5996	3917651
5997	3917725
5998	3917866
5999	3919409
6000	3921935
6001	3921989
6002	3922088
6003	3922301
6004	3923094
6005	3923616
6006	3923805
6007	3925471
6008	3925796
6009	3926807
6010	3927859
6011	3927862
6012	3928509
6013	3931287
6014	3932601
6015	3933568
6016	3935026
6017	3936702
6018	3936948
6019	3937095
6020	3937257
6021	3937448
6022	3937544
6023	3937836
6024	3937843
6025	3938194
6026	3938707
6027	3938804
6028	3939746
6029	3940782
6030	3941163
6031	3941384
6032	3944440
6033	3945551
6034	3946993
6035	3947153
6036	3948242
6037	3948329
6038	3948601
6039	3948628
6040	3948643
6041	3948718
6042	3948736
6043	3948796
6044	3948835
6045	3948850
6046	3948991
6047	3949020
6048	3949033
6049	3952411
6050	3978633
6051	3983236
6052	4025026
6053	4026712
6054	4027784
6055	4028653
6056	4029448
6057	4030645
6058	4030983
6059	4031372
6060	4031436
6061	4031484
6062	4031872
6063	4032713
6064	4033017
6065	4034313
6066	4035355
6067	4037345
6068	4037572
6069	4038089
6070	4038324
6071	4038990
6072	4039134
6073	4039622
6074	4039663
6075	4040066
6076	4040163
6077	4040491
6078	4040637
6079	4040700
6080	4041092
6081	4041853
6082	4041972
6083	4042843
6084	4046592
6085	4047084
6086	4047850
6087	4050266
6088	4050396
6089	4050944
6090	4052104
6091	4053597
6092	4054947
6093	4057671
6094	4058377
6095	4058996
6096	4059681
6097	4059703
6098	4059792
6099	4059807
6100	4059833
6101	4059939
6102	4061114
6103	4062058
6104	4062111
6105	4062871
6106	4063900
6107	4064020
6108	4064078
6109	4065050
6110	4065071
6111	4065302
6112	4065405
6113	4065457
6114	4068014
6115	4068734
6116	4069011
6117	4069074
6118	4069081
6119	4069420
6120	4071750
6121	4072111
6122	4072848
6123	4072997
6124	4073069
6125	4073470
6126	4073716
6127	4074599
6128	4076144
6129	4076334
6130	4076872
6131	4077453
6132	4077753
6133	4080047
6134	4081628
6135	4082262
6136	4082337
6137	4082386
6138	4083613
6139	4084488
6140	4084566
6141	4085033
6142	4086390
6143	4088886
6144	4090340
6145	4090481
6146	4091841
6147	4092799
6148	4094964
6149	4094985
6150	4095095
6151	4097320
6152	4097898
6153	4098564
6154	4099482
6155	4099921
6156	4101497
6157	4101869
6158	4102663
6159	4102948
6160	4104163
6161	4104815
6162	4105687
6163	4107230
6164	4107473
6165	4108246
6166	4108508
6167	4109051
6168	4110329
6169	4110725
6170	4112657
6171	4112914
6172	4113818
6173	4115040
6174	4115092
6175	4115603
6176	4117106
6177	4118133
6178	4121734
6179	4122645
6180	4122655
6181	4122749
6182	4122874
6183	4123070
6184	4123861
6185	4125003
6186	4125431
6187	4130604
6188	4131619
6189	4133219
6190	4133638
6191	4133991
6192	4134177
6193	4134282
6194	4135423
6195	4137188
6196	4137359
6197	4137709
6198	4138788
6199	4139967
6200	4141036
6201	4141998
6202	4143018
6203	4144339
6204	4145048
6205	4145463
6206	4146163
6207	4146261
6208	4146895
6209	4148311
6210	4148466
6211	4149219
6212	4149447
6213	4150045
6214	4153726
6215	4154516
6216	4155091
6217	4156774
6218	4157780
6219	4158135
6220	4158763
6221	4159109
6222	4159172
6223	4159367
6224	4160346
6225	4160970
6226	4161672
6227	4161983
6228	4162481
6229	4164967
6230	4165220
6231	4165384
6232	4165388
6233	4166421
6234	4167340
6235	4167435
6236	4167592
6237	4167609
6238	4167858
6239	4169657
6240	4170694
6241	4170935
6242	4171296
6243	4171686
6244	4172535
6245	4173219
6246	4173775
6247	4175092
6248	4175174
6249	4175394
6250	4175430
6251	4177566
6252	4179013
6253	4179375
6254	4179645
6255	4180657
6256	4180746
6257	4180820
6258	4182263
6259	4182931
6260	4183070
6261	4183211
6262	4183573
6263	4184704
6264	4186289
6265	4186760
6266	4188181
6267	4189236
6268	4190133
6269	4190946
6270	4191899
6271	4192619
6272	4192746
6273	4192976
6274	4193631
6275	4193672
6276	4194090
6277	4195541
6278	4195630
6279	4195748
6280	4196000
6281	4197579
6282	4198441
6283	4198542
6284	4198573
6285	4198676
6286	4199083
6287	4200021
6288	4200572
6289	4201204
6290	4201476
6291	4201652
6292	4201944
6293	4202059
6294	4202107
6295	4204459
6296	4204735
6297	4206094
6298	4207137
6299	4207269
6300	4207637
6301	4208120
6302	4208540
6303	4208707
6304	4208719
6305	4208876
6306	4209457
6307	4209922
6308	4210129
6309	4210291
6310	4211185
6311	4211308
6312	4211504
6313	4212021
6314	4212283
6315	4213045
6316	4214677
6317	4214706
6318	4214965
6319	4215441
6320	4216108
6321	4217566
6322	4218092
6323	4219374
6324	4220125
6325	4221173
6326	4221323
6327	4222242
6328	4223036
6329	4223153
6330	4223377
6331	4224309
6332	4225611
6333	4225970
6334	4226007
6335	4229553
6336	4229735
6337	4230442
6338	4231089
6339	4231109
6340	4231654
6341	4232828
6342	4233289
6343	4233794
6344	4235009
6345	4236692
6346	4237062
6347	4237562
6348	4237643
6349	4237825
6350	4238401
6351	4238415
6352	4239173
6353	4239626
6354	4243077
6355	4243310
6356	4246510
6357	4246870
6358	4248655
6359	4248779
6360	4249945
6361	4250236
6362	4250581
6363	4250731
6364	4250924
6365	4252415
6366	4253321
6367	4253470
6368	4253490
6369	4253785
6370	4254443
6371	4254926
6372	4254992
6373	4255783
6374	4256021
6375	4257876
6376	4257895
6377	4259978
6378	4259982
6379	4261055
6380	4261424
6381	4261738
6382	4263501
6383	4264515
6384	4264753
6385	4267935
6386	4269354
6387	4269682
6388	4270703
6389	4270932
6390	4271765
6391	4272154
6392	4272253
6393	4272279
6394	4272333
6395	4273210
6396	4273512
6397	4274054
6398	4274109
6399	4274997
6400	4276037
6401	4277426
6402	4280370
6403	4281725
6404	4281731
6405	4281834
6406	4281946
6407	4282818
6408	4282857
6409	4284988
6410	4285993
6411	4286567
6412	4286650
6413	4288782
6414	4290414
6415	4290584
6416	4290957
6417	4291109
6418	4291157
6419	4291189
6420	4291927
6421	4292926
6422	4293637
6423	4293913
6424	4294232
6425	4295857
6426	4296118
6427	4296506
6428	4296523
6429	4296609
6430	4298032
6431	4299869
6432	4299999
6433	4300613
6434	4300831
6435	4300863
6436	4300866
6437	4301224
6438	4303166
6439	4303167
6440	4303286
6441	4303487
6442	4303681
6443	4303871
6444	4303873
6445	4304325
6446	4305005
6447	4305267
6448	4305641
6449	4307844
6450	4308024
6451	4308121
6452	4309478
6453	4310021
6454	4310524
6455	4310856
6456	4312083
6457	4312913
6458	4313021
6459	4313429
6460	4313794
6461	4314840
6462	4315326
6463	4315737
6464	4315904
6465	4316287
6466	4317287
6467	4317519
6468	4317563
6469	4317624
6470	4317627
6471	4319127
6472	4320360
6473	4321730
6474	4321991
6475	4322665
6476	4322849
6477	4324273
6478	4325415
6479	4327412
6480	4327689
6481	4327870
6482	4327898
6483	4328286
6484	4330037
6485	4330128
6486	4331802
6487	4332616
6488	4333302
6489	4334920
6490	4335683
6491	4335722
6492	4335794
6493	4335921
6494	4336316
6495	4336919
6496	4337071
6497	4338228
6498	4338459
6499	4338821
6500	4338905
6501	4339365
6502	4340719
6503	4341332
6504	4341713
6505	4342092
6506	4342853
6507	4343426
6508	4343434
6509	4343578
6510	4343651
6511	4344284
6512	4344381
6513	4345232
6514	4345255
6515	4345717
6516	4345898
6517	4346513
6518	4346620
6519	4347618
6520	4348396
6521	4348734
6522	4349112
6523	4349354
6524	4350264
6525	4351831
6526	4352361
6527	4352879
6528	4354197
6529	4354537
6530	4354829
6531	4355451
6532	4355588
6533	4356235
6534	4356858
6535	4357694
6536	4357788
6537	4358375
6538	4359239
6539	4359711
6540	4360417
6541	4360725
6542	4360796
6543	4361331
6544	4362210
6545	4362448
6546	4362726
6547	4363801
6548	4364290
6549	4364294
6550	4364678
6551	4365112
6552	4365752
6553	4368466
6554	4368527
6555	4370185
6556	4370469
6557	4370483
6558	4370496
6559	4370499
6560	4370518
6561	4371267
6562	4372354
6563	4372701
6564	4373108
6565	4373918
6566	4374144
6567	4374232
6568	4374558
6569	4374868
6570	4375204
6571	4375764
6572	4376035
6573	4376301
6574	4376465
6575	4377491
6576	4378273
6577	4378303
6578	4378395
6579	4378396
6580	4378421
6581	4384729
6582	4385579
6583	4387271
6584	4387340
6585	4387479
6586	4387480
6587	4388036
6588	4389928
6589	4390310
6590	4390479
6591	4391561
6592	4391634
6593	4392208
6594	4392301
6595	4393816
6596	4394211
6597	4394944
6598	4396012
6599	4396089
6600	4396208
6601	4399626
6602	4400834
6603	4401336
6604	4403207
6605	4404091
6606	4404951
6607	4405904
6608	4406123
6609	4406651
6610	4407601
6611	4408983
6612	4409468
6613	4409855
6614	4410021
6615	4410127
6616	4411948
6617	4412187
6618	4412230
6619	4412504
6620	4414643
6621	4416756
6622	4417205
6623	4417234
6624	4417279
6625	4417998
6626	4418745
6627	4418755
6628	4418796
6629	4425617
6630	4426227
6631	4426235
6632	4426239
6633	4426581
6634	4427024
6635	4427338
6636	4428433
6637	4429152
6638	4429348
6639	4429349
6640	4432814
6641	4432857
6642	4435764
6643	4436051
6644	4436368
6645	4436369
6646	4436507
6647	4437729
6648	4437738
6649	4437869
6650	4439576
6651	4440775
6652	4441659
6653	4442277
6654	4442565
6655	4442849
6656	4444058
6657	4444153
6658	4444454
6659	4444696
6660	4445660
6661	4445773
6662	4446082
6663	4446250
6664	4446328
6665	4446402
6666	4446750
6667	4447431
6668	4448766
6669	4448943
6670	4449020
6671	4450323
6672	4451025
6673	4451398
6674	4452145
6675	4452150
6676	4453925
6677	4454397
6678	4454433
6679	4455033
6680	4456198
6681	4456251
6682	4456701
6683	4457635
6684	4458935
6685	4461621
6686	4462374
6687	4463002
6688	4463061
6689	4463093
6690	4463197
6691	4463871
6692	4464282
6693	4464393
6694	4464416
6695	4469855
6696	4471178
6697	4471593
6698	4471937
6699	4473307
6700	4473501
6701	4473835
6702	4474026
6703	4474073
6704	4474409
6705	4476385
6706	4476423
6707	4478063
6708	4478978
6709	4479856
6710	4479895
6711	4484132
6712	4484707
6713	4485575
6714	4486256
6715	4486423
6716	4486613
6717	4487070
6718	4487233
6719	4488118
6720	4489091
6721	4489318
6722	4490115
6723	4490177
6724	4490384
6725	4490457
6726	4490464
6727	4490522
6728	4490628
6729	4490643
6730	4491581
6731	4492203
6732	4492746
6733	4493259
6734	4493299
6735	4493662
6736	4493783
6737	4494051
6738	4494237
6739	4494609
6740	4496354
6741	4496735
6742	4497259
6743	4498489
6744	4499177
6745	4499409
6746	4499846
6747	4500007
6748	4500450
6749	4500538
6750	4501123
6751	4502499
6752	4502681
6753	4503207
6754	4504262
6755	4504717
6756	4505159
6757	4505694
6758	4505700
6759	4506797
6760	4507066
6761	4507621
6762	4507747
6763	4508223
6764	4510858
6765	4510865
6766	4511033
6767	4512210
6768	4513034
6769	4513037
6770	4513407
6771	4514318
6772	4514663
6773	4514700
6774	4515655
6775	4515675
6776	4516553
6777	4517056
6778	4517857
6779	4518496
6780	4519454
6781	4519568
6782	4519595
6783	4519824
6784	4519858
6785	4519881
6786	4520001
6787	4520624
6788	4521672
6789	4521705
6790	4525083
6791	4526985
6792	4527845
6793	4528563
6794	4529963
6795	4534539
6796	4534808
6797	4534971
6798	4535069
6799	4536731
6800	4538400
6801	4539103
6802	4540674
6803	4541834
6804	4541897
6805	4541948
6806	4545123
6807	4545840
6808	4545982
6809	4546059
6810	4547148
6811	4547694
6812	4547703
6813	4548376
6814	4548646
6815	4548957
6816	4549510
6817	4551675
6818	4552979
6819	4553985
6820	4554558
6821	4554565
6822	4555045
6823	4555174
6824	4555926
6825	4556263
6826	4557310
6827	4557880
6828	4559737
6829	4559842
6830	4559952
6831	4560002
6832	4560091
6833	4560269
6834	4562500
6835	4564759
6836	4564892
6837	4565459
6838	4565556
6839	4565926
6840	4567176
6841	4567512
6842	4568505
6843	4569434
6844	4569756
6845	4570123
6846	4570883
6847	4570943
6848	4571364
6849	4572750
6850	4573759
6851	4574301
6852	4574584
6853	4574803
6854	4574893
6855	4575023
6856	4575641
6857	4576706
6858	4576709
6859	4577317
6860	4578924
6861	4578991
6862	4579346
6863	4579825
6864	4580515
6865	4581142
6866	4581848
6867	4582403
6868	4582729
6869	4583287
6870	4583827
6871	4584960
6872	4585292
6873	4586317
6874	4586426
6875	4587028
6876	4587855
6877	4588518
6878	4591082
6879	4591136
6880	4591520
6881	4591737
6882	4591871
6883	4592177
6884	4592456
6885	4592952
6886	4592981
6887	4593049
6888	4593050
6889	4593095
6890	4593802
6891	4594956
6892	4595868
6893	4599178
6894	4599526
6895	4599691
6896	4601252
6897	4602828
6898	4603490
6899	4604298
6900	4604814
6901	4604882
6902	4605336
6903	4605521
6904	4605604
6905	4607025
6906	4607042
6907	4607552
6908	4607595
6909	4609142
6910	4609145
6911	4609871
6912	4613004
6913	4613815
6914	4614051
6915	4615899
6916	4616322
6917	4617293
6918	4617748
6919	4618734
6920	4620737
6921	4621426
6922	4622440
6923	4622600
6924	4622615
6925	4622616
6926	4622789
6927	4622891
6928	4623408
6929	4623472
6930	4623486
6931	4623510
6932	4623636
6933	4623662
6934	4623664
6935	4623984
6936	4624001
6937	4624351
6938	4625181
6939	4625502
6940	4625591
6941	4625967
6942	4626138
6943	4626297
6944	4626419
6945	4627805
6946	4629415
6947	4629510
6948	4631800
6949	4632666
6950	4633597
6951	4634164
6952	4637146
6953	4637209
6954	4638443
6955	4638445
6956	4639209
6957	4639724
6958	4640738
6959	4641141
6960	4641631
6961	4641677
6962	4641767
6963	4643544
6964	4643858
6965	4645226
6966	4645357
6967	4645524
6968	4645531
6969	4645569
6970	4648829
6971	4649181
6972	4649192
6973	4649212
6974	4649681
6975	4650027
6976	4650249
6977	4651424
6978	4654552
6979	4654681
6980	4654805
6981	4655276
6982	4656660
6983	4657425
6984	4657519
6985	4657545
6986	4659057
6987	4659260
6988	4659316
6989	4659330
6990	4659762
6991	4660559
6992	4660877
6993	4662027
6994	4662064
6995	4663302
6996	4663338
6997	4663429
6998	4663670
6999	4664631
7000	4664970
7001	4665075
7002	4665688
7003	4666299
7004	4668172
7005	4668260
7006	4669901
7007	4669982
7008	4670572
7009	4670773
7010	4671518
7011	4671579
7012	4671767
7013	4671997
7014	4672121
7015	4672275
7016	4672672
7017	4672845
7018	4675905
7019	4676233
7020	4676624
7021	4676703
7022	4678949
7023	4679151
7024	4679483
7025	4679884
7026	4685687
7027	4685798
7028	4687205
7029	4687554
7030	4688200
7031	4688475
7032	4689717
7033	4689842
7034	4689889
7035	4691178
7036	4691305
7037	4691335
7038	4691553
7039	4691633
7040	4695446
7041	4696496
7042	4697755
7043	4697808
7044	4698020
7045	4698180
7046	4700063
7047	4700550
7048	4701351
7049	4701473
7050	4701775
7051	4702138
7052	4702356
7053	4702720
7054	4702845
7055	4703137
7056	4705063
7057	4705235
7058	4705466
7059	4706864
7060	4707260
7061	4707935
7062	4707960
7063	4709462
7064	4709533
7065	4709540
7066	4711254
7067	4711828
7068	4712394
7069	4712964
7070	4713632
7071	4714220
7072	4715534
7073	4716725
7074	4716789
7075	4716983
7076	4716988
7077	4717212
7078	4717360
7079	4717425
7080	4717458
7081	4718726
7082	4718762
7083	4718891
7084	4720422
7085	4720739
7086	4722481
7087	4723064
7088	4723244
7089	4724185
7090	4724483
7091	4725255
7092	4725311
7093	4726128
7094	4726209
7095	4726530
7096	4726637
7097	4726655
7098	4728471
7099	4728927
7100	4729680
7101	4729735
7102	4730206
7103	4730630
7104	4730747
7105	4731015
7106	4731509
7107	4731926
7108	4732314
7109	4733227
7110	4734363
7111	4735272
7112	4735388
7113	4740942
7114	4741192
7115	4741199
7116	4741380
7117	4741404
7118	4741413
7119	4741419
7120	4743360
7121	4743556
7122	4746604
7123	4747033
7124	4747062
7125	4754729
7126	4756210
7127	4756354
7128	4758121
7129	4758672
7130	4768027
7131	4768222
7132	4769114
7133	4770424
7134	4771138
7135	4771563
7136	4771566
7137	4774782
7138	4775443
7139	4777121
7140	4778297
7141	4779680
7142	4779786
7143	4780209
7144	4781788
7145	4781930
7146	4782214
7147	4782465
7148	4783741
7149	4784357
7150	4784424
7151	4784430
7152	4784433
7153	4784525
7154	4784691
7155	4784703
7156	4784706
7157	4785333
7158	4785550
7159	4785925
7160	4786305
7161	4787916
7162	4789505
7163	4792553
7164	4792803
7165	4793375
7166	4793420
7167	4793488
7168	4793505
7169	4793520
7170	4793633
7171	4793680
7172	4793697
7173	4793715
7174	4793761
7175	4794220
7176	4794265
7177	4794651
7178	4794815
7179	4795493
7180	4795519
7181	4795678
7182	4795702
7183	4796413
7184	4796625
7185	4798112
7186	4798313
7187	4798865
7188	4798868
7189	4798870
7190	4800065
7191	4800233
7192	4800521
7193	4800533
7194	4800695
7195	4800728
7196	4800731
7197	4800942
7198	4801198
7199	4802537
7200	4802987
7201	4803805
7202	4803821
7203	4805144
7204	4806590
7205	4806932
7206	4807702
7207	4808456
7208	4809352
7209	4809484
7210	4810726
7211	4810855
7212	4811854
7213	4813182
7214	4815220
7215	4815241
7216	4817009
7217	4817424
7218	4817429
7219	4817617
7220	4817943
7221	4818224
7222	4818260
7223	4818404
7224	4818418
7225	4818466
7226	4818509
7227	4818816
7228	4818870
7229	4819060
7230	4819291
7231	4819373
7232	4819388
7233	4819680
7234	4820233
7235	4820807
7236	4824431
7237	4825178
7238	4825615
7239	4825728
7240	4825876
7241	4826982
7242	4826994
7243	4826996
7244	4827003
7245	4827302
7246	4828389
7247	4828536
7248	4828768
7249	4828814
7250	4828942
7251	4829079
7252	4829310
7253	4829433
7254	4829438
7255	4830114
7256	4830169
7257	4830435
7258	4830889
7259	4833957
7260	4834094
7261	4834095
7262	4834442
7263	4834480
7264	4834518
7265	4834572
7266	4834585
7267	4834978
7268	4834984
7269	4835621
7270	4835636
7271	4835669
7272	4835767
7273	4835774
7274	4835834
7275	4835847
7276	4835866
7277	4835929
7278	4836073
7279	4836132
7280	4836154
7281	4836492
7282	4836494
7283	4837884
7284	4838527
7285	4838558
7286	4838895
7287	4839579
7288	4839708
7289	4840082
7290	4840158
7291	4840525
7292	4841217
7293	4842669
7294	4843769
7295	4843959
7296	4845175
7297	4845317
7298	4845334
7299	4845612
7300	4845642
7301	4846091
7302	4846276
7303	4846508
7304	4847086
7305	4847329
7306	4847910
7307	4847979
7308	4848372
7309	4848579
7310	4848669
7311	4849040
7312	4850016
7313	4850322
7314	4850323
7315	4850606
7316	4851288
7317	4852141
7318	4852707
7319	4853098
7320	4853594
7321	4853595
7322	4853891
7323	4854149
7324	4854157
7325	4854186
7326	4854187
7327	4854217
7328	4854218
7329	4854288
7330	4854289
7331	4854291
7332	4854303
7333	4854324
7334	4854328
7335	4854331
7336	4854424
7337	4854463
7338	4854583
7339	4854595
7340	4854834
7341	4854933
7342	4855174
7343	4855203
7344	4855461
7345	4855518
7346	4857896
7347	4858498
7348	4861905
7349	4862093
7350	4862307
7351	4862514
7352	4862868
7353	4863154
7354	4863285
7355	4863859
7356	4864162
7357	4864724
7358	4866581
7359	4867650
7360	4867796
7361	4867980
7362	4868680
7363	4868983
7364	4869282
7365	4870204
7366	4870638
7367	4871224
7368	4871729
7369	4872952
7370	4874384
7371	4874498
7372	4874653
7373	4875919
7374	4876158
7375	4876179
7376	4876374
7377	4876729
7378	4877690
7379	4877933
7380	4879321
7381	4880420
7382	4881133
7383	4882692
7384	4883176
7385	4883695
7386	4883969
7387	4883987
7388	4884030
7389	4884076
7390	4884107
7391	4884155
7392	4884180
7393	4885715
7394	4885868
7395	4886012
7396	4886413
7397	4886603
7398	4887201
7399	4888041
7400	4888716
7401	4888959
7402	4889446
7403	4889529
7404	4889530
7405	4890203
7406	4890348
7407	4891591
7408	4892121
7409	4892329
7410	4892487
7411	4894214
7412	4895120
7413	4895477
7414	4896298
7415	4896440
7416	4896563
7417	4896597
7418	4897601
7419	4898356
7420	4899351
7421	4900281
7422	4901261
7423	4901321
7424	4901667
7425	4902270
7426	4902395
7427	4902801
7428	4902855
7429	4903273
7430	4903635
7431	4903842
7432	4904475
7433	4904590
7434	4905230
7435	4906664
7436	4907376
7437	4907619
7438	4908378
7439	4908967
7440	4909623
7441	4909903
7442	4910190
7443	4910422
7444	4911771
7445	4912514
7446	4912941
7447	4914378
7448	4914634
7449	4914639
7450	4914646
7451	4914787
7452	4915479
7453	4917196
7454	4918451
7455	4918540
7456	4918658
7457	4919891
7458	4920131
7459	4920361
7460	4920762
7461	4922461
7462	4922552
7463	4922561
7464	4923042
7465	4923571
7466	4925068
7467	4926720
7468	4929037
7469	4929552
7470	4930422
7471	4930943
7472	4931361
7473	4932141
7474	4935487
7475	4936107
7476	4936618
7477	4937008
7478	4938144
7479	4938322
7480	4938354
7481	4938369
7482	4938645
7483	4938709
