1	1621
2	1665
3	1902
4	2128
5	2808
6	2871
7	6350
8	6867
9	6868
10	8752
11	12666
12	12735
13	14866
14	14879
15	16142
16	19353
17	19440
18	22372
19	23883
20	24205
21	26477
22	27910
23	31209
24	31269
25	38119
26	38356
27	40275
28	42885
29	44929
30	46115
31	46915
32	47173
33	48188
34	48313
35	48490
36	53548
37	53784
38	58217
39	58422
40	59703
41	59727
42	60224
43	60227
44	60236
45	62967
46	63755
47	66203
48	66454
49	66815
50	66851
51	72813
52	73246
53	77290
54	77696
55	77698
56	77701
57	77704
58	79876
59	79910
60	80100
61	80128
62	80136
63	80144
64	80156
65	80180
66	80405
67	80412
68	101852
69	102748
70	102766
71	103103
72	104026
73	104449
74	105236
75	105888
76	108423
77	108748
78	109204
79	109507
80	111089
81	112823
82	114362
83	115599
84	116232
85	117185
86	120680
87	122432
88	124695
89	126867
90	128422
91	129300
92	130489
93	131922
94	134737
95	136553
96	141033
97	143475
98	144165
99	144854
100	144991
101	147831
102	152071
103	152977
104	153822
105	154683
106	154782
107	155551
108	157032
109	157709
110	157831
111	158223
112	158281
113	158943
114	160113
115	160547
116	160676
117	160687
118	161425
119	162174
120	163630
121	163868
122	165326
123	166016
124	166506
125	167349
126	167352
127	167434
128	170208
129	170852
130	171405
131	172280
132	172315
133	173745
134	178169
135	179789
136	179832
137	180449
138	181240
139	182112
140	182629
141	184554
142	185469
143	186790
144	186936
145	187126
146	188768
147	188948
148	190123
149	191057
150	191443
151	191710
152	193020
153	194415
154	194550
155	195201
156	196353
157	199471
158	199904
159	200391
160	200410
161	200488
162	201061
163	203482
164	203993
165	205373
166	207354
167	209286
168	209459
169	212284
170	212986
171	215358
172	215981
173	217457
174	222078
175	222232
176	224104
177	225925
178	226513
179	226766
180	228405
181	229062
182	234379
183	237776
184	239095
185	244186
186	245004
187	245646
188	245671
189	246270
190	247561
191	249041
192	258756
193	258920
194	259093
195	259113
196	259475
197	259745
198	260871
199	261125
200	261255
201	266589
202	266919
203	267098
204	267678
205	268208
206	269321
207	271390
208	273210
209	274986
210	275672
211	276063
212	278507
213	278765
214	278787
215	279932
216	280548
217	283942
218	284022
219	285906
220	286266
221	287479
222	289503
223	290665
224	293175
225	293388
226	294733
227	295901
228	296974
229	298049
230	298891
231	300751
232	301743
233	301958
234	302454
235	303627
236	304563
237	305195
238	306113
239	306206
240	306502
241	307733
242	308064
243	309029
244	310313
245	311262
246	311603
247	311859
248	312061
249	312463
250	313558
251	314268
252	314939
253	315334
254	315378
255	315559
256	316183
257	316199
258	316200
259	316972
260	317936
261	318658
262	319536
263	319782
264	320497
265	320720
266	320974
267	321744
268	322747
269	322921
270	323072
271	323606
272	323620
273	324942
274	329768
275	330245
276	330832
277	332067
278	333516
279	333746
280	336546
281	337368
282	338350
283	339377
284	341005
285	341564
286	343227
287	343624
288	343915
289	344294
290	344520
291	347061
292	347909
293	349589
294	351021
295	354005
296	359435
297	359489
298	360812
299	362531
300	365552
301	365998
302	366142
303	366611
304	367961
305	368385
306	369749
307	373674
308	375625
309	375787
310	376489
311	376624
312	378620
313	379110
314	380762
315	382846
316	383846
317	383864
318	384552
319	385359
320	385615
321	385642
322	385824
323	387488
324	387840
325	387994
326	388124
327	389339
328	389378
329	389774
330	390221
331	390720
332	391490
333	392554
334	392565
335	392980
336	393089
337	393746
338	396164
339	396904
340	397226
341	397553
342	398199
343	398917
344	399407
345	401639
346	407013
347	407763
348	408074
349	408192
350	409193
351	409895
352	410550
353	411880
354	412496
355	412676
356	412753
357	414979
358	415095
359	415240
360	425426
361	425532
362	425555
363	446746
364	447337
365	447343
366	447442
367	447500
368	447503
369	447987
370	448009
371	483268
372	484358
373	484441
374	485889
375	485893
376	485894
377	486283
378	486693
379	487271
380	488595
381	488739
382	490223
383	490276
384	490543
385	492067
386	492413
387	493781
388	493900
389	495562
390	496871
391	501359
392	513861
393	514062
394	516870
395	516907
396	516998
397	518136
398	518403
399	521210
400	521365
401	521554
402	522386
403	523353
404	526247
405	528068
406	528614
407	529708
408	530657
409	530883
410	531031
411	532136
412	532230
413	533580
414	533716
415	534395
416	535176
417	535179
418	536290
419	538247
420	538464
421	539489
422	539890
423	540867
424	542708
425	543155
426	546122
427	546735
428	547348
429	547417
430	547746
431	550022
432	550777
433	552937
434	555783
435	556099
436	556651
437	559134
438	562028
439	562107
440	562855
441	564188
442	564356
443	564459
444	566446
445	568447
446	568498
447	568797
448	568997
449	571098
450	571231
451	571415
452	572236
453	574115
454	575294
455	575598
456	576826
457	577546
458	577712
459	579395
460	580797
461	580885
462	581220
463	581649
464	583505
465	583788
466	586470
467	586705
468	588771
469	588884
470	590590
471	593149
472	595915
473	597044
474	597553
475	598155
476	599499
477	600493
478	600545
479	600641
480	601052
481	601576
482	602171
483	605050
484	605624
485	608369
486	612294
487	612323
488	615070
489	616027
490	618653
491	621224
492	625633
493	628058
494	632591
495	636078
496	636876
497	637294
498	637884
499	637959
500	639102
501	639135
502	639336
503	640220
504	640937
505	641302
506	641328
507	643056
508	645989
509	646437
510	648021
511	651921
512	654879
513	654912
514	655023
515	655396
516	655737
517	656054
518	656089
519	656218
520	657039
521	657195
522	658018
523	658225
524	659190
525	659991
526	660332
527	660357
528	661358
529	661820
530	662215
531	663802
532	664589
533	664674
534	664928
535	665008
536	665334
537	665335
538	665407
539	666072
540	666736
541	666745
542	667138
543	668163
544	670070
545	670953
546	672793
547	673372
548	674070
549	674699
550	675119
551	676999
552	677292
553	677725
554	679772
555	680622
556	680997
557	682758
558	683806
559	684167
560	684185
561	684309
562	685503
563	686076
564	686162
565	687404
566	687801
567	688107
568	688195
569	689326
570	690643
571	690726
572	691132
573	691490
574	692066
575	693174
576	694469
577	694482
578	695545
579	696463
580	697231
581	700154
582	700938
583	701633
584	703306
585	703667
586	705158
587	706390
588	706747
589	708008
590	708115
591	708291
592	708605
593	709246
594	709292
595	709293
596	710151
597	710272
598	710291
599	710576
600	710879
601	712454
602	716818
603	717072
604	717446
605	717449
606	719308
607	719563
608	720288
609	723552
610	725346
611	726083
612	727165
613	727209
614	727613
615	728435
616	729141
617	734683
618	735162
619	736194
620	736738
621	741043
622	741142
623	744188
624	745317
625	745665
626	745689
627	746013
628	746371
629	746373
630	747163
631	747849
632	748771
633	748797
634	749075
635	749430
636	750578
637	752280
638	753170
639	753497
640	756286
641	757769
642	757814
643	761700
644	761970
645	762119
646	762139
647	765918
648	766853
649	766980
650	767296
651	768282
652	768786
653	769510
654	769701
655	771277
656	772250
657	772538
658	772752
659	773001
660	773274
661	773289
662	773637
663	775685
664	776019
665	776223
666	776241
667	777298
668	777739
669	778134
670	778873
671	779537
672	780116
673	785542
674	787933
675	788220
676	788900
677	790145
678	791723
679	793043
680	794113
681	795109
682	797457
683	797591
684	800541
685	802267
686	802727
687	802905
688	804185
689	805590
690	805818
691	806043
692	807279
693	807994
694	808874
695	811048
696	811977
697	813404
698	813738
699	813807
700	814650
701	814881
702	815781
703	817384
704	819936
705	822190
706	823538
707	826649
708	826738
709	826770
710	829478
711	831681
712	832179
713	832471
714	834342
715	836446
716	837104
717	837216
718	837312
719	837764
720	838426
721	839293
722	841399
723	842309
724	842387
725	842831
726	848400
727	848958
728	849887
729	850468
730	850894
731	851167
732	852656
733	854483
734	854906
735	856408
736	856486
737	856934
738	857171
739	857473
740	857877
741	860290
742	861026
743	861370
744	863233
745	863837
746	864128
747	864200
748	865455
749	867204
750	868271
751	868639
752	868860
753	868902
754	869097
755	871877
756	872642
757	874042
758	875851
759	878770
760	878799
761	878955
762	882904
763	883215
764	887354
765	889677
766	891138
767	891159
768	891213
769	891436
770	892488
771	893101
772	893715
773	894916
774	898016
775	898099
776	898366
777	899528
778	899659
779	899982
780	900189
781	901098
782	902538
783	903042
784	904216
785	906449
786	906768
787	907884
788	908995
789	911533
790	911967
791	912373
792	912377
793	912640
794	913185
795	913285
796	913481
797	914229
798	914591
799	915388
800	915913
801	916973
802	918120
803	920621
804	921300
805	922085
806	923004
807	924024
808	924346
809	924366
810	926011
811	929472
812	929662
813	929875
814	930440
815	931108
816	932494
817	933039
818	934048
819	936451
820	937904
821	938188
822	943511
823	943870
824	944604
825	944626
826	946088
827	948148
828	949492
829	950603
830	951533
831	951850
832	953657
833	955629
834	957032
835	957077
836	958634
837	960996
838	963348
839	963958
840	965109
841	965270
842	965332
843	966594
844	966596
845	968008
846	968356
847	968419
848	968470
849	968520
850	968521
851	968522
852	968534
853	968719
854	968896
855	969674
856	972323
857	972770
858	973404
859	973895
860	974183
861	975653
862	975662
863	975675
864	975686
865	976390
866	976740
867	976746
868	976765
869	976800
870	976803
871	976863
872	977768
873	978148
874	978451
875	978572
876	978658
877	978698
878	979993
879	980623
880	981125
881	981871
882	982792
883	984013
884	985434
885	986764
886	986959
887	988378
888	989050
889	989103
890	991360
891	991500
892	991719
893	996369
894	997205
895	999319
896	999515
897	999621
898	999647
899	1001291
900	1004826
901	1005174
902	1006512
903	1007915
904	1008022
905	1009443
906	1009668
907	1010294
908	1010549
909	1013351
910	1013774
911	1013804
912	1014026
913	1015233
914	1017447
915	1017460
916	1017601
917	1017995
918	1018100
919	1018973
920	1020657
921	1021941
922	1025273
923	1025352
924	1025654
925	1026085
926	1026398
927	1026886
928	1027716
929	1028086
930	1028806
931	1030485
932	1033899
933	1034838
934	1035131
935	1035211
936	1035894
937	1036488
938	1037187
939	1039077
940	1041048
941	1041918
942	1043013
943	1043291
944	1043414
945	1044567
946	1047890
947	1049005
948	1050180
949	1051815
950	1052875
951	1053981
952	1054063
953	1054653
954	1055033
955	1055044
956	1056081
957	1056949
958	1057528
959	1058445
960	1060061
961	1060611
962	1061493
963	1061586
964	1062017
965	1063041
966	1064353
967	1064739
968	1064862
969	1064921
970	1066568
971	1066948
972	1068331
973	1068458
974	1068636
975	1068733
976	1069593
977	1069619
978	1069688
979	1069799
980	1070812
981	1072100
982	1073409
983	1074322
984	1074750
985	1074941
986	1075171
987	1075817
988	1075871
989	1077350
990	1077621
991	1077826
992	1078553
993	1080101
994	1080448
995	1083401
996	1083735
997	1084055
998	1087901
999	1088072
1000	1088417
1001	1088747
1002	1089315
1003	1089338
1004	1089472
1005	1089668
1006	1089705
1007	1090434
1008	1092371
1009	1092448
1010	1093453
1011	1093972
1012	1095724
1013	1095949
1014	1096738
1015	1097599
1016	1098443
1017	1100439
1018	1103033
1019	1103473
1020	1103560
1021	1103689
1022	1103741
1023	1103761
1024	1103966
1025	1104804
1026	1105245
1027	1106219
1028	1106268
1029	1107780
1030	1107929
1031	1108185
1032	1108349
1033	1108380
1034	1111788
1035	1112369
1036	1112873
1037	1113051
1038	1115985
1039	1116434
1040	1116542
1041	1116835
1042	1117448
1043	1117664
1044	1117891
1045	1118053
1046	1118180
1047	1118766
1048	1121477
1049	1123823
1050	1125292
1051	1125555
1052	1126891
1053	1128420
1054	1128534
1055	1129580
1056	1134239
1057	1135344
1058	1135903
1059	1137816
1060	1140696
1061	1140797
1062	1141666
1063	1141779
1064	1143828
1065	1143969
1066	1144824
1067	1145193
1068	1145657
1069	1146765
1070	1147447
1071	1147890
1072	1148107
1073	1154832
1074	1155118
1075	1155759
1076	1156030
1077	1157179
1078	1158159
1079	1158244
1080	1158567
1081	1158698
1082	1158788
1083	1159738
1084	1159812
1085	1160646
1086	1161260
1087	1162232
1088	1163892
1089	1164924
1090	1165856
1091	1166247
1092	1166656
1093	1166823
1094	1167093
1095	1167785
1096	1168364
1097	1168815
1098	1169224
1099	1169625
1100	1170237
1101	1172155
1102	1172491
1103	1173649
1104	1175133
1105	1175355
1106	1175491
1107	1176312
1108	1176313
1109	1176428
1110	1176543
1111	1177625
1112	1178046
1113	1178072
1114	1179980
1115	1180084
1116	1181205
1117	1181858
1118	1182730
1119	1182969
1120	1183229
1121	1183349
1122	1183498
1123	1184045
1124	1184624
1125	1185441
1126	1185919
1127	1186035
1128	1186737
1129	1186821
1130	1186959
1131	1187370
1132	1187788
1133	1187957
1134	1187991
1135	1188142
1136	1189166
1137	1190661
1138	1190725
1139	1191255
1140	1191256
1141	1191674
1142	1191846
1143	1192395
1144	1192551
1145	1192686
1146	1192990
1147	1193216
1148	1194407
1149	1195396
1150	1196603
1151	1197196
1152	1198495
1153	1199947
1154	1201471
1155	1201519
1156	1201706
1157	1202153
1158	1202551
1159	1202688
1160	1203889
1161	1204970
1162	1208538
1163	1209326
1164	1209980
1165	1214014
1166	1216321
1167	1229238
1168	1229808
1169	1230517
1170	1230657
1171	1233933
1172	1236647
1173	1237326
1174	1239767
1175	1241389
1176	1242536
1177	1243232
1178	1245846
1179	1246384
1180	1246385
1181	1246594
1182	1246811
1183	1247626
1184	1249613
1185	1249709
1186	1250105
1187	1250432
1188	1251101
1189	1252152
1190	1252224
1191	1252341
1192	1252433
1193	1252596
1194	1252618
1195	1253132
1196	1253440
1197	1253502
1198	1253986
1199	1254428
1200	1259234
1201	1259711
1202	1260002
1203	1260233
1204	1261338
1205	1265401
1206	1265572
1207	1265666
1208	1268755
1209	1270167
1210	1270304
1211	1273249
1212	1273711
1213	1274522
1214	1275063
1215	1275530
1216	1275817
1217	1276225
1218	1276336
1219	1276434
1220	1276519
1221	1277303
1222	1277357
1223	1277965
1224	1278310
1225	1279914
1226	1280196
1227	1281954
1228	1282259
1229	1283200
1230	1283862
1231	1285968
1232	1286687
1233	1287258
1234	1289618
1235	1289716
1236	1290297
1237	1290428
1238	1292196
1239	1292213
1240	1293653
1241	1294627
1242	1295594
1243	1295630
1244	1296483
1245	1297924
1246	1298405
1247	1298531
1248	1298755
1249	1299210
1250	1299644
1251	1300161
1252	1301657
1253	1301796
1254	1303616
1255	1304694
1256	1305879
1257	1306154
1258	1308194
1259	1308643
1260	1310470
1261	1311265
1262	1312291
1263	1312299
1264	1312362
1265	1312411
1266	1313094
1267	1313199
1268	1313976
1269	1314099
1270	1315358
1271	1315377
1272	1315609
1273	1315758
1274	1317458
1275	1319811
1276	1321554
1277	1321746
1278	1322306
1279	1322462
1280	1322809
1281	1323205
1282	1324767
1283	1325422
1284	1326995
1285	1327984
1286	1328765
1287	1329069
1288	1330514
1289	1331444
1290	1332483
1291	1332978
1292	1335750
1293	1335788
1294	1336208
1295	1336782
1296	1337804
1297	1337817
1298	1338300
1299	1338459
1300	1338540
1301	1339126
1302	1340134
1303	1341234
1304	1341353
1305	1343454
1306	1345733
1307	1345777
1308	1346648
1309	1349807
1310	1350291
1311	1351269
1312	1352461
1313	1353672
1314	1353798
1315	1354119
1316	1355824
1317	1357070
1318	1357787
1319	1357788
1320	1358140
1321	1358573
1322	1358580
1323	1359260
1324	1360226
1325	1362109
1326	1362225
1327	1364189
1328	1364379
1329	1365354
1330	1367686
1331	1368482
1332	1368535
1333	1368766
1334	1370496
1335	1373425
1336	1379717
1337	1382039
1338	1382857
1339	1383316
1340	1383349
1341	1385456
1342	1385555
1343	1385889
1344	1387131
1345	1388204
1346	1388671
1347	1388724
1348	1388796
1349	1392426
1350	1392665
1351	1393788
1352	1394772
1353	1394854
1354	1395127
1355	1396349
1356	1396764
1357	1397083
1358	1397111
1359	1397155
1360	1399128
1361	1399318
1362	1402042
1363	1402511
1364	1402688
1365	1403330
1366	1405639
1367	1405887
1368	1406354
1369	1406441
1370	1406911
1371	1407871
1372	1408069
1373	1408164
1374	1412141
1375	1412410
1376	1412852
1377	1414052
1378	1415004
1379	1417240
1380	1418163
1381	1418189
1382	1418580
1383	1419522
1384	1420208
1385	1421424
1386	1421535
1387	1422336
1388	1423093
1389	1423480
1390	1426935
1391	1427393
1392	1427450
1393	1428493
1394	1431396
1395	1432227
1396	1432288
1397	1432973
1398	1433541
1399	1434630
1400	1435041
1401	1436283
1402	1437168
1403	1437409
1404	1441377
1405	1443936
1406	1444106
1407	1444331
1408	1445159
1409	1445544
1410	1453214
1411	1453354
1412	1453638
1413	1453901
1414	1454017
1415	1454073
1416	1457728
1417	1458270
1418	1458796
1419	1459941
1420	1460262
1421	1460912
1422	1460925
1423	1461392
1424	1464216
1425	1464996
1426	1465654
1427	1466162
1428	1468779
1429	1471204
1430	1472056
1431	1472234
1432	1472609
1433	1474002
1434	1474423
1435	1475337
1436	1475937
1437	1476014
1438	1479897
1439	1479980
1440	1480003
1441	1481321
1442	1481355
1443	1481448
1444	1482462
1445	1483377
1446	1484619
1447	1485420
1448	1485528
1449	1490263
1450	1490288
1451	1491492
1452	1492757
1453	1492896
1454	1494278
1455	1494646
1456	1495065
1457	1496410
1458	1496970
1459	1497016
1460	1497286
1461	1502731
1462	1504801
1463	1504834
1464	1505871
1465	1506455
1466	1506630
1467	1506842
1468	1508445
1469	1509311
1470	1509384
1471	1509819
1472	1510107
1473	1511818
1474	1513484
1475	1516095
1476	1518251
1477	1518258
1478	1518396
1479	1520022
1480	1521219
1481	1521309
1482	1521429
1483	1521517
1484	1522003
1485	1522302
1486	1522522
1487	1523187
1488	1524585
1489	1524698
1490	1527949
1491	1528182
1492	1528872
1493	1532918
1494	1535024
1495	1535190
1496	1535815
1497	1535816
1498	1538473
1499	1538654
1500	1538974
1501	1539004
1502	1539327
1503	1540016
1504	1541087
1505	1541937
1506	1543075
1507	1543096
1508	1544271
1509	1546186
1510	1546789
1511	1549389
1512	1549663
1513	1549927
1514	1550055
1515	1551951
1516	1553625
1517	1553712
1518	1555650
1519	1556280
1520	1556883
1521	1556899
1522	1558169
1523	1558662
1524	1558882
1525	1559910
1526	1560076
1527	1561485
1528	1563010
1529	1563247
1530	1563805
1531	1565646
1532	1565700
1533	1567821
1534	1568517
1535	1572027
1536	1573031
1537	1573199
1538	1573312
1539	1575521
1540	1578881
1541	1579288
1542	1580226
1543	1580658
1544	1583786
1545	1584103
1546	1589114
1547	1589691
1548	1591443
1549	1592493
1550	1594291
1551	1594895
1552	1596810
1553	1597350
1554	1597830
1555	1598590
1556	1598882
1557	1600614
1558	1601081
1559	1602167
1560	1602474
1561	1604097
1562	1605679
1563	1605907
1564	1606675
1565	1606790
1566	1608418
1567	1611160
1568	1612906
1569	1613188
1570	1613392
1571	1613757
1572	1615058
1573	1616893
1574	1617297
1575	1617360
1576	1617804
1577	1618159
1578	1619079
1579	1619573
1580	1619787
1581	1620734
1582	1621068
1583	1621455
1584	1621631
1585	1621885
1586	1622513
1587	1623034
1588	1625005
1589	1625340
1590	1626912
1591	1627299
1592	1627635
1593	1629373
1594	1630793
1595	1631323
1596	1633385
1597	1633850
1598	1636001
1599	1636203
1600	1638814
1601	1638982
1602	1640114
1603	1640986
1604	1643072
1605	1643082
1606	1644570
1607	1646141
1608	1646545
1609	1648013
1610	1648117
1611	1648188
1612	1649079
1613	1650823
1614	1650874
1615	1650950
1616	1651829
1617	1652248
1618	1652394
1619	1652438
1620	1652709
1621	1652964
1622	1655868
1623	1656265
1624	1656306
1625	1656383
1626	1657095
1627	1657120
1628	1658631
1629	1659400
1630	1660407
1631	1660726
1632	1661554
1633	1661745
1634	1662213
1635	1662295
1636	1664930
1637	1665703
1638	1668187
1639	1668311
1640	1668376
1641	1668420
1642	1668451
1643	1668561
1644	1668647
1645	1668738
1646	1668913
1647	1669104
1648	1669186
1649	1670514
1650	1671089
1651	1672534
1652	1673727
1653	1674649
1654	1675643
1655	1676854
1656	1676862
1657	1678047
1658	1678049
1659	1680251
1660	1680600
1661	1681387
1662	1681896
1663	1681970
1664	1684256
1665	1686570
1666	1687826
1667	1688855
1668	1689072
1669	1691631
1670	1692260
1671	1692623
1672	1692643
1673	1693593
1674	1694423
1675	1696794
1676	1697656
1677	1697804
1678	1698607
1679	1698770
1680	1699208
1681	1699555
1682	1699712
1683	1699891
1684	1700095
1685	1700259
1686	1701333
1687	1702552
1688	1703291
1689	1703709
1690	1703776
1691	1704011
1692	1706036
1693	1706134
1694	1706455
1695	1706749
1696	1706869
1697	1707434
1698	1710479
1699	1711533
1700	1715549
1701	1717702
1702	1720324
1703	1720544
1704	1721204
1705	1721993
1706	1725429
1707	1725795
1708	1727224
1709	1727588
1710	1727780
1711	1730170
1712	1730705
1713	1732548
1714	1733107
1715	1733934
1716	1735802
1717	1738032
1718	1738908
1719	1739370
1720	1741360
1721	1741879
1722	1743246
1723	1743885
1724	1744125
1725	1744416
1726	1745365
1727	1746394
1728	1747051
1729	1747662
1730	1747806
1731	1748158
1732	1748460
1733	1750445
1734	1750490
1735	1751158
1736	1751486
1737	1751615
1738	1754501
1739	1754650
1740	1755727
1741	1757455
1742	1758768
1743	1760343
1744	1760431
1745	1760743
1746	1761597
1747	1761917
1748	1764531
1749	1766228
1750	1767397
1751	1770056
1752	1770198
1753	1770568
1754	1771975
1755	1771978
1756	1771987
1757	1772928
1758	1773332
1759	1773459
1760	1774319
1761	1776568
1762	1777027
1763	1777091
1764	1778392
1765	1778680
1766	1780218
1767	1780808
1768	1781289
1769	1782269
1770	1784505
1771	1784588
1772	1784750
1773	1785808
1774	1785834
1775	1786413
1776	1787057
1777	1787711
1778	1787724
1779	1787741
1780	1789009
1781	1789487
1782	1789747
1783	1792529
1784	1793442
1785	1793797
1786	1794066
1787	1794603
1788	1796005
1789	1796026
1790	1796168
1791	1796180
1792	1796779
1793	1796818
1794	1796843
1795	1796905
1796	1796959
1797	1796977
1798	1797462
1799	1797503
1800	1799037
1801	1799578
1802	1800897
1803	1801816
1804	1802089
1805	1802387
1806	1802931
1807	1803534
1808	1806949
1809	1807321
1810	1814950
1811	1818663
1812	1819208
1813	1820642
1814	1821623
1815	1823236
1816	1823833
1817	1826895
1818	1829175
1819	1829389
1820	1830151
1821	1830202
1822	1830836
1823	1832996
1824	1833048
1825	1833417
1826	1836030
1827	1837074
1828	1838321
1829	1839806
1830	1840961
1831	1841436
1832	1842780
1833	1844053
1834	1844712
1835	1845139
1836	1845561
1837	1846381
1838	1846570
1839	1846645
1840	1846656
1841	1847609
1842	1847780
1843	1848883
1844	1853122
1845	1856051
1846	1856178
1847	1856493
1848	1856848
1849	1857087
1850	1858837
1851	1861025
1852	1861735
1853	1862624
1854	1863030
1855	1863665
1856	1863860
1857	1864851
1858	1867696
1859	1869351
1860	1870704
1861	1873079
1862	1875746
1863	1877972
1864	1878070
1865	1878119
1866	1878364
1867	1878932
1868	1879846
1869	1883387
1870	1884678
1871	1886256
1872	1890203
1873	1890514
1874	1891833
1875	1900645
1876	1901699
1877	1908426
1878	1910659
1879	1911118
1880	1911902
1881	1917989
1882	1918688
1883	1920263
1884	1924532
1885	1925220
1886	1929578
1887	1930829
1888	1930861
1889	1933278
1890	1933561
1891	1941295
1892	1961974
1893	1962022
1894	1962116
1895	1962123
1896	1964554
1897	1965459
1898	1966527
1899	1966529
1900	1966576
1901	1980273
1902	1981458
1903	1982158
1904	1986397
1905	1988330
1906	1990962
1907	1991977
1908	1995521
1909	1999275
1910	2000610
1911	2000629
1912	2000992
1913	2000994
1914	2001389
1915	2002251
1916	2002270
1917	2006201
1918	2006296
1919	2006672
1920	2008946
1921	2009067
1922	2009196
1923	2011558
1924	2011785
1925	2013137
1926	2013401
1927	2013959
1928	2015727
1929	2017559
1930	2017802
1931	2018012
1932	2018970
1933	2020600
1934	2021535
1935	2025751
1936	2027504
1937	2027619
1938	2028161
1939	2028219
1940	2028245
1941	2029139
1942	2029740
1943	2031392
1944	2031952
1945	2032179
1946	2033796
1947	2036418
1948	2040742
1949	2041414
1950	2043003
1951	2044603
1952	2045219
1953	2046083
1954	2046122
1955	2046229
1956	2046381
1957	2047642
1958	2049395
1959	2049484
1960	2050741
1961	2052559
1962	2052681
1963	2053062
1964	2053426
1965	2054244
1966	2054431
1967	2055016
1968	2057422
1969	2057649
1970	2060862
1971	2060988
1972	2061314
1973	2062202
1974	2062682
1975	2063601
1976	2064228
1977	2065790
1978	2068362
1979	2068383
1980	2068832
1981	2069184
1982	2072543
1983	2072839
1984	2072878
1985	2073520
1986	2074521
1987	2077239
1988	2077538
1989	2078636
1990	2078672
1991	2079325
1992	2079789
1993	2082453
1994	2083700
1995	2088229
1996	2090669
1997	2090879
1998	2093585
1999	2094517
2000	2094834
2001	2096415
2002	2097438
2003	2098535
2004	2099693
2005	2100767
2006	2103260
2007	2103474
2008	2103746
2009	2105562
2010	2105964
2011	2109171
2012	2112345
2013	2114823
2014	2115899
2015	2117881
2016	2118338
2017	2120860
2018	2121673
2019	2121888
2020	2122042
2021	2122121
2022	2122385
2023	2122467
2024	2122571
2025	2122607
2026	2123292
2027	2124427
2028	2124462
2029	2125803
2030	2130831
2031	2131044
2032	2131442
2033	2131759
2034	2132576
2035	2132719
2036	2133007
2037	2133295
2038	2134453
2039	2134631
2040	2134826
2041	2135280
2042	2137481
2043	2137485
2044	2138189
2045	2139564
2046	2139752
2047	2141184
2048	2142034
2049	2142174
2050	2143215
2051	2143757
2052	2144541
2053	2145093
2054	2147455
2055	2147573
2056	2150916
2057	2150917
2058	2154326
2059	2155661
2060	2157209
2061	2157826
2062	2157931
2063	2159599
2064	2160691
2065	2161020
2066	2162317
2067	2166573
2068	2168441
2069	2169126
2070	2169937
2071	2171031
2072	2172793
2073	2173779
2074	2173968
2075	2174345
2076	2174988
2077	2175497
2078	2175517
2079	2175724
2080	2175797
2081	2176221
2082	2177755
2083	2177793
2084	2179002
2085	2180163
2086	2180819
2087	2184082
2088	2184392
2089	2185692
2090	2185910
2091	2189229
2092	2189707
2093	2189709
2094	2190223
2095	2190254
2096	2190335
2097	2190371
2098	2190852
2099	2191173
2100	2191700
2101	2192279
2102	2195340
2103	2196770
2104	2197256
2105	2197516
2106	2199024
2107	2200488
2108	2200506
2109	2202280
2110	2202925
2111	2207309
2112	2207590
2113	2209464
2114	2210843
2115	2212420
2116	2212971
2117	2213442
2118	2217904
2119	2220085
2120	2220755
2121	2221690
2122	2224311
2123	2224593
2124	2224710
2125	2224902
2126	2225072
2127	2225467
2128	2225491
2129	2226945
2130	2231147
2131	2231310
2132	2231644
2133	2231821
2134	2232408
2135	2232519
2136	2232909
2137	2233218
2138	2237830
2139	2238429
2140	2239813
2141	2240841
2142	2241059
2143	2244785
2144	2245011
2145	2246132
2146	2246483
2147	2247572
2148	2248516
2149	2250411
2150	2251365
2151	2251473
2152	2253607
2153	2255530
2154	2256224
2155	2256225
2156	2256594
2157	2257625
2158	2259328
2159	2259401
2160	2259976
2161	2260041
2162	2262862
2163	2262936
2164	2262951
2165	2264040
2166	2264905
2167	2265704
2168	2267563
2169	2269481
2170	2269512
2171	2269601
2172	2269781
2173	2270168
2174	2270641
2175	2273624
2176	2274945
2177	2276093
2178	2278844
2179	2282017
2180	2282113
2181	2284003
2182	2284097
2183	2284478
2184	2285363
2185	2285639
2186	2287003
2187	2287048
2188	2288016
2189	2289079
2190	2289098
2191	2289489
2192	2289965
2193	2290162
2194	2290854
2195	2292023
2196	2292793
2197	2293776
2198	2294452
2199	2294515
2200	2295544
2201	2295975
2202	2298148
2203	2300018
2204	2301824
2205	2304169
2206	2304843
2207	2311374
2208	2311477
2209	2312968
2210	2312971
2211	2313875
2212	2314011
2213	2314460
2214	2316433
2215	2317195
2216	2318556
2217	2318605
2218	2318691
2219	2320004
2220	2320950
2221	2322066
2222	2322789
2223	2322855
2224	2323219
2225	2323774
2226	2323870
2227	2324095
2228	2324311
2229	2325953
2230	2328206
2231	2332838
2232	2335646
2233	2337632
2234	2337957
2235	2341281
2236	2341702
2237	2342003
2238	2342175
2239	2348138
2240	2349232
2241	2352615
2242	2353371
2243	2354204
2244	2354258
2245	2357118
2246	2357452
2247	2359285
2248	2361025
2249	2363695
2250	2364379
2251	2365763
2252	2367330
2253	2368317
2254	2369711
2255	2370194
2256	2371064
2257	2371085
2258	2371112
2259	2372641
2260	2373778
2261	2376081
2262	2377199
2263	2377376
2264	2378411
2265	2379724
2266	2380123
2267	2381513
2268	2384595
2269	2387988
2270	2388721
2271	2389767
2272	2389769
2273	2389849
2274	2389981
2275	2390441
2276	2390511
2277	2390512
2278	2390570
2279	2393592
2280	2394967
2281	2398313
2282	2399963
2283	2399968
2284	2401241
2285	2401472
2286	2403235
2287	2406652
2288	2407209
2289	2410204
2290	2410749
2291	2413545
2292	2413760
2293	2414639
2294	2415281
2295	2415432
2296	2415839
2297	2416027
2298	2416073
2299	2417559
2300	2417564
2301	2418535
2302	2419430
2303	2419662
2304	2420277
2305	2426389
2306	2426656
2307	2430239
2308	2430257
2309	2430869
2310	2431279
2311	2433021
2312	2433845
2313	2434101
2314	2434383
2315	2434411
2316	2434977
2317	2435716
2318	2437698
2319	2438550
2320	2439535
2321	2440588
2322	2440712
2323	2441033
2324	2441566
2325	2441819
2326	2442485
2327	2444054
2328	2444378
2329	2446133
2330	2446754
2331	2448263
2332	2448450
2333	2450058
2334	2450206
2335	2450244
2336	2450853
2337	2450943
2338	2453900
2339	2454800
2340	2456226
2341	2456323
2342	2456668
2343	2456875
2344	2457705
2345	2458289
2346	2459042
2347	2460749
2348	2461999
2349	2462254
2350	2466033
2351	2467929
2352	2470040
2353	2470445
2354	2470529
2355	2471837
2356	2472707
2357	2473455
2358	2474799
2359	2475406
2360	2475571
2361	2476114
2362	2478574
2363	2480296
2364	2480935
2365	2481327
2366	2483055
2367	2483716
2368	2483728
2369	2485033
2370	2486305
2371	2486971
2372	2488881
2373	2488896
2374	2488898
2375	2488914
2376	2489022
2377	2489090
2378	2489927
2379	2490872
2380	2491706
2381	2492614
2382	2493216
2383	2494498
2384	2496368
2385	2496989
2386	2497784
2387	2498525
2388	2499473
2389	2499827
2390	2501042
2391	2501499
2392	2502189
2393	2504107
2394	2504184
2395	2507939
2396	2508066
2397	2508661
2398	2508697
2399	2509684
2400	2510735
2401	2511847
2402	2512359
2403	2513910
2404	2514716
2405	2516042
2406	2516369
2407	2516395
2408	2516590
2409	2518324
2410	2518558
2411	2519276
2412	2528299
2413	2528646
2414	2583388
2415	2583617
2416	2586174
2417	2588452
2418	2588710
2419	2589653
2420	2589837
2421	2590475
2422	2590485
2423	2593386
2424	2594850
2425	2595589
2426	2595698
2427	2598906
2428	2601203
2429	2604063
2430	2605630
2431	2605651
2432	2608288
2433	2608542
2434	2610101
2435	2611385
2436	2612234
2437	2613586
2438	2613601
2439	2613602
2440	2613603
2441	2613604
2442	2613619
2443	2615859
2444	2616894
2445	2617223
2446	2618137
2447	2618283
2448	2618356
2449	2621104
2450	2622495
2451	2623302
2452	2623509
2453	2623807
2454	2623902
2455	2624737
2456	2626325
2457	2628661
2458	2629412
2459	2629684
2460	2629703
2461	2630406
2462	2631075
2463	2631137
2464	2631719
2465	2632749
2466	2633866
2467	2634019
2468	2635177
2469	2635847
2470	2636475
2471	2637545
2472	2640264
2473	2640498
2474	2641795
2475	2641969
2476	2642877
2477	2643020
2478	2644064
2479	2644298
2480	2645278
2481	2645319
2482	2645541
2483	2649034
2484	2649373
2485	2649424
2486	2649520
2487	2649562
2488	2649981
2489	2650187
2490	2651144
2491	2652405
2492	2653137
2493	2653254
2494	2653281
2495	2653285
2496	2654315
2497	2654602
2498	2655432
2499	2655547
2500	2656134
2501	2657776
2502	2658267
2503	2658761
2504	2660345
2505	2660396
2506	2662157
2507	2662520
2508	2663565
2509	2663874
2510	2664436
2511	2664801
2512	2665549
2513	2666613
2514	2666648
2515	2667801
2516	2668857
2517	2668903
2518	2672344
2519	2673067
2520	2674006
2521	2677650
2522	2678039
2523	2679296
2524	2680698
2525	2680798
2526	2681959
2527	2685244
2528	2686066
2529	2686067
2530	2688529
2531	2691070
2532	2691249
2533	2695202
2534	2697651
2535	2698027
2536	2698562
2537	2698845
2538	2698950
2539	2699098
2540	2699154
2541	2701687
2542	2704380
2543	2705588
2544	2707480
2545	2708170
2546	2709669
2547	2713181
2548	2713912
2549	2715075
2550	2715253
2551	2716057
2552	2717777
2553	2717947
2554	2718504
2555	2726625
2556	2726761
2557	2728289
2558	2728314
2559	2728322
2560	2729100
2561	2729766
2562	2729788
2563	2730817
2564	2731257
2565	2731510
2566	2732425
2567	2732918
2568	2735832
2569	2736214
2570	2738054
2571	2738965
2572	2740038
2573	2740457
2574	2742191
2575	2743098
2576	2743299
2577	2744187
2578	2746709
2579	2747108
2580	2748448
2581	2748479
2582	2749402
2583	2752685
2584	2752899
2585	2754753
2586	2754927
2587	2755054
2588	2757187
2589	2757754
2590	2758947
2591	2759490
2592	2760960
2593	2761289
2594	2761981
2595	2762820
2596	2763606
2597	2765123
2598	2766907
2599	2767094
2600	2767503
2601	2768332
2602	2770285
2603	2775532
2604	2775539
2605	2777272
2606	2778662
2607	2779013
2608	2779191
2609	2780702
2610	2781945
2611	2783101
2612	2784758
2613	2785567
2614	2798204
2615	2798218
2616	2798833
2617	2799522
2618	2799547
2619	2800022
2620	2800685
2621	2800726
2622	2801132
2623	2804246
2624	2804576
2625	2804948
2626	2805291
2627	2807397
2628	2808716
2629	2808727
2630	2809966
2631	2810761
2632	2812339
2633	2815585
2634	2815682
2635	2819279
2636	2819799
2637	2822410
2638	2823918
2639	2824114
2640	2826140
2641	2827021
2642	2829415
2643	2829572
2644	2830726
2645	2830780
2646	2831039
2647	2832511
2648	2832716
2649	2834638
2650	2834731
2651	2835688
2652	2835783
2653	2835946
2654	2836194
2655	2836696
2656	2838558
2657	2839708
2658	2839838
2659	2840593
2660	2841237
2661	2841831
2662	2841919
2663	2844162
2664	2845767
2665	2849464
2666	2850415
2667	2852011
2668	2852176
2669	2852390
2670	2859722
2671	2860061
2672	2860395
2673	2860814
2674	2860861
2675	2865231
2676	2866637
2677	2869174
2678	2871313
2679	2871545
2680	2873815
2681	2874193
2682	2876786
2683	2876949
2684	2877200
2685	2878491
2686	2882959
2687	2885271
2688	2887478
2689	2887662
2690	2889447
2691	2889503
2692	2890972
2693	2894037
2694	2894780
2695	2896006
2696	2897757
2697	2897834
2698	2897940
2699	2898212
2700	2899707
2701	2899709
2702	2899908
2703	2900323
2704	2900948
2705	2901727
2706	2902011
2707	2902851
2708	2904668
2709	2905894
