1	324
2	391
3	411
4	2252
5	2263
6	3259
7	3543
8	3560
9	5435
10	7254
11	7255
12	7266
13	7321
14	11379
15	11382
16	11505
17	12896
18	13465
19	13576
20	14252
21	14605
22	14612
23	14622
24	14630
25	14775
26	14920
27	15062
28	15122
29	15339
30	15887
31	16148
32	16360
33	16615
34	18387
35	20277
36	21102
37	21105
38	21658
39	22833
40	22866
41	24200
42	24365
43	24909
44	24982
45	25656
46	26206
47	26634
48	27066
49	27400
50	29431
51	29576
52	33517
53	34102
54	34127
55	34185
56	34920
57	35998
58	36393
59	36981
60	37397
61	37715
62	37848
63	38286
64	38652
65	39267
66	42052
67	43247
68	44177
69	44866
70	53123
71	53663
72	56025
73	56094
74	56751
75	61107
76	61374
77	61881
78	61907
79	62294
80	62536
81	62614
82	62625
83	64658
84	64959
85	65169
86	65175
87	65243
88	65306
89	65415
90	66179
91	69476
92	70624
93	72301
94	72335
95	73360
96	74902
97	74903
98	74937
99	74959
100	74994
101	75091
102	75098
103	75103
104	75119
105	75129
106	75178
107	75182
108	75183
109	75194
110	75196
111	75199
112	75258
113	75373
114	75608
115	75952
116	77495
117	78097
118	78119
119	78151
120	78222
121	78386
122	78396
123	78397
124	78495
125	80352
126	81238
127	82366
128	83385
129	84429
130	84623
131	85254
132	85289
133	85303
134	86152
135	87856
136	87859
137	87869
138	88588
139	88870
140	89244
141	89281
142	89290
143	89369
144	90360
145	90452
146	90499
147	92302
148	92386
149	92544
150	92676
151	93234
152	93919
153	94639
154	94720
155	95010
156	95512
157	95704
158	96602
159	97130
160	99190
161	100343
162	101391
163	101561
164	104255
165	105432
166	105434
167	105752
168	106201
169	107063
170	109542
171	109759
172	109764
173	111003
174	112576
175	114065
176	115351
177	115641
178	116297
179	116914
180	116928
181	118406
182	119065
183	119070
184	119117
185	119558
186	120167
187	120745
188	123982
189	123997
190	124058
191	126865
192	127226
193	128283
194	128343
195	128474
196	129028
197	129224
198	131195
199	131672
200	132248
201	132712
202	133106
203	133607
204	133735
205	133759
206	133774
207	133864
208	133920
209	134074
210	134080
211	134178
212	134287
213	134293
214	134384
215	134398
216	134705
217	134787
218	134788
219	136038
220	136329
221	136382
222	137909
223	139154
224	139283
225	139329
226	139835
227	140562
228	140564
229	143215
230	143412
231	146316
232	149772
233	150363
234	150532
235	151392
236	153884
237	154055
238	154505
239	154931
240	154943
241	156243
242	156823
243	156862
244	156906
245	157070
246	157878
247	159580
248	161423
249	161672
250	162921
251	166583
252	166735
253	167085
254	167427
255	168195
256	169249
257	169266
258	169271
259	169272
260	169296
261	169662
262	170471
263	171057
264	171908
265	172179
266	172833
267	172943
268	174880
269	174899
270	175494
271	175561
272	175778
273	176185
274	177372
275	177875
276	177962
277	177974
278	177994
279	178409
280	178777
281	179750
282	180382
283	180599
284	181745
285	182289
286	184449
287	185084
288	187342
289	188057
290	189849
291	189995
292	190959
293	191470
294	193308
295	193544
296	194225
297	194542
298	194748
299	194816
300	195003
301	195012
302	195070
303	195187
304	195402
305	195796
306	199404
307	199739
308	201146
309	201218
310	201720
311	202386
312	203024
313	203032
314	203503
315	206144
316	206474
317	207381
318	208608
319	209142
320	209639
321	209752
322	210185
323	210994
324	211771
325	212406
326	213181
327	214410
328	214495
329	216144
330	216161
331	216406
332	216407
333	216423
334	216450
335	217240
336	217541
337	218205
338	218739
339	218787
340	219643
341	219841
342	220022
343	220949
344	220959
345	220987
346	221038
347	221346
348	224753
349	225092
350	225250
351	225287
352	225883
353	226500
354	228008
355	229313
356	229747
357	229919
358	230484
359	233186
360	234737
361	234965
362	236888
363	237379
364	237460
365	237876
366	238146
367	239430
368	240450
369	240685
370	241654
371	242102
372	242690
373	244081
374	244805
375	246263
376	247252
377	247257
378	247269
379	247333
380	247348
381	248702
382	249027
383	250671
384	250802
385	250876
386	251560
387	251659
388	252644
389	252828
390	253114
391	253239
392	254612
393	255430
394	256688
395	257197
396	260209
397	260334
398	260630
399	260750
400	261352
401	262199
402	267534
403	268232
404	268430
405	268589
406	268880
407	269220
408	269226
409	269227
410	269244
411	269301
412	269370
413	269374
414	269376
415	269379
416	269397
417	269403
418	269445
419	269469
420	269470
421	269478
422	269484
423	269613
424	269849
425	269861
426	271005
427	272717
428	273322
429	273464
430	274886
431	275231
432	278404
433	278498
434	279440
435	281233
436	281598
437	281952
438	282990
439	284346
440	284553
441	284775
442	284801
443	285024
444	286217
445	286568
446	287773
447	287903
448	288184
449	289381
450	289522
451	291752
452	292956
453	293596
454	293896
455	293944
456	294268
457	295269
458	295305
459	296188
460	299119
461	300775
462	307264
463	309443
464	311038
465	312857
466	314445
467	316288
468	318164
469	318249
470	320767
471	321619
472	322087
473	322811
474	323295
475	323776
476	325463
477	326386
478	326558
479	327009
480	327988
481	328430
482	330418
483	330741
484	331356
485	331973
486	332273
487	335182
488	335294
489	336332
490	338244
491	338585
492	338677
493	339763
494	340751
495	341172
496	341296
497	341539
498	342631
499	342796
500	344548
501	345987
502	346536
503	347222
504	347711
505	348773
506	348784
507	349190
508	349487
509	350516
510	351406
511	351546
512	352446
513	352593
514	352728
515	353454
516	353959
517	354196
518	354205
519	354256
520	354265
521	354412
522	354416
523	354445
524	354459
525	354482
526	354600
527	354920
528	355237
529	355464
530	355653
531	355990
532	356448
533	357368
534	357693
535	358679
536	359345
537	359768
538	359794
539	361123
540	364008
541	366842
542	369733
543	369770
544	369966
545	371447
546	372311
547	372937
548	373331
549	373718
550	375778
551	376399
552	377282
553	377774
554	394932
555	395694
556	397320
557	397323
558	397329
559	397492
560	397494
561	397515
562	397618
563	399653
564	399810
565	400549
566	400813
567	401412
568	403794
569	404082
570	404153
571	419775
572	419972
573	420146
574	420280
575	420662
576	420776
577	422131
578	422442
579	424199
580	424700
581	425217
582	426343
583	428029
584	428114
585	428671
586	428722
587	428838
588	430338
589	431182
590	431497
591	431523
592	432251
593	432308
594	434348
595	434733
596	434975
597	435055
598	435358
599	435418
600	435750
601	436474
602	436568
603	438579
604	439625
605	440315
606	442007
607	442691
608	444049
609	444060
610	444329
611	446741
612	446941
613	448383
614	448763
615	448772
616	448968
617	449632
618	449777
619	450090
620	450734
621	452811
622	453363
623	453667
624	454771
625	455374
626	455713
627	455917
628	456871
629	459753
630	460232
631	460740
632	460910
633	461090
634	461239
635	463711
636	465120
637	466340
638	466466
639	466550
640	466579
641	467449
642	467583
643	468070
644	468954
645	469122
646	471240
647	471804
648	475566
649	476209
650	476213
651	476300
652	476352
653	476833
654	478081
655	478891
656	480120
657	480167
658	481546
659	481607
660	482353
661	482967
662	483309
663	483357
664	483639
665	483664
666	484003
667	484375
668	486569
669	486617
670	486956
671	487891
672	488496
673	488759
674	489288
675	489322
676	490523
677	490848
678	490969
679	491716
680	491979
681	492791
682	494302
683	494875
684	496171
685	496660
686	499015
687	499310
688	499511
689	502524
690	503818
691	505637
692	507783
693	507792
694	507986
695	508108
696	508653
697	508799
698	509557
699	510323
700	510576
701	511402
702	512410
703	513021
704	513064
705	513101
706	513265
707	515580
708	515601
709	516860
710	518514
711	518570
712	521064
713	521091
714	523559
715	525146
716	525764
717	526160
718	526195
719	526341
720	527337
721	528956
722	529600
723	530373
724	531232
725	532243
726	534889
727	536496
728	536500
729	536529
730	536538
731	536774
732	536893
733	538167
734	538908
735	540302
736	542948
737	543921
738	544171
739	544261
740	544552
741	544817
742	544825
743	545140
744	546231
745	546264
746	546425
747	550260
748	550390
749	551017
750	556456
751	556829
752	557105
753	557646
754	560221
755	560638
756	560669
757	560865
758	561403
759	562721
760	562833
761	563715
762	564176
763	564476
764	565123
765	566017
766	567460
767	567891
768	568205
769	568408
770	569254
771	569363
772	570107
773	570195
774	570215
775	570249
776	570282
777	570897
778	573048
779	573749
780	574221
781	575886
782	576450
783	576651
784	577109
785	579046
786	579207
787	579881
788	580577
789	580578
790	582262
791	584635
792	588028
793	588029
794	588177
795	588326
796	588434
797	588484
798	588494
799	588855
800	594432
801	594883
802	594886
803	594979
804	595806
805	595981
806	597026
807	599502
808	599716
809	600150
810	601097
811	601871
812	602333
813	602382
814	602475
815	604134
816	607873
817	608051
818	608688
819	608972
820	609849
821	611652
822	611696
823	614210
824	617337
825	619700
826	620379
827	620905
828	621006
829	626122
830	626203
831	626276
832	626637
833	627101
834	629117
835	629139
836	633277
837	633417
838	633709
839	634236
840	636345
841	638873
842	639273
843	639669
844	640040
845	641665
846	641895
847	643180
848	643889
849	644142
850	644627
851	646218
852	646953
853	647962
854	648602
855	649185
856	650233
857	650408
858	650609
859	650696
860	650791
861	650832
862	652061
863	653145
864	654032
865	654093
866	654435
867	655367
868	655619
869	655841
870	655913
871	655990
872	656144
873	656686
874	656969
875	657680
876	657696
877	657712
878	657724
879	658014
880	658314
881	658394
882	659806
883	661181
884	663836
885	663904
886	664266
887	664934
888	665206
889	665431
890	665707
891	666379
892	666536
893	666537
894	668037
895	669586
896	669677
897	669885
898	670310
899	672698
900	672828
901	680383
902	680792
903	681671
904	681706
905	681826
906	682900
907	683203
908	684115
909	684121
910	684184
911	684187
912	684193
913	684205
914	684280
915	684289
916	684577
917	684891
918	686889
919	687481
920	687539
921	688045
922	688272
923	688387
924	688414
925	688426
926	688429
927	688447
928	688453
929	688456
930	688483
931	688495
932	688516
933	688669
934	688777
935	688780
936	688828
937	688831
938	689265
939	689384
940	689407
941	690362
942	690904
943	692335
944	692338
945	692343
946	692365
947	692608
948	692704
949	692731
950	692770
951	694230
952	695132
953	695484
954	695946
955	696120
956	697875
957	700099
958	700772
959	700899
960	701527
961	701705
962	702008
963	702233
964	702510
965	702575
966	703577
967	703889
968	704171
969	706757
970	706814
971	707140
972	710154
973	710331
974	712361
975	713608
976	713621
977	713838
978	714101
979	714205
980	714540
981	717660
982	718315
983	720006
984	721948
985	724450
986	725262
987	725473
988	726242
989	726567
990	727328
991	727683
992	728420
993	728772
994	729025
995	730190
996	731541
997	731660
998	732658
999	732711
1000	733335
1001	733663
1002	733842
1003	734645
1004	734943
1005	735699
1006	736330
1007	736473
1008	736568
1009	736862
1010	736867
1011	739228
1012	739861
1013	740703
1014	741404
1015	741718
1016	742465
1017	742721
1018	743931
1019	744051
1020	744357
1021	746334
1022	746951
1023	747255
1024	747566
1025	747626
1026	747839
1027	748462
1028	749442
1029	751439
1030	753370
1031	756508
1032	756698
1033	757766
1034	760765
1035	761049
1036	764141
1037	767633
1038	767667
1039	768052
1040	769101
1041	769450
1042	770456
1043	770883
1044	771145
1045	771527
1046	771913
1047	772394
1048	773026
1049	773184
1050	773355
1051	779686
1052	780014
1053	780571
1054	780583
1055	783391
1056	784704
1057	784792
1058	785690
1059	787033
1060	787136
1061	787202
1062	787270
1063	788262
1064	788302
1065	788572
1066	789192
1067	790719
1068	791014
1069	791476
1070	792591
1071	794397
1072	794448
1073	794558
1074	796901
1075	797337
1076	797854
1077	799108
1078	799394
1079	800186
1080	800790
1081	800925
1082	801561
1083	801987
1084	802199
1085	804443
1086	804561
1087	804623
1088	805381
1089	805447
1090	805467
1091	805523
1092	805666
1093	807210
1094	808842
1095	808855
1096	809336
1097	810950
1098	811333
1099	812853
1100	812982
1101	813564
1102	813754
1103	818576
1104	820005
1105	820411
1106	821147
1107	823274
1108	825064
1109	826029
1110	827535
1111	828246
1112	828674
1113	829631
1114	830570
1115	831651
1116	833220
1117	833522
1118	834037
1119	834779
1120	835611
1121	836062
1122	836534
1123	836563
1124	837273
1125	837918
1126	838968
1127	839553
1128	839611
1129	839771
1130	841124
1131	841365
1132	841823
1133	843307
1134	844876
1135	845224
1136	845417
1137	847402
1138	847437
1139	850182
1140	850756
1141	853064
1142	854236
1143	854397
1144	854533
1145	856711
1146	857185
1147	858478
1148	858479
1149	858480
1150	858691
1151	858709
1152	859524
1153	860214
1154	860539
1155	861331
1156	861731
1157	862527
1158	862898
1159	864340
1160	864746
1161	867275
1162	867506
1163	868121
1164	868240
1165	868365
1166	869007
1167	870363
1168	870735
1169	872858
1170	875913
1171	877938
1172	879678
1173	879765
1174	880226
1175	881548
1176	884182
1177	885418
1178	886676
1179	886709
1180	886780
1181	887204
1182	888347
1183	890092
1184	890595
1185	890599
1186	890730
1187	892266
1188	895422
1189	895850
1190	895978
1191	896733
1192	898893
1193	899474
1194	899489
1195	899622
1196	899792
1197	901581
1198	902894
1199	904963
1200	905401
1201	905812
1202	905907
1203	906124
1204	907862
1205	908275
1206	908566
1207	909458
1208	910242
1209	912486
1210	913825
1211	915468
1212	915825
1213	916628
1214	916655
1215	919446
1216	920653
1217	921861
1218	921896
1219	922337
1220	922440
1221	922768
1222	926036
1223	926935
1224	927610
1225	927839
1226	929128
1227	931275
1228	931488
1229	931662
1230	931926
1231	931952
1232	932527
1233	933483
1234	934284
1235	934635
1236	935616
1237	935748
1238	936340
1239	936633
1240	936861
1241	936897
1242	937779
1243	938199
1244	938347
1245	938635
1246	939412
1247	939817
1248	942069
1249	942190
1250	943187
1251	943648
1252	943857
1253	945217
1254	946322
1255	946782
1256	947079
1257	947487
1258	947517
1259	947889
1260	948057
1261	952431
1262	952854
1263	952988
1264	953239
1265	953502
1266	953661
1267	954702
1268	957239
1269	958149
1270	961523
1271	963487
1272	968642
1273	969226
1274	969342
1275	969804
1276	970550
1277	971583
1278	971870
1279	974213
1280	975287
1281	976134
1282	976367
1283	977350
1284	978263
1285	979600
1286	980304
1287	982683
1288	982785
1289	983610
1290	983990
1291	985597
1292	985820
1293	986050
1294	986935
1295	987729
1296	987850
1297	988247
1298	988477
1299	988696
1300	989519
1301	992173
1302	992251
1303	992833
1304	992927
1305	993425
1306	994101
1307	994985
1308	995242
1309	995755
1310	995884
1311	996955
1312	997623
1313	997741
1314	998386
1315	998986
1316	1000458
1317	1000710
1318	1001505
1319	1002848
1320	1005682
1321	1005931
1322	1007354
1323	1010385
1324	1010675
1325	1011535
1326	1011541
1327	1011543
1328	1013418
1329	1013681
1330	1013754
1331	1014637
1332	1015615
1333	1015974
1334	1016028
1335	1017012
1336	1018284
1337	1019659
1338	1019923
1339	1021314
1340	1023432
1341	1023558
1342	1025708
1343	1025791
1344	1026507
1345	1027548
1346	1029200
1347	1029483
1348	1029733
1349	1030810
1350	1030822
1351	1030842
1352	1031290
1353	1031296
1354	1032547
1355	1032829
1356	1032877
1357	1035795
1358	1036720
1359	1036885
1360	1037079
1361	1037254
1362	1037487
1363	1038320
1364	1038553
1365	1038647
1366	1041401
1367	1042389
1368	1042459
1369	1042981
1370	1043935
1371	1044748
1372	1044910
1373	1045903
1374	1046322
1375	1046442
1376	1047230
1377	1047312
1378	1047901
1379	1048881
1380	1049881
1381	1050071
1382	1053173
1383	1053290
1384	1056747
1385	1056788
1386	1057496
1387	1057598
1388	1060386
1389	1060615
1390	1061565
1391	1061666
1392	1062262
1393	1062279
1394	1063221
1395	1063500
1396	1063650
1397	1064148
1398	1064719
1399	1065613
1400	1065633
1401	1065839
1402	1065840
1403	1067457
1404	1067992
1405	1068511
1406	1070409
1407	1070960
1408	1071070
1409	1073050
1410	1074232
1411	1076418
1412	1077280
1413	1078345
1414	1079236
1415	1079418
1416	1082185
1417	1084255
1418	1084272
1419	1084804
1420	1085063
1421	1085781
1422	1087041
1423	1087369
1424	1087703
1425	1089714
1426	1089821
1427	1090518
1428	1091078
1429	1091436
1430	1091969
1431	1093115
1432	1095041
1433	1095191
1434	1097779
1435	1098107
1436	1098241
1437	1098243
1438	1100318
1439	1100492
1440	1100970
1441	1101552
1442	1102849
1443	1102898
1444	1105688
1445	1106347
1446	1107031
1447	1108215
1448	1108810
1449	1109947
1450	1111427
1451	1111458
1452	1111476
1453	1111487
1454	1111502
1455	1111533
1456	1114387
1457	1114405
1458	1114449
1459	1115080
1460	1115377
1461	1115487
1462	1115491
1463	1116599
1464	1116602
1465	1117709
1466	1118326
1467	1118692
1468	1118833
1469	1120262
1470	1120347
1471	1122349
1472	1122580
1473	1122818
1474	1123740
1475	1123794
1476	1125278
1477	1127550
1478	1127732
1479	1128619
1480	1128800
1481	1129024
1482	1129545
1483	1129623
1484	1129894
1485	1130135
1486	1131139
1487	1131902
1488	1133351
1489	1133419
1490	1134793
1491	1135825
1492	1136687
1493	1136955
1494	1137973
1495	1138080
1496	1138698
1497	1138825
1498	1140469
1499	1142844
1500	1143665
1501	1145047
1502	1145076
1503	1145131
1504	1147504
1505	1147571
1506	1148103
1507	1148814
1508	1150318
1509	1151504
1510	1151507
1511	1151686
1512	1154981
1513	1155008
1514	1155653
1515	1156356
1516	1156524
1517	1156973
1518	1158594
1519	1158928
1520	1159182
1521	1159297
1522	1163151
1523	1164770
1524	1165698
1525	1165958
1526	1166105
1527	1166789
1528	1167706
1529	1168124
1530	1170605
1531	1171000
1532	1171170
1533	1172316
1534	1172434
1535	1172436
1536	1172444
1537	1172523
1538	1172543
1539	1174214
1540	1174678
1541	1176602
1542	1176681
1543	1177625
1544	1177758
1545	1183201
1546	1184378
1547	1186364
1548	1188802
1549	1188872
1550	1188943
1551	1191109
1552	1191277
1553	1191816
1554	1191819
1555	1191930
1556	1193038
1557	1193077
1558	1193089
1559	1193238
1560	1194267
1561	1195121
1562	1195431
1563	1196031
1564	1196452
1565	1196961
1566	1197769
1567	1199979
1568	1200510
1569	1200907
1570	1201978
1571	1203160
1572	1203790
1573	1204256
1574	1205139
1575	1205253
1576	1205983
1577	1206541
1578	1206826
1579	1207301
1580	1208070
1581	1210147
1582	1210861
1583	1214232
1584	1215028
1585	1217265
1586	1220527
1587	1221246
1588	1221311
1589	1221370
1590	1222129
1591	1222662
1592	1222766
1593	1222825
1594	1223138
1595	1224059
1596	1225348
1597	1225376
1598	1225404
1599	1225432
1600	1225461
1601	1225601
1602	1225659
1603	1225681
1604	1226288
1605	1227270
1606	1228440
1607	1230017
1608	1230043
1609	1230230
1610	1230536
1611	1230823
1612	1230935
1613	1231289
1614	1231583
1615	1231678
1616	1231868
1617	1231878
1618	1232588
1619	1232677
1620	1234422
1621	1234871
1622	1236246
1623	1236356
1624	1236722
1625	1236918
1626	1237348
1627	1238697
1628	1238923
1629	1239463
1630	1239593
1631	1240664
1632	1240916
1633	1241043
1634	1241072
1635	1241075
1636	1241082
1637	1241096
1638	1241974
1639	1242054
1640	1242475
1641	1244305
1642	1244370
1643	1245179
1644	1246564
1645	1247240
1646	1247890
1647	1248565
1648	1249139
1649	1250147
1650	1251532
1651	1252155
1652	1260893
1653	1261219
1654	1261591
1655	1262367
1656	1262687
1657	1262879
1658	1262970
1659	1263124
1660	1263749
1661	1263843
1662	1263923
1663	1264391
1664	1265567
1665	1268528
1666	1270827
1667	1270836
1668	1271883
1669	1273932
1670	1276828
1671	1279200
1672	1280640
1673	1282319
1674	1282760
1675	1284411
1676	1285456
1677	1285539
1678	1286040
1679	1288214
1680	1289588
1681	1289849
1682	1290835
1683	1291335
1684	1292202
1685	1292660
1686	1293204
1687	1296939
1688	1297412
1689	1297540
1690	1297654
1691	1297712
1692	1297798
1693	1297900
1694	1298006
1695	1298167
1696	1298888
1697	1298960
1698	1299030
1699	1299928
1700	1302052
1701	1302098
1702	1303343
1703	1305753
1704	1306999
1705	1309294
1706	1311311
1707	1312657
1708	1312697
1709	1312779
1710	1313994
1711	1314588
1712	1315032
1713	1315915
1714	1317008
1715	1317261
1716	1318002
1717	1319475
1718	1320860
1719	1321003
1720	1321214
1721	1321345
1722	1321489
1723	1322092
1724	1322409
1725	1322522
1726	1322889
1727	1326765
1728	1327612
1729	1327757
1730	1329517
1731	1331892
1732	1334239
1733	1335767
1734	1336144
1735	1336628
1736	1338148
1737	1339512
1738	1340912
1739	1341465
1740	1341732
1741	1342003
1742	1342413
1743	1342424
1744	1344893
1745	1345265
1746	1346272
1747	1346525
1748	1348009
1749	1349705
1750	1350062
1751	1351285
1752	1351551
1753	1352934
1754	1353537
1755	1353898
1756	1354943
1757	1356933
1758	1357004
1759	1357381
1760	1358157
1761	1359730
1762	1360787
1763	1362136
1764	1363550
1765	1364585
1766	1364605
1767	1365920
1768	1366310
1769	1367161
1770	1369702
1771	1371508
1772	1372095
1773	1373560
1774	1374328
1775	1374774
1776	1375118
1777	1376174
1778	1376225
1779	1376616
1780	1376835
1781	1378146
1782	1378948
1783	1382308
1784	1382441
1785	1382628
1786	1384048
1787	1384475
1788	1384822
1789	1387216
1790	1388259
1791	1390597
1792	1391808
1793	1392155
1794	1394485
1795	1394590
1796	1394609
1797	1397234
1798	1397380
1799	1398141
1800	1398382
1801	1399398
1802	1400223
1803	1400453
1804	1401181
1805	1403397
1806	1404438
1807	1404931
1808	1406331
1809	1406395
1810	1406739
1811	1407195
1812	1407215
1813	1407277
1814	1410910
1815	1410915
1816	1411083
1817	1412169
1818	1413120
1819	1413245
1820	1413473
1821	1414049
1822	1415957
1823	1416823
1824	1419217
1825	1419714
1826	1419831
1827	1420314
1828	1421051
1829	1421492
1830	1423065
1831	1423211
1832	1423739
1833	1424435
1834	1424976
1835	1426231
1836	1426906
1837	1427432
1838	1429603
1839	1429912
1840	1429926
1841	1430563
1842	1432624
1843	1435357
1844	1437275
1845	1438634
1846	1440571
1847	1440639
1848	1442571
1849	1443717
1850	1444538
1851	1447126
1852	1447184
1853	1447220
1854	1447276
1855	1447558
1856	1448063
1857	1448075
1858	1448147
1859	1448518
1860	1449005
1861	1449533
1862	1449647
1863	1449736
1864	1451158
1865	1452508
1866	1455842
1867	1458240
1868	1458482
1869	1458914
1870	1459111
1871	1459420
1872	1460291
1873	1460743
1874	1460858
1875	1461256
1876	1463446
1877	1465720
1878	1465934
1879	1467150
1880	1467160
1881	1468207
1882	1468532
1883	1469672
1884	1470240
1885	1471157
1886	1472971
1887	1473892
1888	1474479
1889	1475473
1890	1475619
1891	1475732
1892	1475855
1893	1476567
1894	1477003
1895	1477083
1896	1477713
1897	1477907
1898	1478084
1899	1479302
1900	1479934
1901	1481242
1902	1481531
1903	1483194
1904	1483628
1905	1484488
1906	1485268
1907	1486532
1908	1486572
1909	1486626
1910	1486826
1911	1486893
1912	1487507
1913	1488376
1914	1488744
1915	1489077
1916	1489258
1917	1489985
1918	1490405
1919	1490713
1920	1490987
1921	1493619
1922	1495463
1923	1497358
1924	1501208
1925	1501213
1926	1502013
1927	1502610
1928	1503055
1929	1503069
1930	1504048
1931	1504444
1932	1505326
1933	1506012
1934	1506069
1935	1506163
1936	1508469
1937	1509975
1938	1510187
1939	1510452
1940	1510586
1941	1510764
1942	1510897
1943	1511039
1944	1511720
1945	1512212
1946	1513032
1947	1513606
1948	1513665
1949	1513985
1950	1514047
1951	1514694
1952	1515171
1953	1516295
1954	1516531
1955	1520071
1956	1520692
1957	1521032
1958	1521505
1959	1521572
1960	1521627
1961	1521655
1962	1521755
1963	1522682
1964	1522715
1965	1524126
1966	1524413
1967	1524566
1968	1524683
1969	1524771
1970	1524801
1971	1526570
1972	1527055
1973	1528028
1974	1529587
1975	1530216
1976	1530537
1977	1531562
1978	1531798
1979	1532479
1980	1532488
1981	1532697
1982	1534058
1983	1534078
1984	1535091
1985	1535512
1986	1535584
1987	1535663
1988	1537122
1989	1537159
1990	1537204
1991	1537335
1992	1538508
1993	1539189
1994	1541808
1995	1543266
1996	1544654
1997	1544803
1998	1544971
1999	1548378
2000	1548471
2001	1549501
2002	1550469
2003	1550506
2004	1551168
2005	1551654
2006	1552066
2007	1552455
2008	1552633
2009	1554085
2010	1554219
2011	1554843
2012	1555021
2013	1555476
2014	1555847
2015	1556856
2016	1557902
2017	1558485
2018	1559106
2019	1560638
2020	1561268
2021	1561833
2022	1561871
2023	1561926
2024	1561928
2025	1561959
2026	1562019
2027	1562246
2028	1563002
2029	1563299
2030	1565562
2031	1566382
2032	1567395
2033	1567521
2034	1567948
2035	1570788
2036	1571152
2037	1571374
2038	1572592
2039	1573123
2040	1573814
2041	1574591
2042	1575178
2043	1575449
2044	1576500
2045	1576640
2046	1576666
2047	1576684
2048	1577795
2049	1578491
2050	1578749
2051	1578881
2052	1578907
2053	1578910
2054	1579043
2055	1579360
2056	1579835
2057	1580245
2058	1581574
2059	1581717
2060	1583038
2061	1583563
2062	1584436
2063	1585417
2064	1585524
2065	1586861
2066	1586967
2067	1587167
2068	1587435
2069	1590335
2070	1590410
2071	1590465
2072	1590662
2073	1590716
2074	1592929
2075	1594284
2076	1595110
2077	1597056
2078	1597270
2079	1597673
2080	1597954
2081	1599697
2082	1599907
2083	1600069
2084	1601691
2085	1601777
2086	1603104
2087	1604621
2088	1605544
2089	1607444
2090	1607782
2091	1607890
2092	1608125
2093	1609168
2094	1610510
2095	1610850
2096	1611111
2097	1611370
2098	1611373
2099	1611379
2100	1611380
2101	1611556
2102	1612203
2103	1612651
2104	1613185
2105	1613205
2106	1615108
2107	1615718
2108	1616425
2109	1617056
2110	1617750
2111	1618160
2112	1621662
2113	1622092
2114	1623924
2115	1624390
2116	1624454
2117	1624506
2118	1625247
2119	1626676
2120	1627248
2121	1627502
2122	1627653
2123	1627660
2124	1629452
2125	1631557
2126	1632148
2127	1633070
2128	1633504
2129	1633510
2130	1635451
2131	1636880
2132	1637639
2133	1638297
2134	1639178
2135	1639930
2136	1640007
2137	1640281
2138	1640715
2139	1640955
2140	1641326
2141	1641642
2142	1642143
2143	1643686
2144	1644049
2145	1645122
2146	1646694
2147	1647467
2148	1649164
2149	1649353
2150	1649778
2151	1650271
2152	1651126
2153	1652400
2154	1653041
2155	1654871
2156	1655324
2157	1655744
2158	1656351
2159	1659445
2160	1659632
2161	1659755
2162	1659791
2163	1660057
2164	1662525
2165	1662688
2166	1662742
2167	1662901
2168	1663264
2169	1663850
2170	1664383
2171	1664399
2172	1665013
2173	1665513
2174	1665872
2175	1666431
2176	1669098
2177	1669959
2178	1672287
2179	1672711
2180	1672945
2181	1673815
2182	1678771
2183	1679927
2184	1679976
2185	1680923
2186	1681296
2187	1682338
2188	1683156
2189	1684914
2190	1685128
2191	1685293
2192	1685885
2193	1686922
2194	1687055
2195	1687402
2196	1688806
2197	1689331
2198	1689386
2199	1689657
2200	1689862
2201	1689984
2202	1690145
2203	1690182
2204	1691208
2205	1691383
2206	1692107
2207	1693004
2208	1693039
2209	1693439
2210	1693828
2211	1694140
2212	1695202
2213	1695205
2214	1698074
2215	1698119
2216	1699301
2217	1700072
2218	1700277
2219	1700285
2220	1700768
2221	1700806
2222	1701359
2223	1701453
2224	1701709
2225	1703689
2226	1704227
2227	1704484
2228	1705353
2229	1709925
2230	1710696
2231	1712296
2232	1712550
2233	1712977
2234	1714070
2235	1714569
2236	1715206
2237	1715397
2238	1716335
2239	1719188
2240	1719523
2241	1719838
2242	1719977
2243	1720111
2244	1722778
2245	1723301
2246	1723760
2247	1725884
2248	1726303
2249	1726551
2250	1726657
2251	1727918
2252	1728022
2253	1729318
2254	1729319
2255	1729806
2256	1731279
2257	1731397
2258	1731477
2259	1731493
2260	1732507
2261	1732957
2262	1733954
2263	1734462
2264	1735779
2265	1737746
2266	1739496
2267	1740043
2268	1742360
2269	1743086
2270	1743119
2271	1743402
2272	1743759
2273	1744055
2274	1744129
2275	1744148
2276	1744227
2277	1746517
2278	1746992
2279	1747179
2280	1747565
2281	1748684
2282	1749866
2283	1750602
2284	1753525
2285	1755476
2286	1755739
2287	1755814
2288	1755835
2289	1755858
2290	1755998
2291	1756350
2292	1756389
2293	1756461
2294	1756672
2295	1756984
2296	1757100
2297	1757230
2298	1757903
2299	1758747
2300	1758893
2301	1759028
2302	1759305
2303	1760032
2304	1760976
2305	1764193
2306	1765210
2307	1766287
2308	1767308
2309	1768577
2310	1768652
2311	1769971
2312	1770057
2313	1770718
2314	1770785
2315	1771298
2316	1771563
2317	1772506
2318	1773571
2319	1775321
2320	1781879
2321	1782578
2322	1782665
2323	1782864
2324	1782983
2325	1783198
2326	1783472
2327	1783610
2328	1784101
2329	1786336
2330	1787171
2331	1789478
2332	1789529
2333	1795409
2334	1796507
2335	1796544
2336	1796877
2337	1797473
2338	1798452
2339	1798719
2340	1798804
2341	1799536
2342	1799573
2343	1799625
2344	1799729
2345	1800574
2346	1801798
2347	1802501
2348	1802509
2349	1802670
2350	1802879
2351	1803484
2352	1803947
2353	1803974
2354	1804348
2355	1805835
2356	1806815
2357	1808145
2358	1812046
2359	1812048
2360	1813063
2361	1814324
2362	1815143
2363	1815394
2364	1815496
2365	1816076
2366	1816583
2367	1817511
2368	1817531
2369	1817552
2370	1818313
2371	1822667
2372	1822976
2373	1823175
2374	1823209
2375	1824894
2376	1824906
2377	1826493
2378	1826736
2379	1826823
2380	1826824
2381	1827284
2382	1828115
2383	1829048
2384	1830908
2385	1831785
2386	1834680
2387	1835236
2388	1836020
2389	1837089
2390	1837319
2391	1838722
2392	1840099
2393	1840121
2394	1842769
2395	1843277
2396	1845868
2397	1846307
2398	1846872
2399	1847462
2400	1850946
2401	1851543
2402	1852530
2403	1852611
2404	1853799
2405	1853925
2406	1854555
2407	1854710
2408	1855190
2409	1855934
2410	1856764
2411	1858711
2412	1859197
2413	1860171
2414	1860509
2415	1861855
2416	1863083
2417	1865006
2418	1866413
2419	1867339
2420	1867486
2421	1867794
2422	1869390
2423	1870241
2424	1873308
2425	1876502
2426	1877220
2427	1877545
2428	1877927
2429	1878342
2430	1879340
2431	1879517
2432	1881232
2433	1881757
2434	1883107
2435	1883121
2436	1883635
2437	1883989
2438	1885668
2439	1886067
2440	1886404
2441	1886520
2442	1888415
2443	1889253
2444	1890459
2445	1891152
2446	1891196
2447	1895298
2448	1895316
2449	1895375
2450	1895443
2451	1895655
2452	1895727
2453	1897669
2454	1899517
2455	1899643
2456	1900409
2457	1900637
2458	1900647
2459	1901860
2460	1902527
2461	1902671
2462	1903633
2463	1903840
2464	1904673
2465	1905276
2466	1906219
2467	1906583
2468	1906721
2469	1906982
2470	1907001
2471	1907023
2472	1907151
2473	1907288
2474	1908195
2475	1908531
2476	1909462
2477	1909716
2478	1910564
2479	1910676
2480	1910809
2481	1911043
2482	1911071
2483	1911349
2484	1911600
2485	1911926
2486	1915401
2487	1915431
2488	1917260
2489	1917544
2490	1917592
2491	1920228
2492	1920427
2493	1920543
2494	1921067
2495	1921379
2496	1921501
2497	1921508
2498	1922270
2499	1922745
2500	1922749
2501	1922933
2502	1923341
2503	1923502
2504	1923564
2505	1924269
2506	1925165
2507	1925981
2508	1927797
2509	1928833
2510	1930708
2511	1931451
2512	1931468
2513	1931662
2514	1934129
2515	1934190
2516	1937079
2517	1937354
2518	1937804
2519	1938330
2520	1941623
2521	1944477
2522	1946007
2523	1946563
2524	1946594
2525	1946940
2526	1948616
2527	1955034
2528	1955045
2529	1957478
2530	1958229
2531	1959635
2532	1961165
2533	1963885
2534	1964161
2535	1964248
2536	1965335
2537	1965577
2538	1965621
2539	1965622
2540	1965761
2541	1965992
2542	1966006
2543	1966049
2544	1966082
2545	1966219
2546	1966284
2547	1967203
2548	1968745
2549	1969085
2550	1969562
2551	1971614
2552	1973527
2553	1973576
2554	1975298
2555	1975308
2556	1977034
2557	1978421
2558	1978607
2559	1978968
2560	1979048
2561	1979444
2562	1980588
2563	1980616
2564	1981055
2565	1981061
2566	1981093
2567	1981124
2568	1981725
2569	1981734
2570	1981779
2571	1981979
2572	1981989
2573	1982306
2574	1983339
2575	1983407
2576	1983630
2577	1984519
2578	1984585
2579	1984590
2580	1984938
2581	1985050
2582	1985950
2583	1986978
2584	1987422
2585	1988645
2586	1989132
2587	1989201
2588	1989684
2589	1989786
2590	1991592
2591	1992228
2592	1993119
2593	1994038
2594	1995531
2595	1996183
2596	1996274
2597	1996342
2598	1996477
2599	1997645
2600	1998477
2601	1998800
2602	2002072
2603	2002634
2604	2002715
2605	2003035
2606	2003746
2607	2003775
2608	2004696
2609	2005058
2610	2007748
2611	2011720
2612	2011894
2613	2012447
2614	2012592
2615	2012749
2616	2012862
2617	2013007
2618	2013951
2619	2015610
2620	2018725
2621	2018792
2622	2019130
2623	2019471
2624	2020289
2625	2020391
2626	2021313
2627	2021413
2628	2022980
2629	2024329
2630	2025201
2631	2026667
2632	2026725
2633	2026811
2634	2027909
2635	2028227
2636	2028600
2637	2029253
2638	2029911
2639	2030879
2640	2032219
2641	2032928
2642	2034898
2643	2035165
2644	2036101
2645	2037611
2646	2037853
2647	2037865
2648	2037915
2649	2039549
2650	2039640
2651	2040410
2652	2041277
2653	2041502
2654	2042147
2655	2042159
2656	2042843
2657	2043162
2658	2043423
2659	2044745
2660	2045780
2661	2046357
2662	2047432
2663	2048460
2664	2048636
2665	2049084
2666	2049280
2667	2049362
2668	2049993
2669	2051053
2670	2053088
2671	2053319
2672	2053422
2673	2053430
2674	2053441
2675	2054980
2676	2055030
2677	2056694
2678	2057296
2679	2057425
2680	2058020
2681	2058050
2682	2059144
2683	2059606
2684	2060618
2685	2061016
2686	2061749
2687	2061974
2688	2062173
2689	2063616
2690	2064272
2691	2064884
2692	2065152
2693	2066511
2694	2066930
2695	2068071
2696	2068259
2697	2068647
2698	2069110
2699	2071040
2700	2074625
2701	2075433
2702	2076846
2703	2077042
2704	2077698
2705	2078050
2706	2078063
2707	2078722
2708	2078739
2709	2078761
2710	2078795
2711	2078819
2712	2078859
2713	2080556
2714	2080711
2715	2081202
2716	2082248
2717	2083897
2718	2084153
2719	2084819
2720	2085479
2721	2085943
2722	2087273
2723	2087299
2724	2087547
2725	2087841
2726	2088925
2727	2090050
2728	2092244
2729	2092648
2730	2093558
2731	2094198
2732	2094782
2733	2095127
2734	2095129
2735	2096607
2736	2096880
2737	2098134
2738	2098549
2739	2102275
2740	2104909
2741	2105681
2742	2106178
2743	2106841
2744	2107381
2745	2107488
2746	2108134
2747	2108236
2748	2109805
2749	2112421
2750	2112852
2751	2113804
2752	2114521
2753	2115681
2754	2117461
2755	2119226
2756	2120083
2757	2121207
2758	2122033
2759	2123089
2760	2125438
2761	2126150
2762	2128192
2763	2128944
2764	2130472
2765	2131400
2766	2134156
2767	2134321
2768	2134574
2769	2135384
2770	2152355
2771	2153030
2772	2153177
2773	2153855
2774	2154228
2775	2154382
2776	2154990
2777	2155240
2778	2155684
2779	2155705
2780	2155843
2781	2156244
2782	2156268
2783	2156644
2784	2156892
2785	2157950
2786	2160539
2787	2160839
2788	2162090
2789	2162733
2790	2162864
2791	2163529
2792	2163869
2793	2164581
2794	2165209
2795	2166428
2796	2166496
2797	2166927
2798	2167147
2799	2167363
2800	2167834
2801	2168094
2802	2168676
2803	2168777
2804	2168860
2805	2168947
2806	2168992
2807	2168995
2808	2169512
2809	2169513
2810	2169532
2811	2169688
2812	2170288
2813	2170391
2814	2170431
2815	2170767
2816	2171381
2817	2171547
2818	2171562
2819	2171582
2820	2171779
2821	2172237
2822	2172924
2823	2173057
2824	2173231
2825	2173358
2826	2173778
2827	2173781
2828	2173973
2829	2174018
2830	2174225
2831	2174492
2832	2175028
2833	2175095
2834	2175444
2835	2175592
2836	2175605
2837	2175889
2838	2175941
2839	2176217
2840	2178855
2841	2179549
2842	2181685
2843	2186359
2844	2195817
2845	2197805
2846	2206387
2847	2210202
2848	2210798
2849	2210867
2850	2211340
2851	2213019
2852	2213208
2853	2213345
2854	2213509
2855	2214647
2856	2219699
2857	2227053
2858	2229858
2859	2232017
2860	2232266
2861	2234071
2862	2234765
2863	2238210
2864	2239113
2865	2241386
2866	2245808
2867	2249574
2868	2249795
2869	2259641
2870	2260326
2871	2273494
2872	2273733
2873	2279254
2874	2279374
2875	2283770
2876	2286822
2877	2303164
2878	2305754
2879	2309215
2880	2309841
2881	2310409
2882	2310714
2883	2311604
2884	2311725
2885	2312204
2886	2312416
2887	2314745
2888	2319062
2889	2319648
2890	2319849
2891	2320695
2892	2321092
2893	2321289
2894	2321680
2895	2322136
2896	2323603
2897	2325216
2898	2327142
2899	2331522
2900	2334792
2901	2334865
2902	2337238
2903	2337882
2904	2340014
2905	2342957
2906	2343427
2907	2343781
2908	2343951
2909	2343999
2910	2344393
2911	2345014
2912	2345246
2913	2347185
2914	2349874
2915	2350030
2916	2351142
2917	2352257
2918	2352378
2919	2355230
2920	2358778
2921	2358975
2922	2359720
2923	2360241
2924	2360959
2925	2362584
2926	2363376
2927	2363426
2928	2363526
2929	2365721
2930	2366113
2931	2367043
2932	2369144
2933	2370107
2934	2371635
2935	2373450
2936	2375136
2937	2378497
2938	2378635
2939	2378794
2940	2380005
2941	2380127
2942	2380131
2943	2380333
2944	2381120
2945	2381231
2946	2382368
2947	2382442
2948	2382628
2949	2382845
2950	2382913
2951	2383014
2952	2383935
2953	2384050
2954	2384237
2955	2384241
2956	2384420
2957	2385987
2958	2385998
2959	2387032
2960	2387982
2961	2388122
2962	2388601
2963	2388642
2964	2389429
2965	2390357
2966	2390978
2967	2391065
2968	2392884
2969	2393426
2970	2393567
2971	2394217
2972	2395645
2973	2397278
2974	2397583
2975	2397773
2976	2399249
2977	2400587
2978	2402694
2979	2402990
2980	2405928
2981	2407168
2982	2409153
2983	2409162
2984	2409208
2985	2409209
2986	2409534
2987	2409586
2988	2410584
2989	2411745
2990	2412258
2991	2412366
2992	2419964
2993	2422986
2994	2423234
2995	2425292
2996	2426528
2997	2426646
2998	2426679
2999	2426942
3000	2428016
3001	2428266
3002	2428566
3003	2430965
3004	2431048
3005	2431346
3006	2431382
3007	2431751
3008	2432406
3009	2436351
3010	2436378
3011	2438390
3012	2438393
3013	2439047
3014	2439231
3015	2439774
3016	2439944
3017	2439962
3018	2440486
3019	2444062
3020	2444111
3021	2448086
3022	2448088
3023	2448426
3024	2448437
3025	2450195
3026	2450264
3027	2451510
3028	2451751
3029	2451998
3030	2452637
3031	2453358
3032	2455274
3033	2456925
3034	2456928
3035	2459669
3036	2460357
3037	2460374
3038	2460494
3039	2463333
3040	2463794
3041	2465915
3042	2467280
3043	2467756
3044	2468172
3045	2469159
3046	2469437
3047	2470235
3048	2470660
3049	2471281
3050	2472063
3051	2472288
3052	2472451
3053	2473430
3054	2476080
3055	2476728
3056	2477846
3057	2477879
3058	2478354
3059	2478680
3060	2481989
3061	2483097
3062	2483533
3063	2483661
3064	2484151
3065	2484587
3066	2485470
3067	2486168
3068	2487632
3069	2487948
3070	2488279
3071	2490449
3072	2490753
3073	2490970
3074	2493069
3075	2495303
3076	2495645
3077	2497798
3078	2498633
3079	2499931
3080	2500238
3081	2501143
3082	2501254
3083	2501273
3084	2502254
3085	2505775
3086	2506919
3087	2507255
3088	2508199
3089	2508256
3090	2510791
3091	2510935
3092	2512032
3093	2512683
3094	2513111
3095	2514063
3096	2514344
3097	2514363
3098	2514589
3099	2515122
3100	2515805
3101	2519656
3102	2520112
3103	2520706
3104	2521130
3105	2522599
3106	2523202
3107	2523473
3108	2523663
3109	2523932
3110	2524093
3111	2524922
3112	2525345
3113	2525698
3114	2525709
3115	2525764
3116	2527242
3117	2527343
3118	2527549
3119	2531658
3120	2532808
3121	2533456
3122	2533921
3123	2535230
3124	2536597
3125	2536598
3126	2537343
3127	2537359
3128	2541172
3129	2544057
3130	2546434
3131	2546665
3132	2546877
3133	2546980
3134	2548067
3135	2549929
3136	2551041
3137	2551149
3138	2551527
3139	2552394
3140	2552978
3141	2553119
3142	2553309
3143	2553757
3144	2553770
3145	2553771
3146	2555818
3147	2556701
3148	2557242
3149	2557387
3150	2557946
3151	2558295
3152	2559083
3153	2560479
3154	2562122
3155	2563136
3156	2563472
3157	2563779
3158	2564054
3159	2564174
3160	2565147
3161	2566328
3162	2566767
3163	2568181
3164	2568306
3165	2568706
3166	2570227
3167	2570933
3168	2571141
3169	2571428
3170	2571464
3171	2572626
3172	2573341
3173	2575810
3174	2577096
3175	2578263
3176	2578891
3177	2578939
3178	2579840
3179	2580128
3180	2580530
3181	2580812
3182	2581978
3183	2583110
3184	2583279
3185	2584514
3186	2584529
3187	2584835
3188	2585676
3189	2585725
3190	2585856
3191	2585998
3192	2587627
3193	2588864
3194	2589006
3195	2589331
3196	2590094
3197	2590441
3198	2591791
3199	2594388
3200	2594402
3201	2595755
3202	2595961
3203	2597210
3204	2598810
3205	2600467
3206	2600873
3207	2601525
3208	2603358
3209	2604669
3210	2605619
3211	2605814
3212	2606977
3213	2607721
3214	2609203
3215	2610373
3216	2613863
3217	2614950
3218	2615073
3219	2617161
3220	2617477
3221	2618233
3222	2619257
3223	2619939
3224	2620091
3225	2620358
3226	2621187
3227	2621373
3228	2621386
3229	2622436
3230	2624186
3231	2624803
3232	2625871
3233	2626436
3234	2626626
3235	2626738
3236	2626900
3237	2628028
3238	2628361
3239	2628706
3240	2628733
3241	2629515
3242	2629588
3243	2629882
3244	2630348
3245	2631044
3246	2632789
3247	2633020
3248	2635091
3249	2637093
3250	2637566
3251	2638874
3252	2639081
3253	2639336
3254	2640193
3255	2640797
3256	2641380
3257	2641928
3258	2642753
3259	2642755
3260	2643212
3261	2644994
3262	2645545
3263	2645879
3264	2646223
3265	2647223
3266	2649055
3267	2649874
3268	2650404
3269	2652025
3270	2653972
3271	2654514
3272	2654800
3273	2655324
3274	2655586
3275	2655840
3276	2657372
3277	2657409
3278	2657438
3279	2657591
3280	2658017
3281	2658276
3282	2659707
3283	2660592
3284	2660844
3285	2661061
3286	2661381
3287	2661564
3288	2662274
3289	2662985
3290	2663551
3291	2665541
3292	2667828
3293	2668362
3294	2670275
3295	2670415
3296	2673223
3297	2673592
3298	2673673
3299	2674395
3300	2675271
3301	2675646
3302	2676401
3303	2676682
3304	2677036
3305	2678606
3306	2679990
3307	2680349
3308	2681745
3309	2682172
3310	2685221
3311	2686128
3312	2686512
3313	2686904
3314	2687126
3315	2688191
3316	2688272
3317	2689288
3318	2689514
3319	2689583
3320	2689585
3321	2689641
3322	2689661
3323	2690373
3324	2691559
3325	2691830
3326	2692293
3327	2692380
3328	2692382
3329	2692453
3330	2692635
3331	2693980
3332	2694326
3333	2694694
3334	2694695
3335	2695846
3336	2696113
3337	2696146
3338	2696249
3339	2696251
3340	2698252
3341	2698271
3342	2698438
3343	2698585
3344	2699993
3345	2700145
3346	2700321
3347	2700503
3348	2702066
3349	2702137
3350	2702467
3351	2703087
3352	2703226
3353	2703561
3354	2704164
3355	2706034
3356	2707719
3357	2708507
3358	2709250
3359	2710221
3360	2710989
3361	2711745
3362	2711796
3363	2713242
3364	2713825
3365	2713955
3366	2714429
3367	2714870
3368	2715383
3369	2716133
3370	2717310
3371	2719157
3372	2719720
3373	2720082
3374	2720247
3375	2720305
3376	2722552
3377	2723003
3378	2723442
3379	2726956
3380	2728206
3381	2731947
3382	2733599
3383	2734485
3384	2734941
3385	2736137
3386	2736249
3387	2736564
3388	2736787
3389	2737995
3390	2738591
3391	2740206
3392	2740779
3393	2741056
3394	2741775
3395	2742201
3396	2742571
3397	2743854
3398	2744028
3399	2745341
3400	2746579
3401	2747316
3402	2748763
3403	2749109
3404	2749414
3405	2750716
3406	2750975
3407	2753153
3408	2753172
3409	2753212
3410	2753277
3411	2753296
3412	2753314
3413	2753461
3414	2753531
3415	2753928
3416	2753945
3417	2754006
3418	2754838
3419	2755714
3420	2756295
3421	2757462
3422	2757610
3423	2758989
3424	2759306
3425	2760345
3426	2762978
3427	2764602
3428	2765736
3429	2767310
3430	2768063
3431	2769335
3432	2769629
3433	2770207
3434	2772394
3435	2772460
3436	2772493
3437	2772556
3438	2772844
3439	2773324
3440	2773336
3441	2773483
3442	2773486
3443	2774593
3444	2774888
3445	2775023
3446	2775047
3447	2775077
3448	2775133
3449	2775757
3450	2775778
3451	2775799
3452	2776182
3453	2778996
3454	2779586
3455	2780537
3456	2780556
3457	2780560
3458	2780576
3459	2780782
3460	2781013
3461	2781425
3462	2782783
3463	2783424
3464	2784416
3465	2784438
3466	2784663
3467	2784699
3468	2784721
3469	2785418
3470	2785690
3471	2787367
3472	2788712
3473	2788745
3474	2790164
3475	2790686
3476	2791729
3477	2791777
3478	2791889
3479	2792654
3480	2792742
3481	2793128
3482	2794960
3483	2795003
3484	2796976
3485	2797416
3486	2797965
3487	2798063
3488	2803008
3489	2803720
3490	2804998
3491	2806206
3492	2807239
3493	2807373
3494	2807478
3495	2807488
3496	2807627
3497	2807698
3498	2807704
3499	2807710
3500	2807712
3501	2807851
3502	2808018
3503	2808721
3504	2809196
3505	2809627
3506	2810322
3507	2813380
3508	2813837
3509	2814919
3510	2816875
3511	2816951
3512	2817061
3513	2817092
3514	2818153
3515	2820133
3516	2821065
3517	2821285
3518	2821915
3519	2822025
3520	2823127
3521	2824278
3522	2827787
3523	2827928
3524	2828115
3525	2828401
3526	2828547
3527	2830299
3528	2830519
3529	2831498
3530	2832490
3531	2835650
3532	2837471
3533	2841368
3534	2841742
3535	2842049
3536	2842985
3537	2844047
3538	2844119
3539	2844969
3540	2847668
3541	2848989
3542	2849153
3543	2850198
3544	2851278
3545	2851612
3546	2852965
3547	2853592
3548	2854756
3549	2855493
3550	2857032
3551	2859386
3552	2859765
3553	2859931
3554	2860035
3555	2860492
3556	2860762
3557	2861455
3558	2861583
3559	2862346
3560	2862387
3561	2862956
3562	2862964
3563	2864577
3564	2865079
3565	2866944
3566	2868038
3567	2868080
3568	2868460
3569	2869514
3570	2869959
3571	2870443
3572	2870894
3573	2871270
3574	2873053
3575	2873413
3576	2873573
3577	2873918
3578	2874350
3579	2877226
3580	2877374
3581	2877390
3582	2877391
3583	2877393
3584	2877414
3585	2877498
3586	2877499
3587	2879753
3588	2880075
3589	2880176
3590	2880199
3591	2880750
3592	2881036
3593	2881113
3594	2881266
3595	2881362
3596	2881743
3597	2882792
3598	2883129
3599	2883138
3600	2885055
3601	2886664
3602	2886676
3603	2886768
3604	2887385
3605	2887701
3606	2888104
3607	2889330
3608	2890779
3609	2890856
3610	2893084
3611	2894144
3612	2894707
3613	2894960
3614	2898611
3615	2900530
3616	2900605
3617	2901089
3618	2901563
3619	2902862
3620	2903794
3621	2904227
3622	2906171
3623	2906716
3624	2906737
3625	2907070
3626	2907116
3627	2907822
3628	2907977
3629	2908372
3630	2908394
3631	2909354
3632	2910020
3633	2912196
3634	2912822
3635	2912984
3636	2913109
3637	2913324
3638	2913729
3639	2914170
3640	2915002
3641	2916877
3642	2917198
3643	2917967
3644	2920660
3645	2921173
3646	2921234
3647	2921248
3648	2922006
3649	2925931
3650	2926574
3651	2926902
3652	2927967
3653	2928007
3654	2928262
3655	2928699
3656	2931204
3657	2931875
3658	2932144
3659	2933098
3660	2933395
3661	2933574
3662	2935113
3663	2935509
3664	2936543
3665	2937367
3666	2938835
3667	2939232
3668	2941267
3669	2942005
3670	2942050
3671	2942062
3672	2942074
3673	2942266
3674	2942278
3675	2942281
3676	2942332
3677	2942392
3678	2942398
3679	2942446
3680	2942464
3681	2942875
3682	2944648
3683	2944784
3684	2947656
3685	2947669
3686	2948786
3687	2949643
3688	2950476
3689	2950993
3690	2952605
3691	2953133
3692	2953198
3693	2953203
3694	2953210
3695	2953225
3696	2954095
3697	2954237
3698	2955476
3699	2957780
3700	2958348
3701	2958594
3702	2960011
3703	2962236
3704	2962634
3705	2963992
3706	2964652
3707	2966750
3708	2966967
3709	2967440
3710	2967778
3711	2967947
3712	2968769
3713	2968782
3714	2970940
3715	2971291
3716	2971390
3717	2971399
3718	2971778
3719	2973788
3720	2975112
3721	2975440
3722	2976520
3723	2976635
3724	2979365
3725	2981338
3726	2982001
3727	2982006
3728	2982120
3729	2982315
3730	2982551
3731	2983905
3732	2984406
3733	2985444
3734	2985654
3735	2986406
3736	2986627
3737	2989521
3738	2989864
3739	2990266
3740	2991619
3741	2993029
3742	2993979
3743	2994112
3744	2996718
3745	3000845
3746	3001121
3747	3002085
3748	3003433
3749	3003838
3750	3004469
3751	3005258
3752	3005614
3753	3006998
3754	3008774
3755	3009494
3756	3009689
3757	3010342
3758	3011397
3759	3011743
3760	3012368
3761	3012849
3762	3013311
3763	3013400
3764	3013521
3765	3013534
3766	3014359
3767	3014528
3768	3014944
3769	3015492
3770	3017604
3771	3018026
3772	3020302
3773	3020534
3774	3020768
3775	3021071
3776	3021831
3777	3021944
3778	3023897
3779	3024480
3780	3024960
3781	3027554
3782	3028156
3783	3029630
3784	3031057
3785	3033794
3786	3036453
3787	3037257
3788	3039609
3789	3039986
3790	3040801
3791	3042490
3792	3042514
