1	1691
2	2139
3	2294
4	2711
5	6616
6	7841
7	8409
8	8679
9	9172
10	11102
11	11864
12	14806
13	19468
14	20442
15	20965
16	22597
17	25991
18	27198
19	27787
20	37018
21	40158
22	40224
23	40298
24	41140
25	45920
26	47053
27	58070
28	58181
29	58284
30	60659
31	61027
32	62880
33	63102
34	63357
35	63363
36	66336
37	66339
38	68308
39	69086
40	69867
41	71002
42	71481
43	71515
44	74710
45	74818
46	75005
47	76324
48	83428
49	85462
50	85493
51	88137
52	90989
53	91862
54	92651
55	94173
56	94846
57	95817
58	97137
59	98265
60	99346
61	99662
62	100159
63	101072
64	103781
65	106444
66	106545
67	107872
68	109624
69	110491
70	111376
71	115051
72	116343
73	117272
74	118107
75	119076
76	123570
77	124376
78	124480
79	126536
80	129352
81	129373
82	132963
83	135589
84	138136
85	138623
86	141830
87	142136
88	142474
89	145571
90	146894
91	147457
92	148013
93	149733
94	150802
95	152243
96	156264
97	156466
98	159982
99	160433
100	162916
101	165801
102	166246
103	167090
104	168455
105	169134
106	173139
107	175228
108	176679
109	180529
110	180777
111	181835
112	185004
113	186169
114	187478
115	189335
116	192200
117	192447
118	195104
119	195706
120	196885
121	197556
122	200246
123	201999
124	202800
125	204679
126	208029
127	208100
128	208806
129	210248
130	214893
131	215179
132	222484
133	225385
134	225582
135	226225
136	226782
137	227619
138	227830
139	228034
140	230724
141	231597
142	233240
143	233448
144	235866
145	239664
146	242880
147	243411
148	243744
149	246114
150	247699
151	249178
152	250456
153	250514
154	251699
155	255405
156	257792
157	257795
158	263679
159	265135
160	268701
161	270497
162	272358
163	280951
164	282730
165	287441
166	287442
167	289936
168	292056
169	293901
170	299843
171	302738
172	309078
173	309211
174	309282
175	309296
176	310576
177	313298
178	316698
179	317053
180	317253
181	318659
182	324786
183	325230
184	326587
185	327538
186	328540
187	328641
188	328893
189	330196
190	334305
191	336812
192	337697
193	339736
194	342261
195	343153
196	343537
197	343547
198	345256
199	348033
200	349444
201	350716
202	350839
203	352523
204	353217
205	353437
206	356121
207	357149
208	359287
209	359343
210	360428
211	365194
212	366178
213	368440
214	369651
215	371429
216	371836
217	372571
218	372804
219	374486
220	375042
221	377239
222	380395
223	389866
224	390619
225	391066
226	393454
227	395613
228	399613
229	401929
230	402048
231	404222
232	404242
233	405771
234	410929
235	413703
236	416890
237	417134
238	422584
239	424991
240	427379
241	428385
242	428776
243	431008
244	432877
245	434735
246	435103
247	436234
248	436872
249	438230
250	440011
251	452249
252	452684
253	453061
254	456398
255	456565
256	456958
257	460548
258	460610
259	462119
260	464836
261	466184
262	466918
263	467631
264	469778
265	470067
266	471942
267	472180
268	472483
269	476275
270	479474
271	480310
272	480504
273	481552
274	483596
275	483647
276	483722
277	483767
278	483852
279	484209
280	484265
281	484486
282	484817
283	486080
284	489735
285	490627
286	494108
287	495930
288	496295
289	499909
290	501928
291	502096
292	504441
293	505741
294	508285
295	510065
296	510774
297	511365
298	512883
299	517078
300	518460
301	520809
302	524399
303	524849
304	533494
305	533731
306	533781
307	533904
308	534066
309	534121
310	534550
311	537709
312	538104
313	540326
314	541663
315	542887
316	543048
317	543083
318	543553
319	543802
320	544874
321	546019
322	547614
323	548310
324	552355
325	554865
326	557261
327	560406
328	560563
329	561577
330	563995
331	564561
332	566597
333	568817
334	572130
335	573706
336	575225
337	575387
338	580636
339	581579
340	581697
341	582334
342	585334
343	588299
344	588640
345	589220
346	590533
347	591135
348	591813
349	593928
350	594209
351	595702
352	597292
353	597578
354	598029
355	599351
356	599607
357	600873
358	603594
359	606547
360	608976
361	608997
362	609306
363	609323
364	609558
365	610522
366	610929
367	611002
368	611185
369	612165
370	614515
371	614670
372	614985
373	615146
374	617340
375	620081
376	620206
377	621099
378	625447
379	625954
380	627136
381	632012
382	634470
383	634904
384	634993
385	635859
386	636643
387	636806
388	638716
389	644369
390	647260
391	647696
392	647713
393	650612
394	650704
395	652274
396	652418
397	652936
398	653170
399	656072
400	656178
401	656991
402	659241
403	659639
404	659902
405	664775
406	665639
407	665895
408	667987
409	668169
410	669777
411	670624
412	674841
413	675773
414	675938
415	677271
416	678444
417	680087
418	680586
419	680693
420	680784
421	680889
422	682373
423	687308
424	688933
425	689632
426	690307
427	691479
428	692237
429	693999
430	695298
431	695409
432	696405
433	696870
434	703474
435	709541
436	710117
437	710689
438	711605
439	713833
440	714130
441	715403
442	716686
443	716948
444	717165
445	718930
446	721321
447	722843
448	726459
449	726545
450	728125
451	731885
452	732027
453	737124
454	738416
455	739684
456	746094
457	750372
458	750660
459	752835
460	757147
461	757628
462	759352
463	761567
464	765210
465	765892
466	766094
467	767196
468	768326
469	768665
470	770207
471	774214
472	775150
473	777764
474	779522
475	779600
476	780012
477	782695
478	784432
479	785899
480	786646
481	789280
482	789332
483	789335
484	789359
485	789362
486	792744
487	793384
488	794623
489	797937
490	799449
491	799584
492	799900
493	801030
494	802312
495	806159
496	806782
497	811430
498	811644
499	813657
500	814892
501	818694
502	820062
503	821929
504	824871
505	828711
506	830367
507	836173
508	836503
509	837537
510	838225
511	839539
512	841250
513	841847
514	845994
515	849059
516	849519
517	851137
518	851921
519	854779
520	856410
521	858067
522	858257
523	860306
524	864103
525	869162
526	871160
527	873027
528	873611
529	874251
530	875345
531	875477
532	875616
533	876004
534	879583
535	880441
536	881259
537	882067
538	884751
539	884972
540	889100
541	889718
542	897208
543	901557
544	903315
545	905210
546	907666
547	909439
548	909867
549	911254
550	911978
551	913808
552	914769
553	919683
554	919716
555	920208
556	922206
557	923303
558	923391
559	924608
560	926067
561	926567
562	927155
563	928678
564	930802
565	930828
566	930953
567	938917
568	941494
569	941626
570	941641
571	943753
572	944928
573	946264
574	948277
575	950040
576	950876
577	951999
578	952115
579	956867
580	960431
581	962735
582	963113
583	963155
584	965008
585	966510
586	967489
587	969065
588	973595
589	974539
590	975658
591	978435
592	978538
593	980334
594	984049
595	984833
596	989705
597	993394
598	994873
599	995236
600	1000345
601	1001187
602	1003921
603	1004974
604	1005320
605	1006127
606	1008680
607	1011920
608	1012335
609	1012456
610	1014857
611	1017025
612	1017868
613	1019083
614	1024634
615	1025254
616	1027410
617	1038970
618	1040272
619	1041339
620	1041437
621	1043663
622	1044895
623	1049373
624	1052269
625	1054397
626	1054727
627	1055115
628	1055281
629	1056912
630	1057632
631	1060932
632	1061056
633	1064105
634	1066947
635	1068701
636	1069400
637	1072889
638	1073887
639	1075991
640	1078337
641	1079480
642	1079843
643	1087010
644	1087805
645	1088671
646	1091844
647	1092089
648	1092117
649	1093142
650	1094096
651	1097935
652	1098886
653	1101735
654	1102264
655	1104048
656	1104339
657	1108209
658	1113112
659	1113210
660	1118299
661	1118350
662	1118374
663	1118422
664	1118765
665	1119820
666	1120898
667	1120954
668	1122015
669	1122814
670	1122827
671	1123991
672	1126354
673	1126952
674	1127361
675	1127894
676	1130902
677	1136796
678	1137877
679	1137878
680	1138901
681	1142960
682	1144500
683	1147257
684	1147261
685	1147428
686	1147543
687	1147552
688	1148521
689	1149863
690	1150270
691	1154881
692	1156345
693	1160563
694	1161194
695	1162218
696	1162368
697	1163955
698	1165906
699	1166807
700	1167626
701	1168156
702	1168920
703	1168950
704	1169481
705	1172958
706	1174324
707	1174603
708	1176102
709	1176657
710	1180942
711	1182907
712	1182934
713	1183220
714	1183237
715	1184632
716	1186066
717	1186355
718	1187776
719	1192396
720	1193025
721	1193149
722	1194092
723	1196759
724	1198403
725	1199038
726	1201734
727	1202379
728	1203677
729	1204158
730	1204878
731	1206366
732	1209816
733	1215037
734	1215564
735	1216450
736	1217457
737	1220235
738	1220366
739	1220892
740	1221905
741	1227272
742	1236959
743	1237235
744	1239660
745	1239949
746	1241824
747	1246479
748	1253107
749	1253333
750	1253372
751	1256390
752	1257468
753	1257530
754	1258863
755	1261140
756	1262555
757	1265858
758	1270274
759	1271893
760	1272200
761	1272495
762	1272927
763	1275219
764	1275311
765	1275470
766	1276374
767	1277487
768	1277833
769	1278667
770	1279983
771	1283093
772	1283094
773	1283373
774	1283804
775	1284063
776	1286928
777	1289005
778	1290382
779	1292696
780	1292718
781	1293994
782	1294192
783	1294958
784	1297096
785	1297289
786	1299781
787	1304256
788	1309247
789	1314471
790	1320045
791	1320121
792	1322736
793	1322932
794	1323739
795	1325320
796	1325608
797	1325689
798	1325984
799	1326181
800	1327645
801	1328690
802	1332451
803	1335224
804	1337454
805	1340054
806	1341412
807	1342715
808	1344477
809	1344524
810	1345630
811	1347802
812	1353735
813	1357009
814	1358784
815	1359810
816	1360232
817	1362310
818	1366966
819	1367918
820	1369077
821	1373641
822	1377424
823	1378842
824	1382830
825	1386208
826	1388717
827	1389069
828	1390785
829	1391172
830	1394465
831	1395230
832	1397618
833	1398298
834	1399622
835	1400833
836	1400904
837	1401090
838	1402086
839	1402467
840	1402876
841	1404643
842	1405117
843	1405133
844	1405965
845	1406474
846	1410201
847	1411682
848	1412513
849	1412583
850	1416451
851	1416654
852	1417620
853	1419399
854	1421333
855	1421635
856	1428048
857	1428379
858	1430105
859	1430231
860	1430866
861	1435279
862	1435837
863	1436342
864	1437020
865	1439696
866	1439979
867	1444738
868	1447669
869	1449142
870	1449263
871	1453063
872	1453534
873	1454357
874	1455060
875	1459224
876	1459475
877	1461358
878	1462271
879	1465380
880	1465687
881	1466337
882	1468475
883	1472428
884	1473054
885	1473097
886	1475126
887	1475128
888	1475373
889	1475414
890	1475617
891	1477157
892	1479381
893	1479630
894	1479987
895	1481773
896	1487650
897	1489896
898	1490001
899	1490050
900	1490749
901	1490856
902	1492569
903	1493745
904	1494112
905	1495255
906	1499165
907	1501416
908	1501479
909	1501560
910	1502246
911	1505386
912	1510225
913	1510257
914	1510509
915	1512208
916	1513236
917	1513783
918	1513849
919	1513870
920	1515412
921	1515609
922	1515632
923	1517651
924	1519334
925	1521133
926	1521964
927	1523514
928	1527614
929	1529338
930	1531077
931	1531629
932	1531765
933	1533703
934	1534207
935	1535478
936	1543409
937	1543971
938	1544336
939	1545424
940	1546318
941	1548630
942	1552502
943	1559638
944	1559841
945	1560744
946	1564490
947	1567063
948	1567529
949	1568932
950	1570164
951	1571064
952	1571335
953	1573404
954	1574760
955	1576177
956	1576392
957	1578215
958	1578771
959	1580126
960	1581603
961	1582841
962	1584108
963	1586405
964	1588595
965	1591172
966	1592590
967	1594035
968	1595317
969	1598755
970	1598823
971	1600654
972	1601946
973	1605243
974	1606080
975	1607919
976	1611691
977	1614710
978	1617568
979	1622479
980	1622980
981	1623006
982	1623314
983	1623853
984	1629139
985	1630433
986	1635526
987	1640358
988	1640652
989	1641443
990	1641678
991	1643771
992	1644799
993	1646587
994	1647106
995	1650544
996	1657173
997	1657340
998	1661106
999	1662256
1000	1662333
1001	1662453
1002	1662457
1003	1663017
1004	1663307
1005	1663564
1006	1663578
1007	1671650
1008	1671873
1009	1672488
1010	1674847
1011	1675588
1012	1681113
1013	1682479
1014	1685857
1015	1686135
1016	1691173
1017	1691434
1018	1692180
1019	1692582
1020	1695995
1021	1698139
1022	1698346
1023	1700147
1024	1700398
1025	1700998
1026	1701053
1027	1702792
1028	1703917
1029	1703975
1030	1704884
1031	1706610
1032	1706709
1033	1707323
1034	1707877
1035	1708233
1036	1710695
1037	1711173
1038	1711589
1039	1712921
1040	1717057
1041	1718473
1042	1719044
1043	1725990
1044	1726939
1045	1728451
1046	1728469
1047	1728681
1048	1729667
1049	1731693
1050	1732182
1051	1732354
1052	1740016
1053	1744624
1054	1745034
1055	1745806
1056	1745952
1057	1751000
1058	1753666
1059	1754525
1060	1754720
1061	1757060
1062	1761349
1063	1766683
1064	1767562
1065	1769882
1066	1773652
1067	1777036
1068	1777520
1069	1778968
1070	1779205
1071	1780166
1072	1783714
1073	1784141
1074	1784186
1075	1784663
1076	1785498
1077	1786280
1078	1786632
1079	1787553
1080	1787654
1081	1789578
1082	1792874
1083	1792943
1084	1794509
1085	1796802
1086	1799699
1087	1804075
1088	1804327
1089	1805215
1090	1805479
1091	1805873
1092	1806185
1093	1807289
1094	1808574
1095	1810590
1096	1811579
1097	1813184
1098	1813236
1099	1816442
1100	1818171
1101	1818206
1102	1818613
1103	1818778
1104	1820357
1105	1820557
1106	1823374
1107	1824727
1108	1828754
1109	1829295
1110	1829803
1111	1830013
1112	1833531
1113	1835123
1114	1835153
1115	1841014
1116	1841387
1117	1841974
1118	1843898
1119	1844614
1120	1861564
1121	1861634
1122	1862116
1123	1862210
1124	1862698
1125	1864082
1126	1865304
1127	1866384
1128	1866628
1129	1868073
1130	1871069
1131	1871488
1132	1872871
1133	1873368
1134	1874828
1135	1879413
1136	1879601
1137	1880252
1138	1880733
1139	1881805
1140	1882179
1141	1882437
1142	1885494
1143	1887653
1144	1887813
1145	1889018
1146	1889263
1147	1889828
1148	1890848
1149	1891844
1150	1892114
1151	1893520
1152	1895316
1153	1898625
1154	1901537
1155	1902961
1156	1903855
1157	1903926
1158	1904116
1159	1906077
1160	1907034
1161	1907835
1162	1909078
1163	1909890
1164	1911574
1165	1913516
1166	1914906
1167	1919842
1168	1920200
1169	1920885
1170	1921236
1171	1923104
1172	1924153
1173	1924228
1174	1924448
1175	1925010
1176	1926647
1177	1928152
1178	1933280
1179	1937736
1180	1937761
1181	1937824
1182	1937955
1183	1939098
1184	1939307
1185	1940213
1186	1940240
1187	1941193
1188	1944303
1189	1945051
1190	1946646
1191	1947754
1192	1951600
1193	1952198
1194	1954573
1195	1955796
1196	1956284
1197	1956404
1198	1959141
1199	1960464
1200	1961479
1201	1961506
1202	1963726
1203	1964129
1204	1965711
1205	1967610
1206	1968122
1207	1971582
1208	1972028
1209	1973367
1210	1974388
1211	1975705
1212	1976805
1213	1979129
1214	1979795
1215	1980122
1216	1980123
1217	1980904
1218	1981001
1219	1981129
1220	1982859
1221	1982952
1222	1983589
1223	1984286
1224	1984769
1225	1984873
1226	1984983
1227	1986451
1228	1987352
1229	1987616
1230	1987694
1231	1989360
1232	1991198
1233	1991897
1234	1992551
1235	1993642
1236	1995073
1237	1996705
1238	2003719
1239	2007373
1240	2007421
1241	2007947
1242	2008957
1243	2009904
1244	2010481
1245	2010563
1246	2012016
1247	2012031
1248	2012856
1249	2013269
1250	2013893
1251	2014127
1252	2014135
1253	2014537
1254	2015097
1255	2017101
1256	2019291
1257	2022012
1258	2023289
1259	2023891
1260	2024474
1261	2027060
1262	2030086
1263	2030582
1264	2030723
1265	2030831
1266	2032615
1267	2040420
1268	2041186
1269	2041309
1270	2041959
1271	2042502
1272	2043332
1273	2045099
1274	2045976
1275	2046343
1276	2048075
1277	2049603
1278	2050471
1279	2050905
1280	2051720
1281	2055101
1282	2055135
1283	2056345
1284	2057575
1285	2058527
1286	2060076
1287	2061588
1288	2064051
1289	2064756
1290	2064991
1291	2067580
1292	2069706
1293	2071048
1294	2072372
1295	2074105
1296	2075224
1297	2075289
1298	2075573
1299	2076574
1300	2079115
1301	2082139
1302	2082171
1303	2083844
1304	2085360
1305	2089745
1306	2096801
1307	2098109
1308	2098216
1309	2104440
1310	2106550
1311	2106812
1312	2107741
1313	2109995
1314	2111237
1315	2113443
1316	2113834
1317	2115601
1318	2116905
1319	2118080
1320	2118727
1321	2118868
1322	2121419
1323	2121732
1324	2122233
1325	2122409
1326	2123263
1327	2123438
1328	2124979
1329	2126969
1330	2129182
1331	2129184
1332	2131439
1333	2133427
1334	2134728
1335	2139303
1336	2141076
1337	2143671
1338	2143695
1339	2152233
1340	2157058
1341	2157797
1342	2159553
1343	2159943
1344	2163381
1345	2163499
1346	2164341
1347	2164589
1348	2164701
1349	2164827
1350	2165573
1351	2167526
1352	2167985
1353	2168870
1354	2168885
1355	2169404
1356	2169453
1357	2169643
1358	2169843
1359	2171893
1360	2172901
1361	2173126
1362	2173446
1363	2173586
1364	2174672
1365	2175795
1366	2179052
1367	2180213
1368	2180369
1369	2181212
1370	2182206
1371	2182228
1372	2182253
1373	2182262
1374	2182446
1375	2182487
1376	2182573
1377	2182864
1378	2183601
1379	2187404
1380	2191730
1381	2194240
1382	2196093
1383	2199410
1384	2202659
1385	2202926
1386	2203970
1387	2204813
1388	2205833
1389	2210019
1390	2211100
1391	2213568
1392	2214797
1393	2216034
1394	2216739
1395	2220137
1396	2220802
1397	2222049
1398	2222776
1399	2229643
1400	2229859
1401	2236344
1402	2238288
1403	2239934
1404	2242767
1405	2245364
1406	2245408
1407	2246964
1408	2249677
1409	2251049
1410	2251225
1411	2252387
1412	2253086
1413	2256077
1414	2256448
1415	2257927
1416	2260216
1417	2260397
1418	2261248
1419	2262583
1420	2263283
1421	2263449
1422	2266059
1423	2266597
1424	2267125
1425	2267465
1426	2270854
1427	2270879
1428	2272083
1429	2274842
1430	2275877
1431	2278524
1432	2281947
1433	2284373
1434	2284957
1435	2286011
1436	2287326
1437	2288281
1438	2289631
1439	2289646
1440	2291359
1441	2295032
1442	2295846
1443	2296440
1444	2299575
1445	2299692
1446	2300997
1447	2302173
1448	2302247
1449	2302819
1450	2303975
1451	2304370
1452	2304828
1453	2309408
1454	2309712
1455	2310995
1456	2313282
1457	2313358
1458	2313372
1459	2313386
1460	2313402
1461	2313413
1462	2314273
1463	2317084
1464	2319661
1465	2319721
1466	2320342
1467	2321567
1468	2323060
1469	2325549
1470	2332941
1471	2333636
1472	2334800
1473	2334980
1474	2335569
1475	2336262
1476	2336271
1477	2338910
1478	2339503
1479	2339928
1480	2341104
1481	2347683
1482	2348360
1483	2350006
1484	2351956
1485	2354023
1486	2354850
1487	2355150
1488	2355207
1489	2355650
1490	2355714
1491	2357777
1492	2359666
1493	2360084
1494	2361866
1495	2361992
1496	2363440
1497	2364948
1498	2365936
1499	2366556
1500	2367067
1501	2367281
1502	2368993
1503	2370153
1504	2370154
1505	2370165
1506	2377917
1507	2378159
1508	2379127
1509	2380198
1510	2381950
1511	2384215
1512	2386339
1513	2386691
1514	2389047
1515	2389176
1516	2389214
1517	2389461
1518	2389646
1519	2389665
1520	2389772
1521	2391411
1522	2398145
1523	2398517
1524	2399914
1525	2400840
1526	2403990
1527	2406596
1528	2408873
1529	2409207
1530	2410247
1531	2410747
1532	2411061
1533	2411962
1534	2413393
1535	2414046
1536	2415782
1537	2415859
1538	2418464
1539	2418554
1540	2419694
1541	2421816
1542	2424591
1543	2425364
1544	2426844
1545	2427286
1546	2433709
1547	2434609
1548	2435227
1549	2438830
1550	2440019
1551	2440266
1552	2445720
1553	2446938
1554	2447057
1555	2448857
1556	2450788
1557	2452909
1558	2453586
1559	2457080
1560	2459483
1561	2460286
1562	2460506
1563	2461541
1564	2462825
1565	2463525
1566	2463887
1567	2464009
1568	2466796
1569	2467954
1570	2469311
1571	2469396
1572	2474821
1573	2476444
1574	2480676
1575	2481489
1576	2482620
1577	2484557
1578	2485893
1579	2486811
1580	2488348
1581	2488646
1582	2492756
1583	2494770
1584	2500995
1585	2501023
1586	2503359
1587	2503980
1588	2505768
1589	2505900
1590	2509776
1591	2510720
1592	2511033
1593	2511135
1594	2513974
1595	2514261
1596	2516073
1597	2516748
1598	2517110
1599	2517856
1600	2519250
1601	2519456
1602	2520204
1603	2520218
1604	2520505
1605	2521089
1606	2525398
1607	2526247
1608	2527810
1609	2530875
1610	2531308
1611	2539009
1612	2539151
1613	2542632
1614	2542740
1615	2544473
1616	2545018
1617	2545502
1618	2547348
1619	2548359
1620	2548691
1621	2548763
1622	2548948
1623	2551513
1624	2555492
1625	2556129
1626	2556353
1627	2564474
1628	2566229
1629	2567316
1630	2567712
1631	2568147
1632	2572395
1633	2573813
1634	2574368
1635	2575628
1636	2575831
1637	2578210
1638	2579732
1639	2580367
1640	2581634
1641	2582581
1642	2582696
1643	2590421
1644	2591574
1645	2591824
1646	2593564
1647	2595716
1648	2596745
1649	2597101
1650	2598002
1651	2598585
1652	2601229
1653	2601987
1654	2602816
1655	2603456
1656	2603619
1657	2607314
1658	2608047
1659	2608431
1660	2610490
1661	2611856
1662	2612128
1663	2612384
1664	2615079
1665	2616086
1666	2616440
1667	2618808
1668	2619511
1669	2621696
1670	2622732
1671	2628968
1672	2629671
1673	2630389
1674	2633305
1675	2635085
1676	2635119
1677	2635839
1678	2640270
1679	2640484
1680	2641627
1681	2643247
1682	2644710
1683	2646958
1684	2647990
1685	2648235
1686	2648619
1687	2649459
1688	2650103
1689	2652991
1690	2653543
1691	2655125
1692	2655543
1693	2657079
1694	2659756
1695	2661097
1696	2662849
1697	2663474
1698	2664362
1699	2672009
1700	2675744
1701	2676158
1702	2677228
1703	2681871
1704	2682103
1705	2682146
1706	2682985
1707	2683390
1708	2685134
1709	2685667
1710	2686753
1711	2688606
1712	2689985
1713	2691752
1714	2693618
1715	2694495
1716	2695553
1717	2695989
1718	2697640
1719	2698491
1720	2699073
1721	2706514
1722	2708155
1723	2709394
1724	2714268
1725	2716404
1726	2716849
1727	2718268
1728	2718583
1729	2720026
1730	2720557
1731	2726083
1732	2730537
1733	2733748
1734	2737787
1735	2739192
1736	2743455
1737	2747755
1738	2748264
1739	2754721
1740	2756708
1741	2757357
1742	2759767
1743	2760880
1744	2761861
1745	2762002
1746	2764723
1747	2764793
1748	2764828
1749	2766217
1750	2766454
1751	2770307
1752	2770423
1753	2770535
1754	2780572
1755	2784988
1756	2787129
1757	2787607
1758	2788988
1759	2789623
1760	2790414
1761	2790769
1762	2792476
1763	2793530
1764	2798489
1765	2800532
1766	2802326
1767	2802685
1768	2804274
1769	2809628
1770	2811303
1771	2813238
1772	2814520
1773	2815428
1774	2816861
1775	2818478
1776	2819628
1777	2821224
1778	2823920
1779	2827701
1780	2828296
1781	2829444
1782	2829517
1783	2830075
1784	2830402
1785	2832521
1786	2833118
1787	2833167
1788	2833965
1789	2834511
1790	2836519
1791	2836948
1792	2840698
1793	2842809
1794	2844337
1795	2844943
1796	2845437
1797	2851088
1798	2852459
1799	2855072
1800	2855079
1801	2855089
1802	2855093
1803	2856211
1804	2858215
1805	2860251
1806	2860641
1807	2861616
1808	2861904
1809	2862424
1810	2863034
1811	2868165
1812	2868472
1813	2872100
1814	2874841
1815	2876921
1816	2877486
1817	2880131
1818	2881029
1819	2883384
1820	2883631
1821	2890188
1822	2895236
1823	2895912
1824	2896609
1825	2897738
1826	2899939
1827	2901032
1828	2902402
1829	2902490
1830	2903955
1831	2904082
1832	2906323
1833	2911069
1834	2916086
1835	2916808
1836	2916992
1837	2918290
1838	2919838
1839	2925437
1840	2929241
1841	2929768
1842	2929879
1843	2930297
1844	2931088
1845	2931751
1846	2932975
1847	2935182
1848	2936697
1849	2944231
1850	2945933
1851	2946111
1852	2946436
1853	2948111
1854	2948638
1855	2950404
1856	2950460
1857	2950461
1858	2950555
1859	2950620
1860	2950641
1861	2950783
1862	2950846
1863	2950852
1864	2950952
1865	2951191
1866	2953261
1867	2955331
1868	2956888
1869	2957290
1870	2957985
1871	2960169
1872	2961095
1873	2961813
1874	2963509
1875	2964875
1876	2966558
1877	2967705
1878	2967730
1879	2969968
1880	2971918
1881	2972256
1882	2974236
1883	2974633
1884	2974876
1885	2977045
1886	2978118
1887	2978835
1888	2979502
1889	2980355
1890	2980774
1891	2981477
1892	2982583
1893	2982651
1894	2983214
1895	2983720
1896	2985226
1897	2985520
1898	2986285
1899	2989078
1900	2989317
1901	2989452
1902	2990049
1903	2992224
1904	2994965
1905	2995516
1906	2995861
1907	2996859
1908	2997068
1909	2999997
1910	3000562
1911	3001150
1912	3001212
1913	3002105
1914	3006191
1915	3006636
1916	3009537
1917	3010060
1918	3010366
1919	3013356
1920	3014243
1921	3015267
1922	3015306
1923	3016506
1924	3016862
1925	3018323
1926	3022263
1927	3023144
1928	3024966
1929	3025496
1930	3029390
1931	3031942
1932	3033853
1933	3035326
1934	3035434
1935	3035483
1936	3036822
1937	3037721
1938	3038699
1939	3046798
1940	3047222
1941	3047564
1942	3047663
1943	3047826
1944	3048937
1945	3050674
1946	3056350
1947	3056542
1948	3057416
1949	3061275
1950	3064223
1951	3064531
1952	3065645
1953	3067938
1954	3068036
1955	3069502
1956	3071435
1957	3072220
1958	3072512
1959	3074683
1960	3075029
1961	3075391
1962	3076841
1963	3077616
1964	3080553
1965	3080689
1966	3080795
1967	3080796
1968	3081257
1969	3082764
1970	3083773
1971	3085067
1972	3085803
1973	3086460
1974	3086870
1975	3088797
1976	3089354
1977	3098833
1978	3100973
1979	3103474
1980	3108999
1981	3109405
1982	3115609
1983	3120719
1984	3121535
1985	3121850
1986	3127906
1987	3129840
1988	3129849
1989	3130196
1990	3132192
1991	3132683
1992	3132936
1993	3134054
1994	3135274
1995	3135978
1996	3136300
1997	3137391
1998	3137626
1999	3138453
2000	3141518
2001	3143818
2002	3147883
2003	3149241
2004	3151383
2005	3151397
2006	3152901
2007	3154028
2008	3154106
2009	3157274
2010	3160361
2011	3161652
2012	3162026
2013	3162384
2014	3162937
2015	3164211
2016	3169777
2017	3169947
2018	3170083
2019	3170575
2020	3171971
2021	3173890
2022	3174414
2023	3175295
2024	3178482
2025	3179862
2026	3179863
2027	3179868
2028	3180522
2029	3181729
2030	3181937
2031	3182118
2032	3183588
2033	3186166
2034	3187410
2035	3188453
2036	3188815
2037	3189483
2038	3189845
2039	3191440
2040	3192410
2041	3192605
2042	3198402
2043	3200870
2044	3201124
2045	3202825
2046	3206692
2047	3207265
2048	3207904
2049	3218093
2050	3218331
2051	3219234
2052	3219434
2053	3221434
2054	3221564
2055	3222789
2056	3223857
2057	3224327
2058	3224384
2059	3227545
2060	3228385
2061	3229991
2062	3230154
2063	3234503
2064	3234755
2065	3235066
2066	3237471
2067	3238335
2068	3240347
2069	3241561
2070	3242592
2071	3242973
2072	3247045
2073	3248304
2074	3248765
2075	3250016
2076	3252539
2077	3254796
2078	3254832
2079	3260573
2080	3260696
2081	3262943
2082	3263213
2083	3265002
2084	3269278
2085	3271295
2086	3273162
2087	3274126
2088	3277609
2089	3277858
2090	3278386
2091	3280207
2092	3280208
2093	3280213
2094	3284306
2095	3285982
2096	3288319
2097	3288707
2098	3290717
2099	3291049
2100	3293707
2101	3294144
2102	3300695
2103	3301291
2104	3301643
2105	3301778
2106	3301854
2107	3301912
2108	3302088
2109	3304841
2110	3305005
2111	3305609
2112	3307851
2113	3308611
2114	3321392
2115	3322134
2116	3322517
2117	3323808
2118	3326636
2119	3326649
2120	3327178
2121	3333730
2122	3335744
2123	3337265
2124	3340595
2125	3340622
2126	3341085
2127	3342328
2128	3344888
2129	3351630
2130	3352382
2131	3353889
2132	3356687
2133	3357050
2134	3357290
2135	3362177
2136	3372211
2137	3372226
2138	3372231
2139	3377571
2140	3379520
2141	3381841
2142	3384239
2143	3384320
2144	3386476
2145	3386649
2146	3391896
2147	3395228
2148	3395338
2149	3396350
2150	3399783
2151	3400952
2152	3400973
2153	3402425
2154	3402665
2155	3402667
2156	3402934
2157	3403163
2158	3403172
2159	3403175
2160	3403387
2161	3405104
2162	3410389
2163	3410601
2164	3411810
2165	3412081
2166	3413877
2167	3415534
2168	3418278
2169	3421512
2170	3423058
2171	3424049
2172	3424626
2173	3424877
2174	3425098
2175	3427456
2176	3428544
2177	3429167
2178	3429521
2179	3429672
2180	3431011
2181	3431707
2182	3435214
2183	3436130
2184	3439533
2185	3440216
2186	3441863
2187	3442318
2188	3446689
2189	3448216
2190	3454483
2191	3461318
2192	3462140
2193	3463286
2194	3467593
2195	3468197
2196	3476380
2197	3476608
2198	3482662
2199	3484821
2200	3486236
2201	3487100
2202	3487581
2203	3489352
2204	3489911
2205	3490758
2206	3491342
2207	3491539
2208	3492056
2209	3492561
2210	3493470
2211	3494785
2212	3495702
2213	3496216
2214	3498230
2215	3500004
2216	3500232
2217	3500626
2218	3501902
2219	3504023
2220	3509144
2221	3510672
2222	3510880
2223	3510931
2224	3511080
2225	3511086
2226	3511107
2227	3511116
2228	3511206
2229	3511212
2230	3511279
2231	3516345
2232	3516445
2233	3516691
2234	3521803
2235	3524818
2236	3526219
2237	3527936
2238	3530537
2239	3532152
2240	3534016
2241	3535414
2242	3535643
2243	3536119
2244	3539057
2245	3539578
2246	3539748
2247	3540234
2248	3540413
2249	3542441
2250	3543557
2251	3543941
2252	3544829
2253	3550388
2254	3550510
2255	3551508
2256	3554688
2257	3556077
2258	3556623
2259	3558342
2260	3558343
2261	3558393
2262	3558397
2263	3558602
2264	3559431
2265	3565440
2266	3565601
2267	3566532
2268	3567112
2269	3567607
2270	3569623
2271	3574452
2272	3574469
2273	3581836
2274	3584323
2275	3586147
2276	3586802
2277	3591956
2278	3594186
2279	3595154
2280	3595218
2281	3596007
2282	3596306
2283	3599629
2284	3605037
2285	3605730
2286	3607425
2287	3609951
2288	3614494
2289	3614582
2290	3616182
2291	3616307
2292	3616512
2293	3617472
2294	3617588
2295	3618440
2296	3621185
2297	3622151
2298	3625435
2299	3628692
2300	3632438
2301	3636630
2302	3637980
2303	3638364
2304	3639080
2305	3639165
2306	3640246
2307	3645444
2308	3648039
2309	3648706
2310	3653087
2311	3653170
2312	3653342
2313	3656111
2314	3656290
2315	3656408
2316	3660370
2317	3663825
2318	3665222
2319	3674589
2320	3675378
2321	3675705
2322	3675976
2323	3677302
2324	3678292
2325	3680053
2326	3690464
2327	3691252
2328	3692063
2329	3692518
2330	3694310
2331	3694474
2332	3696512
2333	3697056
2334	3697058
2335	3697409
2336	3699468
2337	3699950
2338	3700096
2339	3702147
2340	3706202
2341	3709012
2342	3709126
2343	3710187
2344	3712022
2345	3713534
2346	3720951
2347	3724160
2348	3726071
2349	3726449
2350	3726818
2351	3733320
2352	3733361
2353	3734383
2354	3736449
2355	3737857
2356	3739059
2357	3740513
2358	3744620
2359	3747628
2360	3750569
2361	3753809
2362	3755418
2363	3759881
2364	3761819
2365	3762640
2366	3763742
2367	3763744
2368	3763772
2369	3767118
2370	3769526
2371	3774613
2372	3775413
2373	3777513
2374	3782885
2375	3783914
2376	3784840
2377	3790349
2378	3791210
2379	3791340
2380	3791933
2381	3794074
2382	3795147
2383	3799736
2384	3803142
2385	3803434
2386	3803762
2387	3806637
2388	3807051
2389	3812002
2390	3814045
2391	3815870
2392	3816192
2393	3820001
2394	3822251
2395	3823767
2396	3824380
2397	3831007
2398	3835586
2399	3836455
2400	3836514
2401	3836805
2402	3836823
2403	3836824
2404	3837470
2405	3840863
2406	3841205
2407	3841276
2408	3844443
2409	3845394
2410	3847508
2411	3848574
2412	3848736
2413	3848937
2414	3850212
2415	3853890
2416	3855092
2417	3860173
2418	3860756
2419	3861396
2420	3861936
2421	3862920
2422	3867192
2423	3867208
2424	3868021
2425	3872801
2426	3874195
2427	3875287
2428	3878322
2429	3878336
2430	3879842
2431	3881119
2432	3882118
2433	3883131
2434	3885906
2435	3893172
2436	3895596
2437	3901043
2438	3903192
2439	3904951
2440	3908765
2441	3909126
2442	3910871
2443	3910895
2444	3911164
2445	3912836
2446	3916218
2447	3919473
2448	3925422
2449	3926866
2450	3927527
2451	3931660
2452	3932648
2453	3932964
2454	3936862
2455	3938582
2456	3939397
2457	3940783
2458	3942231
2459	3943051
2460	3943175
2461	3950712
2462	3954253
2463	3956129
2464	3957475
2465	3962152
2466	3962509
2467	3962597
2468	3963855
2469	3966928
2470	3970231
2471	3970272
2472	3975702
2473	3976673
2474	3976794
2475	3979230
2476	3979383
2477	3979621
2478	3981646
2479	3983713
2480	3987057
2481	3989707
2482	3990906
2483	3992347
2484	3993298
2485	3996228
2486	3998236
2487	4003955
2488	4006168
2489	4008285
2490	4010771
2491	4011790
2492	4014528
2493	4014770
2494	4019914
2495	4019990
2496	4020356
2497	4020822
2498	4022981
2499	4028386
2500	4029259
2501	4040369
2502	4041456
2503	4041789
2504	4048813
2505	4049775
2506	4051393
2507	4057422
2508	4059155
2509	4060308
2510	4062567
2511	4070173
2512	4070259
2513	4070364
2514	4072659
2515	4074294
2516	4079008
2517	4079900
2518	4082869
2519	4096006
2520	4098015
2521	4098504
2522	4100935
2523	4101834
2524	4102339
2525	4104582
2526	4106187
2527	4106631
2528	4107865
2529	4108341
2530	4113156
2531	4113298
2532	4118995
2533	4119000
2534	4119009
2535	4120482
2536	4126123
2537	4126704
2538	4128193
2539	4130971
2540	4131189
2541	4131455
2542	4131771
2543	4137668
2544	4139144
2545	4141153
2546	4143079
2547	4144132
2548	4145212
2549	4145683
2550	4148349
2551	4152763
2552	4154097
2553	4154489
2554	4156240
2555	4159832
2556	4162208
2557	4164456
2558	4171879
2559	4173249
2560	4173837
2561	4174036
2562	4186423
2563	4187666
2564	4189859
2565	4194478
2566	4196741
2567	4198813
2568	4199261
2569	4199657
2570	4210291
2571	4211730
2572	4213729
2573	4214000
2574	4215174
2575	4215312
2576	4217820
2577	4218116
2578	4222377
2579	4223137
2580	4229113
2581	4229982
2582	4234974
2583	4235238
2584	4236498
2585	4238017
2586	4239640
2587	4240383
2588	4240655
2589	4240702
2590	4241019
2591	4241334
2592	4241415
2593	4241735
2594	4244231
2595	4249013
2596	4255033
2597	4255260
2598	4258979
2599	4260423
2600	4262298
2601	4263010
2602	4265322
2603	4266513
2604	4273695
2605	4274999
2606	4275678
2607	4283873
2608	4285327
2609	4287896
2610	4292517
2611	4293895
2612	4293916
2613	4296047
2614	4296515
2615	4300151
2616	4301190
2617	4301590
2618	4301747
2619	4302213
2620	4302506
2621	4305336
2622	4308592
2623	4309926
2624	4312576
2625	4316520
2626	4319672
2627	4320194
2628	4323866
2629	4326688
2630	4327541
2631	4328936
2632	4331024
2633	4336960
2634	4339169
2635	4340616
2636	4342803
2637	4347631
2638	4348398
2639	4350340
2640	4350922
2641	4352039
2642	4359175
2643	4361005
2644	4361043
2645	4361105
2646	4362687
2647	4363136
2648	4372231
2649	4373171
2650	4373196
2651	4373207
2652	4376748
2653	4377878
2654	4382064
2655	4383527
2656	4386560
2657	4387609
2658	4389124
2659	4391446
2660	4391692
2661	4392431
2662	4392924
2663	4393989
2664	4394455
2665	4394923
2666	4395785
2667	4397710
2668	4398542
2669	4398615
2670	4400707
2671	4402885
2672	4403391
2673	4404739
2674	4410272
2675	4412294
2676	4413225
2677	4415413
2678	4416490
2679	4416739
2680	4420601
2681	4421859
2682	4423705
2683	4425143
2684	4427076
2685	4428396
2686	4431755
2687	4434631
2688	4435609
2689	4439576
2690	4439876
2691	4442673
2692	4442979
2693	4444545
2694	4449614
2695	4451525
2696	4452274
2697	4452434
2698	4452477
2699	4453583
2700	4454833
2701	4454855
2702	4455910
2703	4456540
2704	4456956
2705	4457036
2706	4459128
2707	4459765
2708	4459902
2709	4460120
2710	4466924
2711	4467075
2712	4470847
2713	4471466
2714	4472348
2715	4473502
2716	4473706
2717	4474579
2718	4475332
2719	4475393
2720	4476625
2721	4476831
2722	4480337
2723	4480410
2724	4480962
2725	4481264
2726	4482391
2727	4486419
2728	4487861
2729	4490413
2730	4490551
2731	4491829
2732	4492055
2733	4493153
2734	4494973
2735	4496695
2736	4497536
2737	4504588
2738	4504694
2739	4504804
2740	4505140
2741	4505290
2742	4508580
2743	4512258
2744	4512724
2745	4514996
2746	4515364
2747	4515631
2748	4517446
2749	4519635
2750	4519843
2751	4520907
2752	4521963
2753	4523659
2754	4528477
2755	4530401
2756	4533236
2757	4534416
2758	4539816
2759	4540681
2760	4540721
2761	4545865
2762	4547871
2763	4547902
2764	4548343
2765	4550550
2766	4551064
2767	4551108
2768	4552429
2769	4553143
2770	4555382
2771	4555493
2772	4558726
2773	4558827
2774	4559238
2775	4566761
2776	4569428
2777	4570503
2778	4572966
2779	4574497
2780	4576955
2781	4577693
2782	4578031
2783	4578314
2784	4578317
2785	4578950
2786	4580552
2787	4583000
2788	4591038
2789	4591178
2790	4591281
2791	4591472
2792	4591503
2793	4593230
2794	4593365
2795	4595955
2796	4596424
2797	4596587
2798	4598824
2799	4600743
2800	4600882
2801	4601282
2802	4605153
2803	4605523
2804	4606133
2805	4606283
2806	4606799
2807	4607205
2808	4607394
2809	4607573
2810	4607649
2811	4608479
2812	4610458
2813	4610812
2814	4611586
2815	4611600
2816	4612016
2817	4612569
2818	4612830
2819	4613766
2820	4617209
2821	4619160
2822	4620364
2823	4622658
2824	4622659
2825	4624349
2826	4624664
2827	4625039
2828	4626228
2829	4626428
2830	4630288
2831	4635107
2832	4636751
2833	4638700
2834	4639697
2835	4640931
2836	4641034
2837	4642889
2838	4643074
2839	4646420
2840	4646746
2841	4647647
2842	4648249
2843	4649297
2844	4655510
2845	4659688
2846	4662193
2847	4663705
2848	4668437
2849	4669810
2850	4670624
2851	4672539
2852	4672975
2853	4673775
2854	4674060
2855	4678853
2856	4682159
2857	4682682
2858	4683887
