1	13988
2	14048
3	14289
4	15432
5	16671
6	17059
7	24667
8	24668
9	24777
10	27237
11	32517
12	33252
13	46087
14	47634
15	47712
16	49118
17	49862
18	56802
19	57750
20	59950
21	61166
22	66657
23	73051
24	74149
25	74509
26	74703
27	74994
28	75970
29	76094
30	76236
31	76277
32	76716
33	77088
34	77770
35	78946
36	81961
37	82895
38	85114
39	85738
40	85999
41	87697
42	89202
43	90118
44	93039
45	98625
46	102209
47	102330
48	102450
49	102534
50	104903
51	111220
52	115391
53	115847
54	116658
55	121751
56	121760
57	124005
58	125727
59	128665
60	130214
61	130897
62	131445
63	134138
64	140555
65	142118
66	148611
67	148795
68	154896
69	158443
70	163041
71	163225
72	164610
73	168644
74	171865
75	179717
76	180227
77	184136
78	185609
79	187605
80	188770
81	191922
82	192178
83	197647
84	197725
85	203266
86	203751
87	204312
88	207578
89	208902
90	209697
91	211105
92	211661
93	212861
94	214478
95	215938
96	218120
97	218327
98	218517
99	220176
100	220390
101	220573
102	223315
103	223668
104	224590
105	228150
106	228211
107	228919
108	231440
109	231617
110	239337
111	239725
112	244805
113	245878
114	246278
115	250015
116	250047
117	250565
118	257505
119	258365
120	263474
121	265045
122	265967
123	266478
124	269577
125	271187
126	281307
127	281776
128	283776
129	284487
130	285672
131	287523
132	288544
133	288578
134	291442
135	292999
136	298737
137	304136
138	304969
139	306491
140	308808
141	316582
142	317530
143	317567
144	317923
145	324707
146	327307
147	327456
148	327633
149	327714
150	328053
151	328990
152	329223
153	329436
154	329445
155	330057
156	333375
157	333555
158	335858
159	337857
160	352782
161	352994
162	353272
163	353816
164	359000
165	360260
166	361116
167	361210
168	361692
169	363159
170	364185
171	367502
172	368849
173	370557
174	372215
175	372870
176	373397
177	373568
178	376052
179	377688
180	384081
181	387573
182	390294
183	397197
184	398122
185	399642
186	401139
187	405777
188	407180
189	407684
190	411358
191	412276
192	412317
193	414229
194	414576
195	416278
196	423073
197	427695
198	428251
199	437615
200	439918
201	440470
202	440639
203	447411
204	448239
205	448318
206	450417
207	450512
208	458089
209	458090
210	459566
211	459866
212	460277
213	460515
214	460553
215	460654
216	460673
217	462554
218	465743
219	465794
220	474567
221	482618
222	483572
223	484863
224	488349
225	489491
226	490713
227	496693
228	501731
229	504855
230	506118
231	506627
232	506944
233	509015
234	515291
235	517094
236	518881
237	521306
238	521736
239	522870
240	535416
241	535809
242	536195
243	537114
244	537377
245	537999
246	538011
247	539971
248	540041
249	542834
250	549861
251	551193
252	551399
253	556345
254	557321
255	559213
256	560309
257	565480
258	566408
259	568754
260	575568
261	576283
262	576315
263	577564
264	584200
265	584626
266	585023
267	585050
268	585276
269	589794
270	589813
271	592135
272	592973
273	594922
274	597899
275	598285
276	599172
277	602885
278	605588
279	605984
280	611080
281	613542
282	615004
283	615158
284	617999
285	625422
286	625913
287	626060
288	627697
289	628419
290	628470
291	631343
292	633869
293	636201
294	636919
295	638011
296	639307
297	639461
298	641841
299	642595
300	644323
301	645612
302	646862
303	647243
304	648041
305	649880
306	651724
307	651971
308	654578
309	655009
310	655023
311	655160
312	658836
313	659681
314	659780
315	660490
316	661637
317	662671
318	664161
319	664348
320	667041
321	671279
322	672425
323	675786
324	680328
325	680739
326	680872
327	683681
328	683932
329	684871
330	685053
331	689283
332	690436
333	691710
334	692447
335	694007
336	694501
337	696127
338	697215
339	702400
340	702848
341	703184
342	706361
343	706622
344	712638
345	715056
346	716043
347	717930
348	718046
349	720042
350	720845
351	721880
352	724621
353	725260
354	725310
355	725339
356	730009
357	730457
358	731417
359	731665
360	736184
361	738986
362	740597
363	741843
364	742272
365	748766
366	750300
367	754039
368	754174
369	754658
370	757343
371	757392
372	762438
373	763424
374	766218
375	771163
376	772745
377	777031
378	778649
379	778775
380	779727
381	781642
382	782577
383	783422
384	786697
385	790226
386	795056
387	800902
388	805519
389	808223
390	809665
391	811465
392	811632
393	814307
394	817779
395	818647
396	820911
397	826761
398	827237
399	827622
400	830139
401	832285
402	836445
403	839248
404	840334
405	844652
406	844895
407	844942
408	846855
409	847266
410	847942
411	848136
412	848514
413	854214
414	859370
415	863689
416	866505
417	866632
418	867548
419	867592
420	868939
421	886149
422	904552
423	909939
424	910794
425	912246
426	913504
427	914566
428	914710
429	926749
430	931832
431	933795
432	938163
433	938535
434	939651
435	948427
436	949791
437	953421
438	953760
439	955611
440	961828
441	962894
442	963713
443	964168
444	969268
445	970481
446	972160
447	975795
448	990783
449	992466
450	1005697
451	1007056
452	1009546
453	1011103
454	1013037
455	1021311
456	1021326
457	1022737
458	1022780
459	1022990
460	1023146
461	1023458
462	1024123
463	1026767
464	1027252
465	1027948
466	1031228
467	1031705
468	1031851
469	1033265
470	1033938
471	1035802
472	1036918
473	1041305
474	1043390
475	1044956
476	1050605
477	1053115
478	1053184
479	1054097
480	1055767
481	1060415
482	1060880
483	1063004
484	1064191
485	1065018
486	1065218
487	1073052
488	1076620
489	1076689
490	1077296
491	1080917
492	1085866
493	1087614
494	1087697
495	1089755
496	1090634
497	1091196
498	1094422
499	1096861
500	1102546
501	1103626
502	1105345
503	1108080
504	1110164
505	1110912
506	1112694
507	1117134
508	1117255
509	1120055
510	1124199
511	1125604
512	1126694
513	1134172
514	1134864
515	1136584
516	1137877
517	1140384
518	1145777
519	1146091
520	1158156
521	1170308
522	1170809
523	1173248
524	1173249
525	1173268
526	1173275
527	1173281
528	1177984
529	1182860
530	1183460
531	1189290
532	1191316
533	1195294
534	1196452
535	1198286
536	1199392
537	1201872
538	1203395
539	1205854
540	1207555
541	1209930
542	1210522
543	1216758
544	1221604
545	1222151
546	1225716
547	1229204
548	1232219
549	1233474
550	1234892
551	1240493
552	1241455
553	1241730
554	1246553
555	1248644
556	1248674
557	1249434
558	1256306
559	1259618
560	1264633
561	1265055
562	1272029
563	1272047
564	1272248
565	1272671
566	1273876
567	1276934
568	1277540
569	1282525
570	1284856
571	1285449
572	1292296
573	1293643
574	1294993
575	1298197
576	1301307
577	1302034
578	1304738
579	1305197
580	1307286
581	1307295
582	1308097
583	1310211
584	1311593
585	1312088
586	1317239
587	1322713
588	1330377
589	1331362
590	1333950
591	1337943
592	1341314
593	1342385
594	1345610
595	1347295
596	1347931
597	1349469
598	1352301
599	1353458
600	1353492
601	1359558
602	1359560
603	1359619
604	1359621
605	1360249
606	1363064
607	1363732
608	1364021
609	1370209
610	1373802
611	1374422
612	1377681
613	1377938
614	1381487
615	1383822
616	1384658
617	1385906
618	1388465
619	1389404
620	1393021
621	1393250
622	1395849
623	1397878
624	1398108
625	1402168
626	1403138
627	1407067
628	1408779
629	1411381
630	1411387
631	1418064
632	1418895
633	1418978
634	1422691
635	1426597
636	1428201
637	1428892
638	1429896
639	1433095
640	1439805
641	1442002
642	1443630
643	1445304
644	1450977
645	1454308
646	1455854
647	1460874
648	1462522
649	1462705
650	1464236
651	1466564
652	1476963
653	1477931
654	1478115
655	1479978
656	1483406
657	1489647
658	1489710
659	1489719
660	1489780
661	1490734
662	1492499
663	1496194
664	1497842
665	1500499
666	1502432
667	1509143
668	1516250
669	1516406
670	1516486
671	1522550
672	1530931
673	1531612
674	1534917
675	1536329
676	1544627
677	1545100
678	1546945
679	1550164
680	1550601
681	1551513
682	1552215
683	1553033
684	1556777
685	1557435
686	1559555
687	1560954
688	1565516
689	1567049
690	1571286
691	1571568
692	1576184
693	1578056
694	1586375
695	1587521
696	1587769
697	1593660
698	1593775
699	1594305
700	1601184
701	1603886
702	1607427
703	1608735
704	1610717
705	1611845
706	1613626
707	1615785
708	1618676
709	1620394
710	1623550
711	1626829
712	1626935
713	1627621
714	1631946
715	1633529
716	1633898
717	1633939
718	1639736
719	1640566
720	1640997
721	1641839
722	1646366
723	1648805
724	1649910
725	1653111
726	1653245
727	1655520
728	1656514
729	1658016
730	1658365
731	1664078
732	1673703
733	1674889
734	1676102
735	1678978
736	1681367
737	1683047
738	1687697
739	1689506
740	1689750
741	1689851
742	1691738
743	1692651
744	1694440
745	1694441
746	1694597
747	1696839
748	1698465
749	1698579
750	1700842
751	1701632
752	1706791
753	1710132
754	1710553
755	1717232
756	1721623
757	1725690
758	1725839
759	1728351
760	1728673
761	1732024
762	1735028
763	1741117
764	1741285
765	1742375
766	1742441
767	1742446
768	1742458
769	1742465
770	1742964
771	1743071
772	1745000
773	1749488
774	1749850
775	1751148
776	1751235
777	1752084
778	1754095
779	1754697
780	1762017
781	1771733
782	1777983
783	1780281
784	1782471
785	1785482
786	1787590
787	1789293
788	1791170
789	1795402
790	1796461
791	1799765
792	1805607
793	1808579
794	1810940
795	1813919
796	1816227
797	1818981
798	1820000
799	1820064
800	1820880
801	1822325
802	1827169
803	1828408
804	1832004
805	1843903
806	1843984
807	1844114
808	1847204
809	1849246
810	1850799
811	1851803
812	1851845
813	1852754
814	1854865
815	1855297
816	1858308
817	1866652
818	1867345
819	1868221
820	1872388
821	1873029
822	1874093
823	1875400
824	1881189
825	1881237
826	1881505
827	1881510
828	1882505
829	1884222
830	1884226
831	1884248
832	1888381
833	1900121
834	1901494
835	1904502
836	1905603
837	1906674
838	1908176
839	1909116
840	1909779
841	1913350
842	1914378
843	1916401
844	1918192
845	1919314
846	1922403
847	1924132
848	1924285
849	1926811
850	1926981
851	1927345
852	1930164
853	1932636
854	1934873
855	1936922
856	1937238
857	1938102
858	1940382
859	1941203
860	1941811
861	1941894
862	1943384
863	1950737
864	1952471
865	1952881
866	1952953
867	1954171
868	1954713
869	1954786
870	1956268
871	1958016
872	1958124
873	1958638
874	1969442
875	1971445
876	1971773
877	1971931
878	1972894
879	1973130
880	1973964
881	1974332
882	1975024
883	1976633
884	1977798
885	1979667
886	1979876
887	1981592
888	1984122
889	1987380
890	1987444
891	1987667
892	1987887
893	1989912
894	1990841
895	1991840
896	1993895
897	1993972
898	1994430
899	1997145
900	2002478
901	2003500
902	2004591
903	2007710
904	2009738
905	2009923
906	2011881
907	2018185
908	2022770
909	2023676
910	2023712
911	2024844
912	2025768
913	2027394
914	2028913
915	2028927
916	2029522
917	2031446
918	2031934
919	2034494
920	2037267
921	2038095
922	2043007
923	2043759
924	2044325
925	2044737
926	2045007
927	2046546
928	2047179
929	2049348
930	2049745
931	2049871
932	2052203
933	2054491
934	2054494
935	2055075
936	2055148
937	2055166
938	2055462
939	2056824
940	2060851
941	2062500
942	2063061
943	2068496
944	2069875
945	2070554
946	2070563
947	2070719
948	2072658
949	2073272
950	2075991
951	2076704
952	2077324
953	2077599
954	2083921
955	2086956
956	2087002
957	2092776
958	2092945
959	2093410
960	2094434
961	2102028
962	2102073
963	2102131
964	2102974
965	2103230
966	2105921
967	2115123
968	2119939
969	2120880
970	2127410
971	2129358
972	2130635
973	2133311
974	2134513
975	2135230
976	2139591
977	2143216
978	2143264
979	2143400
980	2144416
981	2144959
982	2150860
983	2152409
984	2152969
985	2153694
986	2153751
987	2155082
988	2158085
989	2158086
990	2160010
991	2168100
992	2172785
993	2174790
994	2176186
995	2176723
996	2181338
997	2181739
998	2183607
999	2189050
1000	2189751
1001	2192036
1002	2194734
1003	2195154
1004	2197939
1005	2199449
1006	2202941
1007	2205410
1008	2206373
1009	2206607
1010	2208076
1011	2210085
1012	2210991
1013	2211216
1014	2212723
1015	2216236
1016	2217228
1017	2220855
1018	2223490
1019	2226188
1020	2226290
1021	2234368
1022	2235055
1023	2235626
1024	2238429
1025	2239972
1026	2242086
1027	2242180
1028	2243006
1029	2243248
1030	2245902
1031	2254452
1032	2254732
1033	2258924
1034	2270290
1035	2270830
1036	2273704
1037	2274825
1038	2275143
1039	2277865
1040	2278369
1041	2278680
1042	2279651
1043	2281447
1044	2286285
1045	2287171
1046	2288015
1047	2290429
1048	2293463
1049	2296307
1050	2296371
1051	2297277
1052	2302583
1053	2305158
1054	2307688
1055	2308561
1056	2314751
1057	2317238
1058	2317895
1059	2322049
1060	2324671
1061	2325252
1062	2327455
1063	2329623
1064	2329819
1065	2330328
1066	2333215
1067	2335416
1068	2336958
1069	2337786
1070	2338248
1071	2340030
1072	2341469
1073	2343915
1074	2346015
1075	2347590
1076	2348866
1077	2349262
1078	2350214
1079	2353830
1080	2355413
1081	2355918
1082	2360593
1083	2366027
1084	2368410
1085	2368726
1086	2369249
1087	2377892
1088	2380659
1089	2383188
1090	2387381
1091	2390720
1092	2390952
1093	2392783
1094	2394357
1095	2396383
1096	2398142
1097	2398321
1098	2398914
1099	2399267
1100	2399353
1101	2406182
1102	2406864
1103	2409697
1104	2410891
1105	2411011
1106	2412445
1107	2413272
1108	2416881
1109	2418891
1110	2424347
1111	2425201
1112	2430234
1113	2431006
1114	2433003
1115	2433477
1116	2435724
1117	2436903
1118	2438290
1119	2443927
1120	2447373
1121	2447620
1122	2449857
1123	2450931
1124	2451004
1125	2456858
1126	2457117
1127	2461434
1128	2465999
1129	2467761
1130	2471392
1131	2472501
1132	2475724
1133	2477381
1134	2480017
1135	2481030
1136	2481446
1137	2484372
1138	2489003
1139	2489909
1140	2492668
1141	2495416
1142	2495601
1143	2495688
1144	2496332
1145	2496966
1146	2498719
1147	2499063
1148	2499069
1149	2499141
1150	2499909
1151	2500844
1152	2502679
1153	2503936
1154	2504568
1155	2504621
1156	2507861
1157	2507919
1158	2507950
1159	2508241
1160	2508292
1161	2508433
1162	2508707
1163	2508745
1164	2509319
1165	2509340
1166	2509628
1167	2509978
1168	2510225
1169	2511048
1170	2514848
1171	2514935
1172	2517045
1173	2521647
1174	2521838
1175	2526189
1176	2530749
1177	2534217
1178	2535290
1179	2540997
1180	2541214
1181	2542046
1182	2542082
1183	2542221
1184	2543084
1185	2545165
1186	2547925
1187	2553593
1188	2562012
1189	2562079
1190	2563583
1191	2563619
1192	2564254
1193	2565514
1194	2566649
1195	2572795
1196	2576262
1197	2578891
1198	2579411
1199	2581388
1200	2581389
1201	2581952
1202	2582033
1203	2584625
1204	2584626
1205	2591952
1206	2592167
1207	2593465
1208	2594689
1209	2597645
1210	2600442
1211	2600745
1212	2601912
1213	2603005
1214	2606548
1215	2611075
1216	2614287
1217	2614289
1218	2616383
1219	2617909
1220	2619520
1221	2620113
1222	2620434
1223	2623208
1224	2625823
1225	2629195
1226	2633425
1227	2635998
1228	2636552
1229	2637270
1230	2640316
1231	2641485
1232	2645101
1233	2645457
1234	2646235
1235	2647292
1236	2647310
1237	2647322
1238	2647709
1239	2650407
1240	2652364
1241	2655356
1242	2655647
1243	2658897
1244	2659223
1245	2661951
1246	2662437
1247	2662851
1248	2663794
1249	2664247
1250	2664510
1251	2664589
1252	2670837
1253	2672783
1254	2673121
1255	2674086
1256	2674093
1257	2674206
1258	2677011
1259	2677623
1260	2681544
1261	2686888
1262	2689741
1263	2691929
1264	2692255
1265	2695066
1266	2697037
1267	2699710
1268	2701956
1269	2705842
1270	2707090
1271	2711132
1272	2715938
1273	2718140
1274	2718284
1275	2718977
1276	2723464
1277	2724034
1278	2725108
1279	2728428
1280	2731519
1281	2731682
1282	2732552
1283	2734794
1284	2737762
1285	2738476
1286	2739260
1287	2739893
1288	2740507
1289	2742797
1290	2743258
1291	2743299
1292	2745782
1293	2746559
1294	2747073
1295	2747593
1296	2747917
1297	2750986
1298	2755332
1299	2755371
1300	2756239
1301	2759105
1302	2760710
1303	2763048
1304	2772609
1305	2773661
1306	2775335
1307	2777255
1308	2778001
1309	2779787
1310	2781597
1311	2781704
1312	2783937
1313	2784584
1314	2784928
1315	2785040
1316	2786238
1317	2789934
1318	2791351
1319	2795223
1320	2796006
1321	2800383
1322	2801267
1323	2801660
1324	2803020
1325	2803034
1326	2805649
1327	2806395
1328	2807869
1329	2812329
1330	2813601
1331	2813828
1332	2815231
1333	2815551
1334	2821473
1335	2823593
1336	2827147
1337	2827425
1338	2828674
1339	2829719
1340	2833202
1341	2834887
1342	2838559
1343	2843729
1344	2844123
1345	2846890
1346	2850221
1347	2854610
1348	2854649
1349	2856040
1350	2856643
1351	2859153
1352	2859412
1353	2860984
1354	2869810
1355	2870229
1356	2871261
1357	2875128
1358	2879214
1359	2879223
1360	2881563
1361	2883671
1362	2884149
1363	2890370
1364	2890748
1365	2890869
1366	2891925
1367	2892099
1368	2892187
1369	2893469
1370	2894339
1371	2894484
1372	2894741
1373	2895341
1374	2897515
1375	2899428
1376	2901862
1377	2905466
1378	2916419
1379	2917062
1380	2917485
1381	2917708
1382	2920934
1383	2921416
1384	2921542
1385	2921588
1386	2925036
1387	2925407
1388	2927658
1389	2928011
1390	2929642
1391	2932777
1392	2933790
1393	2934409
1394	2937821
1395	2938743
1396	2939084
1397	2939122
1398	2940890
1399	2942760
1400	2943070
1401	2943214
1402	2948112
1403	2948748
1404	2953529
1405	2967879
1406	2970570
1407	2971394
1408	2976558
1409	2977234
1410	2977809
1411	2980661
1412	2981595
1413	2986373
1414	2987238
1415	2991511
1416	2992115
1417	2993583
1418	2994442
1419	2994772
1420	2995142
1421	2998399
1422	3002933
1423	3003329
1424	3004574
1425	3005113
1426	3006610
1427	3006621
1428	3010213
1429	3013519
1430	3013630
1431	3015712
1432	3015751
1433	3017662
1434	3018456
1435	3023051
1436	3023708
1437	3024381
1438	3025310
1439	3029122
1440	3035134
1441	3035136
1442	3035188
1443	3035190
1444	3038742
1445	3039097
1446	3041857
1447	3044314
1448	3045767
1449	3046550
1450	3048766
1451	3049348
1452	3049794
1453	3052911
1454	3054188
1455	3055429
1456	3057950
1457	3059739
1458	3061760
1459	3062292
1460	3063324
1461	3067480
1462	3069832
1463	3071301
1464	3072765
1465	3075756
1466	3078409
1467	3079068
1468	3079159
1469	3084004
1470	3084188
1471	3090789
1472	3091041
1473	3091273
1474	3094075
1475	3094880
1476	3095801
1477	3096990
1478	3101611
1479	3102044
1480	3102852
1481	3107036
1482	3107674
1483	3107951
1484	3109823
1485	3111096
1486	3113042
1487	3113514
1488	3114331
1489	3115186
1490	3117074
1491	3117219
1492	3120146
1493	3120474
1494	3120511
1495	3121740
1496	3122008
1497	3124337
1498	3124962
1499	3125105
1500	3125758
1501	3127770
1502	3127965
1503	3136498
1504	3136740
1505	3140523
1506	3143081
1507	3143526
1508	3143972
1509	3146923
1510	3149455
1511	3154755
1512	3156997
1513	3160522
1514	3167100
1515	3170944
1516	3174819
1517	3177408
1518	3182329
1519	3189139
1520	3189733
1521	3191138
1522	3195276
1523	3198274
1524	3199885
1525	3203882
1526	3204668
1527	3208177
1528	3208570
1529	3209810
1530	3212526
1531	3212579
1532	3212628
1533	3216697
1534	3217069
1535	3218154
1536	3218344
1537	3220115
1538	3221622
1539	3222689
1540	3223985
1541	3225188
1542	3228321
1543	3234011
1544	3234323
1545	3238785
1546	3240709
1547	3248123
1548	3248678
1549	3250100
1550	3254335
1551	3254576
1552	3261127
1553	3261587
1554	3262440
1555	3264317
1556	3264616
1557	3266686
1558	3268272
1559	3268360
1560	3269891
1561	3270126
1562	3272457
1563	3272782
1564	3273971
1565	3278154
1566	3280898
1567	3282655
1568	3284299
1569	3284300
1570	3286727
1571	3287696
1572	3288220
1573	3291331
1574	3293177
1575	3296491
1576	3297263
1577	3298395
1578	3300501
1579	3300668
1580	3301812
1581	3303637
1582	3305886
1583	3306611
1584	3337278
1585	3340594
1586	3340742
1587	3344572
1588	3346711
1589	3346980
1590	3347292
1591	3351288
1592	3353443
1593	3355054
1594	3355746
1595	3359326
1596	3363241
1597	3364465
1598	3366313
1599	3366814
1600	3371109
1601	3374253
1602	3374416
1603	3374560
1604	3374887
1605	3375396
1606	3376138
1607	3377786
1608	3383847
1609	3387181
1610	3387182
1611	3387340
1612	3388565
1613	3389236
1614	3389240
1615	3390620
1616	3392644
1617	3392669
1618	3392717
1619	3396386
1620	3396961
1621	3400365
1622	3401448
1623	3404556
1624	3406544
1625	3406722
1626	3407884
1627	3410473
1628	3412234
1629	3414476
1630	3415294
1631	3415326
1632	3416676
1633	3417065
1634	3418017
1635	3420551
1636	3424721
1637	3433352
1638	3435371
1639	3436291
1640	3436485
1641	3438155
1642	3440813
1643	3441835
1644	3447245
1645	3448273
1646	3450406
1647	3458032
1648	3458526
1649	3460371
1650	3461564
1651	3461760
1652	3464450
1653	3464978
1654	3468345
1655	3470902
1656	3475474
1657	3478668
1658	3478847
1659	3480901
1660	3481597
1661	3482336
1662	3482880
1663	3482905
1664	3486586
1665	3487079
1666	3487656
1667	3488480
1668	3489119
1669	3491206
1670	3495123
1671	3498844
1672	3499021
1673	3500332
1674	3500404
1675	3501257
1676	3501569
1677	3502942
1678	3505662
1679	3511872
1680	3513802
1681	3514950
1682	3515559
1683	3516452
1684	3519054
1685	3520869
1686	3521596
1687	3526080
1688	3526609
1689	3527644
1690	3532224
1691	3533286
1692	3533304
1693	3534248
1694	3534753
1695	3536405
1696	3536697
1697	3537236
1698	3538055
1699	3538555
1700	3541008
1701	3541860
1702	3548810
1703	3549169
1704	3554191
1705	3555307
1706	3555803
1707	3555895
1708	3557057
1709	3557799
1710	3558598
1711	3560329
1712	3567699
1713	3569584
1714	3569758
1715	3572181
1716	3573306
1717	3574325
1718	3576478
1719	3577820
1720	3580243
1721	3581375
1722	3591986
1723	3594666
1724	3595381
1725	3595847
1726	3597099
1727	3601330
1728	3604313
1729	3607032
1730	3609850
1731	3614199
1732	3614337
1733	3615599
1734	3620666
1735	3624854
1736	3627844
1737	3629070
1738	3630733
1739	3633053
1740	3633261
1741	3635533
1742	3638919
1743	3639584
1744	3645301
1745	3647455
1746	3648458
1747	3648787
1748	3649213
1749	3649524
1750	3650517
1751	3651882
1752	3652200
1753	3654560
1754	3655242
1755	3655302
1756	3658069
1757	3664092
1758	3665908
1759	3667767
1760	3678628
1761	3679011
1762	3681291
1763	3682022
1764	3687860
1765	3690932
1766	3692438
1767	3693267
1768	3693878
1769	3695031
1770	3699276
1771	3699339
1772	3699674
1773	3703487
1774	3706383
1775	3707704
1776	3709926
1777	3709978
1778	3713983
1779	3714722
1780	3716988
1781	3717175
1782	3719267
1783	3720325
1784	3720638
1785	3725174
1786	3725899
1787	3728811
1788	3729777
1789	3729979
1790	3730592
1791	3730617
1792	3731211
1793	3733322
1794	3736574
1795	3740014
1796	3740890
1797	3747283
1798	3749219
1799	3749672
1800	3751326
1801	3753492
1802	3754030
1803	3756180
1804	3756300
1805	3758729
1806	3759117
1807	3765236
1808	3767628
1809	3767862
1810	3767993
1811	3770324
1812	3772109
1813	3774784
1814	3777511
1815	3780234
1816	3783347
1817	3784131
1818	3785077
1819	3791480
1820	3791583
1821	3792149
1822	3792360
1823	3793491
1824	3793789
1825	3793834
1826	3795833
1827	3798962
1828	3802354
1829	3803185
1830	3803728
1831	3809455
1832	3810754
1833	3811594
1834	3814153
1835	3815608
1836	3815787
1837	3818771
1838	3820103
1839	3822587
1840	3824562
1841	3824857
1842	3826091
1843	3826313
1844	3826553
1845	3826729
1846	3828931
1847	3829257
1848	3831145
1849	3832284
1850	3832924
1851	3837952
1852	3838631
1853	3840117
1854	3840235
1855	3843253
1856	3845116
1857	3848097
1858	3848669
1859	3849666
1860	3852168
1861	3852590
1862	3854805
1863	3855924
1864	3855977
1865	3856298
1866	3856722
1867	3857501
1868	3858748
1869	3861483
1870	3861776
1871	3863099
1872	3863465
1873	3867185
1874	3868305
1875	3868416
1876	3868724
1877	3870388
1878	3872851
1879	3874826
1880	3877492
1881	3877677
1882	3880983
1883	3883516
1884	3884041
1885	3884526
1886	3884620
1887	3884783
1888	3887312
1889	3887939
1890	3888544
1891	3894505
1892	3894582
1893	3894681
1894	3895683
1895	3896703
1896	3898450
1897	3902610
1898	3906068
1899	3913679
1900	3913712
1901	3916594
1902	3921048
1903	3927587
1904	3928470
1905	3929660
1906	3931067
1907	3931068
1908	3932020
1909	3932328
1910	3933880
1911	3933937
1912	3934307
1913	3934612
1914	3935577
1915	3937581
1916	3938840
1917	3939411
1918	3942800
1919	3947309
1920	3948767
1921	3949162
1922	3951816
1923	3956362
1924	3956768
1925	3956789
1926	3960051
1927	3961008
1928	3968543
1929	3970646
1930	3973906
1931	3979257
1932	3979576
1933	3981571
1934	3983515
1935	3983991
1936	3986989
1937	3989520
1938	3990345
1939	3993424
1940	3994622
1941	3994879
1942	3995550
1943	3995999
1944	3998180
1945	3999360
1946	3999480
1947	3999648
1948	3999864
1949	4003211
1950	4007351
1951	4012479
1952	4016743
1953	4017577
1954	4018604
1955	4022439
1956	4024837
1957	4025216
1958	4026822
1959	4026909
1960	4031194
1961	4033946
1962	4038072
1963	4043849
1964	4048280
1965	4048716
1966	4050887
1967	4051953
1968	4052684
1969	4053910
1970	4055151
1971	4064719
1972	4069843
1973	4069939
1974	4070345
1975	4071491
1976	4072106
1977	4073578
1978	4074406
1979	4077010
1980	4077265
1981	4077736
1982	4077916
1983	4079401
1984	4079997
1985	4080182
1986	4081572
1987	4083196
1988	4088585
1989	4090520
1990	4090833
1991	4092451
1992	4093338
1993	4097208
1994	4103549
1995	4104281
1996	4104587
1997	4108781
1998	4113177
1999	4114138
2000	4116717
2001	4120562
2002	4123063
2003	4124051
2004	4126004
2005	4126519
2006	4126577
2007	4127241
2008	4128535
2009	4131073
2010	4135271
2011	4135498
2012	4139160
2013	4140065
2014	4143661
2015	4147347
2016	4157168
2017	4158013
2018	4160523
2019	4161475
2020	4162571
2021	4164133
2022	4164643
2023	4166898
2024	4172258
2025	4179646
2026	4181966
2027	4184726
2028	4189627
2029	4192186
2030	4192245
2031	4194176
2032	4196172
2033	4203628
2034	4207817
2035	4209483
2036	4210226
2037	4213417
2038	4215058
2039	4215430
2040	4219862
2041	4221847
2042	4221849
2043	4225288
2044	4226910
2045	4228819
2046	4229187
2047	4229743
2048	4232025
2049	4232622
2050	4232792
2051	4235335
2052	4238578
2053	4240283
2054	4240756
2055	4243730
2056	4243819
2057	4246123
2058	4246710
2059	4251079
2060	4251883
2061	4253801
2062	4253811
2063	4262994
2064	4264745
2065	4266726
2066	4267805
2067	4270182
2068	4271575
2069	4273046
2070	4275305
2071	4275652
2072	4276793
2073	4277852
2074	4278859
2075	4281012
2076	4281298
2077	4283064
2078	4284150
2079	4284156
2080	4284394
2081	4284401
2082	4285140
2083	4285148
2084	4285757
2085	4286249
2086	4286357
2087	4286390
2088	4286570
2089	4286851
2090	4286997
2091	4289060
2092	4296616
2093	4296841
2094	4299053
2095	4299757
2096	4302498
2097	4303204
2098	4308804
2099	4310546
2100	4311067
2101	4311464
2102	4312234
2103	4312274
2104	4313084
2105	4314113
2106	4314616
2107	4317484
2108	4318200
2109	4323075
2110	4325276
2111	4325981
2112	4326308
2113	4328750
2114	4332331
2115	4333720
2116	4335062
2117	4335579
2118	4337743
2119	4342438
2120	4342582
2121	4344993
2122	4346430
2123	4348971
2124	4349268
2125	4351840
2126	4355632
2127	4356236
2128	4356257
2129	4357479
2130	4367042
2131	4369469
2132	4374532
2133	4374899
2134	4374917
2135	4374938
2136	4380244
2137	4381451
2138	4382210
2139	4383565
2140	4386742
2141	4391332
2142	4393776
2143	4397123
2144	4402205
2145	4405185
2146	4406165
2147	4408872
2148	4410321
2149	4416513
2150	4419467
2151	4429014
2152	4429443
2153	4435837
2154	4436758
2155	4438614
2156	4440026
2157	4440334
2158	4441730
2159	4442277
2160	4448184
2161	4448741
2162	4450565
2163	4452304
2164	4452984
2165	4453462
2166	4454031
2167	4454227
2168	4454377
2169	4454410
2170	4457300
2171	4457806
2172	4463572
2173	4464698
2174	4469526
2175	4470029
2176	4470343
2177	4471551
2178	4471824
2179	4473883
2180	4473897
2181	4474415
2182	4474752
2183	4475762
2184	4479044
2185	4480105
2186	4480982
2187	4481996
2188	4482182
2189	4483150
2190	4483152
2191	4483153
2192	4483157
2193	4485342
2194	4491913
2195	4492872
2196	4493991
2197	4495847
2198	4496868
2199	4502912
2200	4504432
2201	4504623
2202	4508537
2203	4512762
2204	4512851
2205	4521999
2206	4522705
2207	4528900
2208	4529782
2209	4530122
2210	4530304
2211	4534218
2212	4537110
2213	4537480
2214	4537945
2215	4539589
2216	4541638
2217	4541758
2218	4541761
2219	4541785
2220	4541971
2221	4545139
2222	4546183
2223	4548667
2224	4550118
2225	4552891
2226	4553073
2227	4553422
2228	4553516
2229	4553642
2230	4553829
2231	4557228
2232	4557615
2233	4559171
2234	4559213
2235	4562018
2236	4562402
2237	4563505
2238	4563546
2239	4563617
2240	4564510
2241	4567499
2242	4573266
2243	4576637
2244	4578299
2245	4579404
2246	4580379
2247	4580759
2248	4581883
2249	4582016
2250	4582142
2251	4582627
2252	4582813
2253	4583185
2254	4583322
2255	4583363
2256	4583419
2257	4583437
2258	4585675
2259	4585927
2260	4586302
2261	4586542
2262	4586845
2263	4587554
2264	4587886
2265	4588205
2266	4588665
2267	4589063
2268	4590669
2269	4591507
2270	4591979
2271	4593252
2272	4594126
2273	4597270
2274	4600096
2275	4600514
2276	4601716
2277	4603612
2278	4603996
2279	4605443
2280	4608694
2281	4611889
2282	4612585
2283	4614300
2284	4619432
2285	4620631
2286	4620865
2287	4621560
2288	4623364
2289	4626605
2290	4626668
2291	4628032
2292	4633797
2293	4636352
2294	4636436
2295	4641610
2296	4645458
2297	4646264
2298	4648810
2299	4649931
2300	4652347
2301	4653527
2302	4654224
2303	4658787
2304	4660688
2305	4661461
2306	4661946
2307	4664590
2308	4671695
2309	4671891
2310	4672596
2311	4675505
2312	4677800
2313	4683128
2314	4686040
2315	4691429
2316	4691795
2317	4693917
2318	4694294
2319	4694438
2320	4694969
2321	4694991
2322	4698012
2323	4698722
2324	4704708
2325	4706547
2326	4707335
2327	4708031
2328	4708575
2329	4708637
2330	4709501
2331	4710523
2332	4712608
2333	4713316
2334	4719155
2335	4722219
2336	4723446
2337	4723785
2338	4724021
2339	4732525
2340	4733700
2341	4733950
2342	4734096
2343	4735859
2344	4749615
2345	4751264
2346	4752133
2347	4753991
2348	4761329
2349	4763125
2350	4763441
2351	4763519
2352	4763793
2353	4768047
2354	4768386
2355	4776074
2356	4777910
2357	4778038
2358	4778178
2359	4780997
2360	4782909
2361	4783910
2362	4784909
2363	4786985
2364	4787007
2365	4787412
2366	4788581
2367	4788716
2368	4792086
2369	4792612
2370	4794450
2371	4795098
2372	4796458
2373	4806910
2374	4807692
2375	4808996
2376	4811075
2377	4812181
2378	4812398
2379	4814628
2380	4814629
2381	4817439
2382	4817727
2383	4818657
2384	4818741
2385	4820740
2386	4820983
2387	4824646
2388	4829068
2389	4836305
2390	4837660
2391	4838383
2392	4840581
2393	4841130
2394	4842406
2395	4846449
2396	4850736
2397	4856085
2398	4858625
2399	4859266
2400	4863975
2401	4865002
2402	4867242
2403	4869575
2404	4870872
2405	4873095
2406	4874175
2407	4880036
2408	4882090
2409	4884518
2410	4885417
2411	4889086
2412	4891041
2413	4891631
2414	4891633
2415	4891979
2416	4900852
2417	4904260
2418	4904537
2419	4907213
2420	4908563
2421	4915330
2422	4917058
2423	4919033
2424	4922720
2425	4925428
2426	4928888
2427	4928932
2428	4936882
2429	4937569
2430	4940750
2431	4941511
2432	4941817
2433	4941851
2434	4941862
2435	4941923
2436	4942052
2437	4942066
2438	4945033
2439	4949988
2440	4952178
2441	4954096
2442	4955015
2443	4958937
2444	4962246
2445	4963139
2446	4966561
2447	4968546
2448	4972116
2449	4974578
2450	4975022
2451	4976830
2452	4976885
2453	4977215
2454	4977270
2455	4979494
2456	4981785
2457	4981925
2458	4986591
2459	4987806
2460	4988630
2461	4990472
2462	4990840
2463	4993535
2464	4994563
2465	4995370
2466	5002277
2467	5004466
2468	5022712
2469	5023389
2470	5023431
2471	5023478
2472	5023543
2473	5024097
2474	5024225
2475	5025019
2476	5027195
2477	5027300
2478	5027985
