1	49
2	200
3	1632
4	1634
5	2618
6	2620
7	2631
8	2632
9	3482
10	4091
11	4286
12	5022
13	5121
14	5400
15	5549
16	5957
17	6025
18	6051
19	6259
20	6310
21	6451
22	6463
23	6472
24	6477
25	6659
26	7649
27	8516
28	8559
29	8870
30	8912
31	8922
32	10095
33	10119
34	10121
35	11217
36	11523
37	12502
38	12813
39	14153
40	17044
41	17306
42	19006
43	19668
44	20658
45	21319
46	21566
47	22135
48	23038
49	23417
50	23853
51	23903
52	24024
53	24027
54	24085
55	24457
56	25448
57	26082
58	26479
59	26948
60	27215
61	27806
62	28268
63	29414
64	29415
65	29818
66	30199
67	31234
68	31792
69	32297
70	32801
71	33128
72	33993
73	34479
74	35108
75	35848
76	35897
77	36430
78	36999
79	37571
80	38962
81	39002
82	39061
83	40052
84	40100
85	42554
86	42787
87	42915
88	43000
89	43006
90	43341
91	45312
92	45932
93	46282
94	46784
95	46945
96	47260
97	47774
98	49201
99	50184
100	50309
101	51609
102	54448
103	55056
104	55276
105	56105
106	56449
107	57466
108	57616
109	58021
110	58526
111	58917
112	60575
113	60986
114	61184
115	61706
116	62213
117	62699
118	62960
119	63474
120	63779
121	63795
122	64231
123	64236
124	64241
125	64259
126	64275
127	64465
128	64469
129	64655
130	64895
131	65245
132	65363
133	65547
134	66086
135	66418
136	66504
137	66650
138	66695
139	66781
140	66838
141	66901
142	66954
143	67046
144	67107
145	69350
146	69352
147	69438
148	70199
149	70201
150	71000
151	71495
152	71636
153	71688
154	72895
155	74009
156	75598
157	75706
158	75925
159	77031
160	77287
161	77519
162	77552
163	77869
164	77975
165	78169
166	78187
167	78560
168	78562
169	80228
170	82188
171	82352
172	83110
173	84868
174	85408
175	85423
176	85472
177	85482
178	85485
179	85549
180	88876
181	89677
182	89678
183	89786
184	89791
185	89816
186	90082
187	90083
188	90086
189	90216
190	90227
191	90578
192	90581
193	90643
194	90687
195	90917
196	90947
197	90995
198	91055
199	91058
200	91062
201	91064
202	91285
203	91411
204	91415
205	91433
206	91434
207	91507
208	91585
209	91789
210	91791
211	91801
212	91834
213	91867
214	92056
215	92057
216	92116
217	92681
218	93253
219	93291
220	94298
221	94621
222	94679
223	95180
224	95746
225	95860
226	96243
227	96286
228	96993
229	97297
230	97856
231	97964
232	99108
233	99302
234	101384
235	102419
236	102509
237	102726
238	103053
239	103190
240	103700
241	103750
242	103763
243	104812
244	105882
245	106118
246	106701
247	106787
248	107080
249	107191
250	107269
251	107641
252	107739
253	109755
254	109785
255	109938
256	111241
257	111380
258	111463
259	111765
260	112180
261	113227
262	113562
263	114384
264	114527
265	115182
266	116924
267	116954
268	116960
269	117331
270	117591
271	118621
272	118726
273	118992
274	119963
275	120641
276	120677
277	120893
278	121106
279	121231
280	121268
281	121291
282	121631
283	122268
284	122586
285	122702
286	122876
287	124370
288	124859
289	124941
290	124962
291	125408
292	125581
293	125583
294	125648
295	126262
296	127747
297	127969
298	128126
299	128305
300	128507
301	128841
302	131681
303	131793
304	132971
305	134683
306	135401
307	136278
308	136487
309	137461
310	137797
311	138304
312	140458
313	141516
314	141656
315	141820
316	142601
317	143185
318	143187
319	145622
320	146157
321	147144
322	147903
323	147933
324	149239
325	149461
326	150618
327	151086
328	151109
329	151110
330	151648
331	152008
332	152053
333	152494
334	152781
335	153179
336	153770
337	153844
338	153891
339	154309
340	154516
341	154630
342	155631
343	155754
344	156099
345	156575
346	156598
347	157120
348	158290
349	160002
350	160028
351	160289
352	161822
353	162615
354	163519
355	164851
356	165280
357	165888
358	166007
359	168836
360	169256
361	169500
362	169936
363	170181
364	170214
365	171025
366	171355
367	172159
368	172823
369	173545
370	173780
371	175493
372	178507
373	179533
374	180183
375	180974
376	181102
377	181537
378	181954
379	182551
380	182726
381	184227
382	185572
383	185811
384	186382
385	188139
386	188197
387	188528
388	188771
389	192491
390	192718
391	193025
392	195446
393	195569
394	196194
395	196694
396	197214
397	197376
398	197590
399	197907
400	199336
401	200247
402	200449
403	201044
404	201980
405	203122
406	203575
407	207225
408	208283
409	208286
410	208292
411	208525
412	208526
413	208676
414	208679
415	208685
416	209566
417	209746
418	209803
419	210191
420	210312
421	210445
422	212496
423	212498
424	212501
425	212504
426	212539
427	212540
428	212542
429	212554
430	216080
431	217807
432	217972
433	218050
434	218083
435	218708
436	218868
437	218871
438	218892
439	218906
440	218927
441	220014
442	220249
443	221494
444	221607
445	222216
446	224755
447	225241
448	226622
449	226644
450	226953
451	227439
452	228191
453	228214
454	228865
455	229073
456	230881
457	231219
458	231831
459	232480
460	233763
461	237552
462	237860
463	238280
464	238345
465	238696
466	238803
467	239035
468	239148
469	239198
470	240902
471	240911
472	240920
473	240929
474	240938
475	240947
476	241251
477	241617
478	241934
479	241955
480	241969
481	241990
482	242560
483	242653
484	242905
485	244098
486	247977
487	248900
488	249097
489	250441
490	250959
491	251259
492	252208
493	252418
494	252819
495	253009
496	254299
497	254531
498	254686
499	255197
500	255294
501	256096
502	256398
503	256775
504	256784
505	256806
506	256813
507	256820
508	256907
509	257012
510	257038
511	257163
512	258193
513	258967
514	260490
515	261231
516	261746
517	262188
518	263119
519	263565
520	264253
521	264938
522	265729
523	266674
524	269993
525	271244
526	271319
527	273837
528	274278
529	274473
530	274511
531	275450
532	275468
533	275907
534	277733
535	278507
536	279300
537	280990
538	281903
539	285606
540	287352
541	287371
542	287702
543	288337
544	289428
545	289578
546	290282
547	291211
548	291813
549	292714
550	293506
551	293621
552	294155
553	294758
554	295419
555	295699
556	297301
557	300267
558	300892
559	301196
560	302152
561	302860
562	303045
563	304819
564	305240
565	305248
566	305259
567	305296
568	305329
569	305393
570	305449
571	305452
572	305555
573	305781
574	305901
575	305904
576	305918
577	305968
578	307664
579	308166
580	309203
581	309229
582	309258
583	309259
584	309262
585	309559
586	311597
587	312173
588	312791
589	312939
590	315116
591	318013
592	318154
593	318607
594	319263
595	319280
596	319430
597	319439
598	321312
599	321485
600	322855
601	323226
602	323667
603	324350
604	324535
605	325478
606	325630
607	325653
608	326402
609	328104
610	328340
611	328358
612	328928
613	331960
614	332980
615	333022
616	333044
617	333098
618	333109
619	333825
620	333885
621	333890
622	333908
623	334193
624	335438
625	335704
626	335769
627	336046
628	336384
629	337479
630	337513
631	337570
632	338737
633	339110
634	339564
635	339986
636	340265
637	340578
638	342250
639	342925
640	344270
641	344345
642	344950
643	345475
644	345550
645	345588
646	346454
647	346816
648	346849
649	346896
650	346912
651	346926
652	347377
653	347876
654	349090
655	351501
656	353461
657	354111
658	354231
659	355322
660	355397
661	355505
662	355853
663	356918
664	357769
665	358523
666	365152
667	365527
668	366433
669	366464
670	367938
671	368476
672	368569
673	369009
674	370887
675	372464
676	373632
677	374281
678	374719
679	375061
680	377309
681	378158
682	378465
683	378878
684	379277
685	379315
686	379896
687	379944
688	379979
689	380039
690	380273
691	380552
692	382843
693	383299
694	383327
695	384208
696	385108
697	386454
698	386460
699	386924
700	390084
701	390931
702	391354
703	392101
704	392389
705	392584
706	393202
707	393603
708	395138
709	395264
710	397232
711	397587
712	398072
713	398521
714	398530
715	398596
716	398611
717	398656
718	398686
719	398710
720	398746
721	398761
722	398785
723	398786
724	398860
725	398863
726	399363
727	399421
728	399445
729	399475
730	399550
731	400844
732	401199
733	402657
734	404035
735	404066
736	404140
737	405896
738	406882
739	407820
740	408013
741	408918
742	409365
743	409385
744	411279
745	411296
746	411342
747	411612
748	412086
749	413462
750	413665
751	414535
752	415279
753	415851
754	416247
755	417263
756	417850
757	418570
758	418878
759	420795
760	421906
761	421912
762	421915
763	422577
764	423101
765	423167
766	423389
767	423440
768	423554
769	424716
770	425231
771	425436
772	429077
773	429203
774	431617
775	431638
776	431815
777	432094
778	432102
779	432234
780	432384
781	432841
782	434582
783	434668
784	434845
785	435318
786	436073
787	436286
788	437759
789	437920
790	437959
791	438574
792	440056
793	440361
794	440409
795	440678
796	441728
797	442256
798	442864
799	443490
800	444264
801	445126
802	445398
803	445435
804	445453
805	445791
806	445954
807	446092
808	447792
809	448558
810	450386
811	452721
812	452831
813	453030
814	453050
815	453052
816	453069
817	453070
818	453399
819	453401
820	453402
821	453407
822	453417
823	453670
824	453702
825	453735
826	453765
827	453784
828	453874
829	453950
830	454018
831	454023
832	455264
833	456238
834	456282
835	456958
836	457546
837	460946
838	461814
839	461835
840	463359
841	463960
842	464898
843	467934
844	468075
845	468340
846	468418
847	468426
848	468691
849	468892
850	469050
851	469618
852	470017
853	470515
854	471288
855	472170
856	472314
857	472456
858	472650
859	472694
860	478456
861	479732
862	480250
863	480371
864	481583
865	482180
866	482493
867	483839
868	485522
869	485533
870	487165
871	489434
872	489559
873	490906
874	490934
875	490952
876	491784
877	491785
878	491787
879	491840
880	491934
881	492013
882	492015
883	492089
884	492091
885	492113
886	492115
887	492139
888	492185
889	492187
890	492194
891	492458
892	494317
893	498215
894	498235
895	498307
896	498542
897	498546
898	498548
899	498643
900	499251
901	499513
902	499534
903	499535
904	499543
905	499579
906	500083
907	500931
908	501553
909	503085
910	503506
911	503938
912	506597
913	507383
914	507671
915	508135
916	508202
917	508343
918	510342
919	510536
920	510601
921	511291
922	511329
923	511917
924	511971
925	512544
926	512820
927	513069
928	513618
929	516022
930	516745
931	516747
932	517136
933	517338
934	518810
935	519332
936	519842
937	519881
938	519928
939	519958
940	520814
941	521563
942	521994
943	522765
944	523195
945	523834
946	524706
947	524727
948	524861
949	524898
950	524899
951	524916
952	524918
953	524931
954	525010
955	525126
956	526020
957	526906
958	526965
959	527420
960	528511
961	530143
962	530323
963	530386
964	530591
965	531430
966	531792
967	532575
968	533836
969	534081
970	534248
971	534985
972	536233
973	537230
974	537307
975	537310
976	537331
977	539517
978	540138
979	540406
980	540584
981	542796
982	542890
983	543645
984	544348
985	544488
986	544544
987	544858
988	545145
989	545153
990	545397
991	545544
992	545677
993	545684
994	545701
995	545805
996	547359
997	549748
998	549882
999	549951
1000	549961
1001	550040
1002	550483
1003	550484
1004	550698
1005	551848
1006	552583
1007	552916
1008	552950
1009	555501
1010	555517
1011	555759
1012	555907
1013	557116
1014	558086
1015	559303
1016	559790
1017	560025
1018	561383
1019	561586
1020	561654
1021	561797
1022	562956
1023	563101
1024	563290
1025	564800
1026	564938
1027	566834
1028	566937
1029	569523
1030	569892
1031	569950
1032	570291
1033	571166
1034	571569
1035	571802
1036	572638
1037	572700
1038	574166
1039	575004
1040	575161
1041	575301
1042	576060
1043	576206
1044	577242
1045	577551
1046	577553
1047	577718
1048	577743
1049	577884
1050	577885
1051	577887
1052	577907
1053	577974
1054	578051
1055	578648
1056	578651
1057	578900
1058	578901
1059	578902
1060	578977
1061	578979
1062	579308
1063	579629
1064	584728
1065	584784
1066	588593
1067	588985
1068	589390
1069	589465
1070	589829
1071	590859
1072	590890
1073	591292
1074	592076
1075	592370
1076	593940
1077	595245
1078	595823
1079	596703
1080	597106
1081	598090
1082	598093
1083	598116
1084	598748
1085	602803
1086	603444
1087	603588
1088	604220
1089	604425
1090	604497
1091	604538
1092	604539
1093	604541
1094	604553
1095	604588
1096	604896
1097	605149
1098	605266
1099	605267
1100	606913
1101	607830
1102	608518
1103	608526
1104	608530
1105	608537
1106	608549
1107	609011
1108	609013
1109	609025
1110	610606
1111	612287
1112	612669
1113	614222
1114	616164
1115	616384
1116	618131
1117	618134
1118	618162
1119	618579
1120	621403
1121	621460
1122	622523
1123	622680
1124	622709
1125	624153
1126	624655
1127	625074
1128	625490
1129	626906
1130	627191
1131	629442
1132	638911
1133	639504
1134	639905
1135	640162
1136	640514
1137	640750
1138	641861
1139	644736
1140	645231
1141	645619
1142	646334
1143	646698
1144	648261
1145	648862
1146	649148
1147	649156
1148	649173
1149	649316
1150	650109
1151	650158
1152	650342
1153	650499
1154	650530
1155	650533
1156	650558
1157	650565
1158	650570
1159	650610
1160	650613
1161	650779
1162	650917
1163	650953
1164	651727
1165	652039
1166	652097
1167	652336
1168	652539
1169	652590
1170	652591
1171	652668
1172	652956
1173	653574
1174	653834
1175	657954
1176	658348
1177	659677
1178	660773
1179	661223
1180	661254
1181	663241
1182	663661
1183	664478
1184	664590
1185	666176
1186	666632
1187	667928
1188	668526
1189	668576
1190	669106
1191	669508
1192	670963
1193	673208
1194	673954
1195	674874
1196	675787
1197	675991
1198	676499
1199	676998
1200	676999
1201	677000
1202	677418
1203	677423
1204	677743
1205	678275
1206	679840
1207	681409
1208	683458
1209	684620
1210	685783
1211	686184
1212	686383
1213	686451
1214	686892
1215	687745
1216	688421
1217	688491
1218	688894
1219	688912
1220	688918
1221	689459
1222	689749
1223	691092
1224	692194
1225	692380
1226	692682
1227	694003
1228	694331
1229	694731
1230	695100
1231	695514
1232	696044
1233	696564
1234	696744
1235	696752
1236	697585
1237	698558
1238	698682
1239	698769
1240	698790
1241	698836
1242	699273
1243	701679
1244	702137
1245	702184
1246	702944
1247	703463
1248	703818
1249	704020
1250	704255
1251	704318
1252	704356
1253	704379
1254	704384
1255	704386
1256	705119
1257	705142
1258	705642
1259	707041
1260	707132
1261	707279
1262	707398
1263	707463
1264	707743
1265	708151
1266	709251
1267	711883
1268	712627
1269	712827
1270	713315
1271	713349
1272	713350
1273	713359
1274	713490
1275	713516
1276	713603
1277	713609
1278	713847
1279	713849
1280	714165
1281	714174
1282	714188
1283	714423
1284	714446
1285	714452
1286	714470
1287	714573
1288	714581
1289	715248
1290	715368
1291	715637
1292	715893
1293	716492
1294	716589
1295	717669
1296	719554
1297	719730
1298	719731
1299	719740
1300	719744
1301	719748
1302	719750
1303	719770
1304	719784
1305	719891
1306	719913
1307	721350
1308	721836
1309	722098
1310	722466
1311	722572
1312	723306
1313	724739
1314	725520
1315	725809
1316	725977
1317	726781
1318	726987
1319	727385
1320	727875
1321	729538
1322	731192
1323	732490
1324	733398
1325	734944
1326	736226
1327	737306
1328	737736
1329	737792
1330	737797
1331	737858
1332	737861
1333	737867
1334	737960
1335	738467
1336	738561
1337	739236
1338	739241
1339	739302
1340	739305
1341	739311
1342	741387
1343	741396
1344	741399
1345	741415
1346	741418
1347	741435
1348	741600
1349	741615
1350	741627
1351	741639
1352	741641
1353	741898
1354	742088
1355	742111
1356	742452
1357	743746
1358	743763
1359	743785
1360	744370
1361	745507
1362	745762
1363	747629
1364	748239
1365	748391
1366	748563
1367	748670
1368	748826
1369	749416
1370	749524
1371	749873
1372	749939
1373	749948
1374	749999
1375	750094
1376	750357
1377	750425
1378	751687
1379	753246
1380	756023
1381	756779
1382	757305
1383	757509
1384	757518
1385	758079
1386	759016
1387	759694
1388	761180
1389	762180
1390	762728
1391	763663
1392	764334
1393	764886
1394	764888
1395	765115
1396	765904
1397	766016
1398	766675
1399	767302
1400	769442
1401	771254
1402	771575
1403	776314
1404	776437
1405	776637
1406	777169
1407	778523
1408	778622
1409	779320
1410	779907
1411	780390
1412	780450
1413	780653
1414	781001
1415	781611
1416	781790
1417	781810
1418	781996
1419	782807
1420	783915
1421	784861
1422	785661
1423	786168
1424	786765
1425	786890
1426	789864
1427	791810
1428	792269
1429	792336
1430	792534
1431	795278
1432	796309
1433	796759
1434	797553
1435	797842
1436	798655
1437	801035
1438	803631
1439	803819
1440	803995
1441	804555
1442	804984
1443	805429
1444	805431
1445	805434
1446	805487
1447	805557
1448	806350
1449	806354
1450	808013
1451	808676
1452	809439
1453	809441
1454	809444
1455	809456
1456	809457
1457	809459
1458	809462
1459	809465
1460	809466
1461	809471
1462	809581
1463	811225
1464	811899
1465	812327
1466	812330
1467	812456
1468	812468
1469	812471
1470	812472
1471	812498
1472	812501
1473	812507
1474	812516
1475	812518
1476	812784
1477	812963
1478	814140
1479	815003
1480	815471
1481	815796
1482	816082
1483	817198
1484	818064
1485	820682
1486	820741
1487	820916
1488	820919
1489	821013
1490	823146
1491	824548
1492	824661
1493	824703
1494	824731
1495	824785
1496	825995
1497	826658
1498	828060
1499	828268
1500	828455
1501	828549
1502	828551
1503	828628
1504	828654
1505	828783
1506	828785
1507	828786
1508	829275
1509	829357
1510	829426
1511	829882
1512	829906
1513	829907
1514	829925
1515	830044
1516	830609
1517	831286
1518	831818
1519	833309
1520	833400
1521	834564
1522	835222
1523	836396
1524	836786
1525	836791
1526	872493
1527	873421
1528	874097
1529	874873
1530	874949
1531	874951
1532	875183
1533	875259
1534	875338
1535	875365
1536	876155
1537	876540
1538	876567
1539	876642
1540	876828
1541	876914
1542	877265
1543	877551
1544	877558
1545	877565
1546	877570
1547	877591
1548	877607
1549	877609
1550	878215
1551	878225
1552	878229
1553	878445
1554	879019
1555	879376
1556	880826
1557	880985
1558	882507
1559	882545
1560	882581
1561	882687
1562	882857
1563	882993
1564	883295
1565	883446
1566	883912
1567	884258
1568	885315
1569	885818
1570	886913
1571	886920
1572	887037
1573	887068
1574	890080
1575	890302
1576	892388
1577	892952
1578	893774
1579	894727
1580	895047
1581	895235
1582	895675
1583	896109
1584	896171
1585	897203
1586	897318
1587	897858
1588	898955
1589	901070
1590	901174
1591	902415
1592	902699
1593	904010
1594	904158
1595	904984
1596	905014
1597	906346
1598	906509
1599	906525
1600	906612
1601	906793
1602	906824
1603	906962
1604	907132
1605	908738
1606	909250
1607	909251
1608	909260
1609	909380
1610	909483
1611	909485
1612	909621
1613	910277
1614	910868
1615	912561
1616	915042
1617	915298
1618	915515
1619	916610
1620	917198
1621	917237
1622	917687
1623	920173
1624	920837
1625	921270
1626	921476
1627	921601
1628	921906
1629	923248
1630	923532
1631	923584
1632	923738
1633	923989
1634	924718
1635	924854
1636	925752
1637	927827
1638	928948
1639	931274
1640	931308
1641	931310
1642	931525
1643	931660
1644	931927
1645	932002
1646	932095
1647	934910
1648	935036
1649	935341
1650	936802
1651	937876
1652	938302
1653	938826
1654	939167
1655	939366
1656	939549
1657	940028
1658	941280
1659	941297
1660	941460
1661	942969
1662	944749
1663	945851
1664	945879
1665	948186
1666	948277
1667	949283
1668	949472
1669	949674
1670	950729
1671	951971
1672	952004
1673	952054
1674	952102
1675	952104
1676	952114
1677	952117
1678	952635
1679	953138
1680	953178
1681	956791
1682	957205
1683	957488
1684	959310
1685	959544
1686	959567
1687	959947
1688	960079
1689	960108
1690	960157
1691	960160
1692	960163
1693	960172
1694	960230
1695	960345
1696	960453
1697	960676
1698	961073
1699	961176
1700	961337
1701	961489
1702	961767
1703	961772
1704	962266
1705	962466
1706	962475
1707	962476
1708	962477
1709	962480
1710	962482
1711	962519
1712	963371
1713	965391
1714	966074
1715	966109
1716	966325
1717	966528
1718	967044
1719	967969
1720	969007
1721	969636
1722	970018
1723	970120
1724	971609
1725	974584
1726	974633
1727	974917
1728	975004
1729	975215
1730	975299
1731	976793
1732	977010
1733	980000
1734	980044
1735	980045
1736	980225
1737	980272
1738	980332
1739	980333
1740	981354
1741	981572
1742	981989
1743	983317
1744	984279
1745	985229
1746	986718
1747	987604
1748	988901
1749	990726
1750	995217
1751	995365
1752	998094
1753	998437
1754	998665
1755	999368
1756	999581
1757	999947
1758	999959
1759	1000214
1760	1001558
1761	1001584
1762	1001900
1763	1001903
1764	1001998
1765	1002304
1766	1002309
1767	1002315
1768	1002351
1769	1002368
1770	1002377
1771	1002809
1772	1002884
1773	1003502
1774	1003582
1775	1003714
1776	1003716
1777	1003735
1778	1004105
1779	1004244
1780	1004349
1781	1004461
1782	1004712
1783	1004760
1784	1005130
1785	1005626
1786	1005627
1787	1005632
1788	1005633
1789	1005642
1790	1005649
1791	1005734
1792	1005824
1793	1006510
1794	1006548
1795	1006966
1796	1008431
1797	1008735
1798	1008977
1799	1011007
1800	1011245
1801	1012388
1802	1012898
1803	1013000
1804	1013274
1805	1014833
1806	1014858
1807	1014860
1808	1014863
1809	1014870
1810	1015232
1811	1015469
1812	1015747
1813	1015778
1814	1015786
1815	1015795
1816	1015907
1817	1015913
1818	1015951
1819	1015954
1820	1016021
1821	1016068
1822	1016185
1823	1016189
1824	1016194
1825	1016345
1826	1016384
1827	1016444
1828	1016447
1829	1016586
1830	1016666
1831	1016708
1832	1016715
1833	1016716
1834	1016974
1835	1017405
1836	1017408
1837	1017438
1838	1018484
1839	1018925
1840	1018975
1841	1019410
1842	1021844
1843	1023385
1844	1023916
1845	1024777
1846	1024790
1847	1025245
1848	1025684
1849	1025706
1850	1026286
1851	1026987
1852	1027104
1853	1029610
1854	1031083
1855	1032729
1856	1034032
1857	1034959
1858	1036676
1859	1036687
1860	1037814
1861	1038157
1862	1040569
1863	1040743
1864	1040766
1865	1040980
1866	1041809
1867	1043781
1868	1044298
1869	1044601
1870	1045089
1871	1045551
1872	1048939
1873	1049850
1874	1050489
1875	1051839
1876	1052911
1877	1053405
1878	1054008
1879	1056074
1880	1057035
1881	1059948
1882	1061010
1883	1061853
1884	1063100
1885	1064107
1886	1065855
1887	1066106
1888	1066728
1889	1066848
1890	1067306
1891	1067408
1892	1067500
1893	1067831
1894	1067949
1895	1068467
1896	1069280
1897	1070842
1898	1070866
1899	1071411
1900	1071444
1901	1071793
1902	1071794
1903	1072751
1904	1072782
1905	1073105
1906	1074517
1907	1074540
1908	1074606
1909	1074669
1910	1074680
1911	1074829
1912	1074842
1913	1074864
1914	1074949
1915	1075647
1916	1077262
1917	1077660
1918	1077785
1919	1078025
1920	1078026
1921	1078504
1922	1079166
1923	1079467
1924	1082386
1925	1082749
1926	1082933
1927	1083048
1928	1083132
1929	1083612
1930	1083640
1931	1083642
1932	1083982
1933	1083987
1934	1084017
1935	1084030
1936	1084162
1937	1084194
1938	1085035
1939	1086111
1940	1086397
1941	1086420
1942	1086423
1943	1086553
1944	1088291
1945	1088680
1946	1089607
1947	1090369
1948	1090745
1949	1090891
1950	1091627
1951	1091789
1952	1091963
1953	1092260
1954	1092972
1955	1093212
1956	1093279
1957	1093419
1958	1093704
1959	1094146
1960	1094203
1961	1094462
1962	1094526
1963	1094783
1964	1094963
1965	1096645
1966	1096724
1967	1097476
1968	1098237
1969	1098346
1970	1098503
1971	1098734
1972	1098836
1973	1099096
1974	1099424
1975	1099570
1976	1100384
1977	1101086
1978	1103017
1979	1103364
1980	1103726
1981	1104610
1982	1104847
1983	1104886
1984	1104896
1985	1105533
1986	1105622
1987	1105686
1988	1106797
1989	1106907
1990	1107286
1991	1107881
1992	1108091
1993	1108096
1994	1108119
1995	1108120
1996	1108127
1997	1108140
1998	1108146
1999	1108362
2000	1109747
2001	1112879
2002	1112891
2003	1112913
2004	1112921
2005	1113223
2006	1114342
2007	1114669
2008	1114676
2009	1114899
2010	1115004
2011	1115240
2012	1115322
2013	1115415
2014	1116314
2015	1116691
2016	1116884
2017	1116957
2018	1117006
2019	1117290
2020	1117426
2021	1117457
2022	1117593
2023	1117766
2024	1117972
2025	1118103
2026	1118125
2027	1118431
2028	1118434
2029	1118504
2030	1118928
2031	1119008
2032	1119834
2033	1119847
2034	1119850
2035	1119891
2036	1119971
2037	1120080
2038	1120103
2039	1120589
2040	1120615
2041	1120679
2042	1120780
2043	1120825
2044	1120941
2045	1121603
2046	1121651
2047	1122139
2048	1122282
2049	1122691
2050	1122745
2051	1123298
2052	1123444
2053	1123643
2054	1123848
2055	1124208
2056	1124899
2057	1124975
2058	1125106
2059	1125389
2060	1125968
2061	1126702
2062	1126823
2063	1127034
2064	1127048
2065	1127161
2066	1127281
2067	1128010
2068	1129092
2069	1129105
2070	1129222
2071	1129582
2072	1130548
2073	1130621
2074	1130659
2075	1130994
2076	1131297
2077	1131472
2078	1131548
2079	1131874
2080	1131875
2081	1132005
2082	1132443
2083	1132619
2084	1133038
2085	1133197
2086	1133812
2087	1134004
2088	1134541
2089	1134615
2090	1134712
2091	1134719
2092	1134767
2093	1134888
2094	1134892
2095	1134893
2096	1135007
2097	1135128
2098	1135274
2099	1135761
2100	1137697
2101	1137771
2102	1138030
2103	1138306
2104	1138885
2105	1139174
2106	1139352
2107	1139661
2108	1140187
2109	1142297
2110	1142462
2111	1142923
2112	1142996
2113	1143452
2114	1144502
2115	1144591
2116	1145408
2117	1146388
2118	1146425
2119	1146469
2120	1146732
2121	1147902
2122	1148504
2123	1148527
2124	1149726
2125	1150336
2126	1150790
2127	1150982
2128	1151427
2129	1151875
2130	1152127
2131	1152886
2132	1153170
2133	1154325
2134	1154680
2135	1155469
2136	1155853
2137	1156285
2138	1156323
2139	1156390
2140	1156594
2141	1156652
2142	1157401
2143	1157775
2144	1158801
2145	1160537
2146	1161225
2147	1161941
2148	1162173
2149	1162230
2150	1164331
2151	1164755
2152	1164998
2153	1165446
2154	1165583
2155	1165811
2156	1165833
2157	1165958
2158	1166947
2159	1168692
2160	1168700
2161	1168721
2162	1168729
2163	1168734
2164	1168742
2165	1168796
2166	1168798
2167	1168809
2168	1168810
2169	1168880
2170	1171960
2171	1172459
2172	1172945
2173	1173707
2174	1174199
2175	1176851
2176	1177991
2177	1178739
2178	1178879
2179	1181543
2180	1182570
2181	1183372
2182	1184082
2183	1185853
2184	1188027
2185	1191138
2186	1192936
2187	1193346
2188	1193785
2189	1194789
2190	1195506
2191	1195910
2192	1195918
2193	1196562
2194	1196593
2195	1197280
2196	1197360
2197	1198395
2198	1198452
2199	1199322
2200	1199499
2201	1199708
2202	1200162
2203	1200284
2204	1200674
2205	1200690
2206	1201487
2207	1202265
2208	1203250
2209	1203655
2210	1203895
2211	1204804
2212	1206196
2213	1207588
2214	1207896
2215	1209262
2216	1210662
2217	1211058
2218	1211172
2219	1211792
2220	1211796
2221	1211797
2222	1211853
2223	1212421
2224	1212460
2225	1215515
2226	1216052
2227	1220216
2228	1222924
2229	1223131
2230	1224136
2231	1224293
2232	1224491
2233	1224769
2234	1226119
2235	1228384
2236	1229210
2237	1229449
2238	1230947
2239	1232812
2240	1233264
2241	1233375
2242	1234284
2243	1235491
2244	1236101
2245	1236197
2246	1236206
2247	1236373
2248	1236975
2249	1237129
2250	1237437
2251	1237887
2252	1240222
2253	1240823
2254	1240877
2255	1241462
2256	1241664
2257	1241680
2258	1241980
2259	1243137
2260	1244561
2261	1245080
2262	1245458
2263	1245516
2264	1245809
2265	1246151
2266	1246153
2267	1246154
2268	1246155
2269	1246156
2270	1246490
2271	1246512
2272	1246523
2273	1246544
2274	1246934
2275	1247508
2276	1248134
2277	1248396
2278	1248446
2279	1248559
2280	1248660
2281	1249281
2282	1249459
2283	1249509
2284	1252226
2285	1253011
2286	1254968
2287	1255424
2288	1255473
2289	1256622
2290	1256959
2291	1257380
2292	1257991
2293	1258173
2294	1258877
2295	1260026
2296	1260855
2297	1261391
2298	1261683
2299	1262212
2300	1262776
2301	1262791
2302	1263527
2303	1263986
2304	1264765
2305	1265081
2306	1265420
2307	1265873
2308	1266242
2309	1266698
2310	1268487
2311	1271700
2312	1272178
2313	1272847
2314	1273922
2315	1275609
2316	1276146
2317	1276935
2318	1277524
2319	1277536
2320	1277725
2321	1279701
2322	1279877
2323	1280112
2324	1280381
2325	1280395
2326	1280400
2327	1280415
2328	1280634
2329	1280938
2330	1280981
2331	1280982
2332	1280992
2333	1282396
2334	1282530
2335	1286745
2336	1286775
2337	1286827
2338	1286869
2339	1286896
2340	1286947
2341	1286950
2342	1286983
2343	1287010
2344	1287016
2345	1287022
2346	1287035
2347	1287036
2348	1287183
2349	1287217
2350	1287253
2351	1287298
2352	1288862
2353	1289168
2354	1289634
2355	1293552
2356	1295301
2357	1295750
2358	1295885
2359	1295886
2360	1295902
2361	1296187
2362	1297434
2363	1299074
2364	1300528
2365	1301571
2366	1303930
2367	1304869
2368	1307243
2369	1307354
2370	1307871
2371	1308327
2372	1308344
2373	1308519
2374	1308935
2375	1309681
2376	1309882
2377	1310348
2378	1311589
2379	1312407
2380	1314500
2381	1315786
2382	1317339
2383	1317557
2384	1317653
2385	1318047
2386	1318867
2387	1319252
2388	1319560
2389	1319743
2390	1319932
2391	1320012
2392	1320013
2393	1320040
2394	1320614
2395	1320802
2396	1321013
2397	1321031
2398	1321082
2399	1321157
2400	1321337
2401	1321340
2402	1321418
2403	1321768
2404	1321794
2405	1321820
2406	1322068
2407	1322085
2408	1322367
2409	1322450
2410	1322619
2411	1322670
2412	1322719
2413	1322783
2414	1322925
2415	1322928
2416	1323088
2417	1323351
2418	1323650
2419	1324202
2420	1324261
2421	1324282
2422	1324414
2423	1324714
2424	1324763
2425	1325119
2426	1325491
2427	1325512
2428	1325709
2429	1325880
2430	1325890
2431	1326167
2432	1326196
2433	1326328
2434	1326463
2435	1326671
2436	1326731
2437	1327237
2438	1328051
2439	1328869
2440	1330081
2441	1330572
2442	1330702
2443	1331176
2444	1331436
2445	1331545
2446	1331961
2447	1332160
2448	1333922
2449	1334050
2450	1334339
2451	1334500
2452	1334883
2453	1335032
2454	1335386
2455	1335612
2456	1335679
2457	1335704
2458	1335844
2459	1336001
2460	1336328
2461	1336534
2462	1336540
2463	1336913
2464	1337101
2465	1337164
2466	1337254
2467	1337793
2468	1338507
2469	1339579
2470	1340626
2471	1341818
2472	1342769
2473	1344702
2474	1345316
2475	1345319
2476	1345322
2477	1345327
2478	1345330
2479	1345434
2480	1345783
2481	1345787
2482	1346523
2483	1346852
2484	1346860
2485	1346953
2486	1346962
2487	1347024
2488	1347027
2489	1347043
2490	1347871
2491	1347910
2492	1347913
2493	1347936
2494	1348030
2495	1348113
2496	1348264
2497	1348680
2498	1349057
2499	1349066
2500	1349414
2501	1349441
2502	1349477
2503	1349491
2504	1349504
2505	1349509
2506	1349535
2507	1349545
2508	1349629
2509	1349993
2510	1350432
2511	1351010
2512	1351345
2513	1352464
2514	1353433
2515	1356128
2516	1356345
2517	1359516
2518	1360265
2519	1361680
2520	1362076
2521	1363076
2522	1363156
2523	1363719
2524	1364237
2525	1364484
2526	1365030
2527	1365185
2528	1365482
2529	1366417
2530	1366565
2531	1366583
2532	1366585
2533	1368495
2534	1368887
2535	1368891
2536	1370411
2537	1370481
2538	1371943
2539	1372844
2540	1373965
2541	1373990
2542	1376252
2543	1377895
2544	1378359
2545	1378550
2546	1378586
2547	1378744
2548	1379174
2549	1379339
2550	1379624
2551	1380182
2552	1380678
2553	1380931
2554	1381415
2555	1381425
2556	1381442
2557	1381599
2558	1382919
2559	1383423
2560	1384647
2561	1384744
2562	1385550
2563	1385554
2564	1385555
2565	1385680
2566	1385759
2567	1385789
2568	1388243
2569	1389146
2570	1389230
2571	1390353
2572	1391045
2573	1391772
2574	1392878
2575	1393329
2576	1394285
2577	1398469
2578	1399947
2579	1400033
2580	1402278
2581	1403215
2582	1404216
2583	1405188
2584	1405191
2585	1406281
2586	1406338
2587	1406627
2588	1407303
2589	1407357
2590	1408392
2591	1410538
2592	1411889
2593	1412258
2594	1412267
2595	1412315
2596	1412933
2597	1416074
2598	1418916
2599	1418920
2600	1418930
2601	1419479
2602	1419852
2603	1420103
2604	1420145
2605	1420160
2606	1420969
2607	1420981
2608	1420985
2609	1421142
2610	1421314
2611	1421315
2612	1421385
2613	1421387
2614	1421538
2615	1421541
2616	1421542
2617	1421550
2618	1421818
2619	1422059
2620	1424023
2621	1424772
2622	1425132
2623	1431297
2624	1433446
2625	1433451
2626	1433725
2627	1433726
2628	1433734
2629	1433902
2630	1434974
2631	1435296
2632	1435298
2633	1435307
2634	1435311
2635	1437276
2636	1438840
2637	1439237
2638	1439520
2639	1439658
2640	1439822
2641	1439845
2642	1439860
2643	1440003
2644	1440628
2645	1441146
2646	1441389
2647	1441498
2648	1441679
2649	1442919
2650	1442931
2651	1442937
2652	1443006
2653	1443021
2654	1443024
2655	1443025
2656	1443027
2657	1443243
2658	1443443
2659	1444893
2660	1446896
2661	1447722
2662	1448894
2663	1449006
2664	1450536
2665	1450844
2666	1451859
2667	1452377
2668	1453594
2669	1454370
2670	1454755
2671	1455306
2672	1455387
2673	1455871
2674	1455989
2675	1455992
2676	1456924
2677	1458519
2678	1458889
2679	1459097
2680	1459202
2681	1459611
2682	1459758
2683	1460056
2684	1461364
2685	1461603
2686	1461727
2687	1462655
2688	1463063
2689	1463245
2690	1463584
2691	1463928
2692	1463932
2693	1464509
2694	1464516
2695	1466419
2696	1466894
2697	1468068
2698	1468070
2699	1468075
2700	1468096
2701	1468100
2702	1470138
2703	1470912
2704	1471527
2705	1471540
2706	1472296
2707	1472683
2708	1472758
2709	1472788
2710	1473045
2711	1473415
2712	1473430
2713	1473433
2714	1473434
2715	1473439
2716	1473454
2717	1473458
2718	1475191
2719	1475622
2720	1475911
2721	1475952
2722	1475962
2723	1476098
2724	1476352
2725	1477772
2726	1478106
2727	1478476
2728	1478880
2729	1479272
2730	1479598
2731	1480140
2732	1480598
2733	1480709
2734	1480803
2735	1481614
2736	1481671
2737	1482142
2738	1483235
2739	1483470
2740	1483979
2741	1488229
2742	1488246
2743	1488662
2744	1488783
2745	1488819
2746	1488833
2747	1489015
2748	1489047
2749	1489080
2750	1489082
2751	1489114
2752	1489115
2753	1489116
2754	1489119
2755	1489138
2756	1489158
2757	1489172
2758	1489212
2759	1489227
2760	1491359
2761	1492165
2762	1492793
2763	1492856
2764	1493130
2765	1493287
2766	1494413
2767	1494416
2768	1495547
2769	1495992
2770	1496682
2771	1498425
2772	1498581
2773	1498582
2774	1498616
2775	1498710
2776	1499109
2777	1499175
2778	1499187
2779	1499698
2780	1499860
2781	1499884
2782	1499886
2783	1499887
2784	1499912
2785	1499974
2786	1502306
2787	1502956
2788	1503156
2789	1503487
2790	1504208
2791	1504705
2792	1505018
2793	1505827
2794	1506248
2795	1506414
2796	1506484
2797	1507897
2798	1508539
2799	1508684
2800	1509150
2801	1509219
2802	1511404
2803	1512122
2804	1513097
2805	1513887
2806	1514794
2807	1514802
2808	1514944
2809	1515452
2810	1516799
2811	1516801
2812	1517529
2813	1521472
2814	1521876
2815	1524869
2816	1524890
2817	1524895
2818	1524938
2819	1525181
2820	1525225
2821	1525238
2822	1525832
2823	1525834
2824	1525864
2825	1526216
2826	1526217
2827	1526387
2828	1526408
2829	1526446
2830	1526464
2831	1526807
2832	1527289
2833	1528141
2834	1528646
2835	1529838
2836	1530481
2837	1530605
2838	1531407
2839	1531732
2840	1531840
2841	1532050
2842	1532114
2843	1533653
2844	1533814
2845	1534037
2846	1536304
2847	1536415
2848	1537198
2849	1538103
2850	1538322
2851	1538554
2852	1538697
2853	1539332
2854	1541114
2855	1542568
2856	1543033
2857	1546803
2858	1547352
2859	1548373
2860	1549935
2861	1555767
2862	1556373
2863	1557783
2864	1558060
2865	1559866
2866	1561203
2867	1562978
2868	1564418
2869	1564503
2870	1565015
2871	1565383
2872	1566797
2873	1567369
2874	1567441
2875	1567471
2876	1567474
2877	1569816
2878	1570189
2879	1571018
2880	1571642
2881	1573764
2882	1573995
2883	1574703
2884	1575090
2885	1575097
2886	1575242
2887	1575277
2888	1575561
2889	1576071
2890	1576686
2891	1576691
2892	1577493
2893	1578447
2894	1579351
2895	1579403
2896	1579918
2897	1580133
2898	1580430
2899	1580494
2900	1580655
2901	1580766
2902	1581418
2903	1581529
2904	1581641
2905	1582854
2906	1582965
2907	1583608
2908	1583729
2909	1584486
2910	1584549
2911	1584560
2912	1584672
2913	1584673
2914	1584676
2915	1584680
2916	1584686
2917	1584689
2918	1584708
2919	1584724
2920	1584745
2921	1585350
2922	1585365
2923	1585801
2924	1586382
2925	1586461
2926	1586476
2927	1587166
2928	1587845
2929	1588344
2930	1594203
2931	1594697
2932	1594814
2933	1595018
2934	1595265
2935	1596341
2936	1596974
2937	1598083
2938	1598096
2939	1598101
2940	1598642
2941	1599871
2942	1600246
2943	1603418
2944	1604556
2945	1605222
2946	1605570
2947	1605753
2948	1605936
2949	1607064
2950	1607390
2951	1608006
2952	1608196
2953	1608214
2954	1609257
2955	1609264
2956	1609284
2957	1609323
2958	1609444
2959	1609966
2960	1609967
2961	1613719
2962	1614512
2963	1614785
2964	1614862
2965	1615251
2966	1615777
2967	1616003
2968	1616021
2969	1616573
2970	1618352
2971	1621245
2972	1621411
2973	1622574
2974	1622802
2975	1622808
2976	1622910
2977	1622994
2978	1623000
2979	1623003
2980	1623405
2981	1624071
2982	1624109
2983	1624110
2984	1624643
2985	1625803
2986	1626860
2987	1627558
2988	1628729
2989	1629015
2990	1629088
2991	1629311
2992	1630477
2993	1631057
2994	1631689
2995	1632042
2996	1632544
2997	1632962
2998	1633596
2999	1633904
3000	1635157
3001	1635532
3002	1636631
3003	1638572
3004	1639120
3005	1639984
3006	1639987
3007	1640507
3008	1641213
3009	1641655
3010	1642318
3011	1643572
3012	1643963
3013	1645592
3014	1645596
3015	1646717
3016	1648083
3017	1648564
3018	1648881
3019	1649002
3020	1649003
3021	1649237
3022	1649329
3023	1649472
3024	1649496
3025	1649552
3026	1649584
3027	1649622
3028	1649734
3029	1649742
3030	1649800
3031	1649924
3032	1651253
3033	1651518
3034	1652870
3035	1655115
3036	1656452
3037	1656646
3038	1658125
3039	1658679
3040	1659767
3041	1660110
3042	1660438
3043	1660745
3044	1662057
3045	1662732
3046	1664222
3047	1664455
3048	1664466
3049	1664491
3050	1664753
3051	1665922
3052	1665931
3053	1666298
3054	1666835
3055	1667266
3056	1667424
3057	1667429
3058	1667438
3059	1668635
3060	1669616
3061	1670019
3062	1670142
3063	1674917
3064	1676186
3065	1676222
3066	1676224
3067	1676479
3068	1676492
3069	1676495
3070	1676529
3071	1676531
3072	1676545
3073	1676821
3074	1677782
3075	1677861
3076	1677885
3077	1677886
3078	1677920
3079	1678067
3080	1678071
3081	1678881
3082	1679072
3083	1679817
3084	1680152
3085	1680791
3086	1681146
3087	1681335
3088	1681548
3089	1681862
3090	1682470
3091	1682746
3092	1683125
3093	1683377
3094	1684317
3095	1684555
3096	1684712
3097	1685212
3098	1685594
3099	1686005
3100	1686488
3101	1687219
3102	1687495
3103	1687579
3104	1687740
3105	1688806
3106	1688839
3107	1689216
3108	1689995
3109	1691688
3110	1691897
3111	1692296
3112	1693148
3113	1693304
3114	1693497
3115	1694383
3116	1694589
3117	1695089
3118	1696098
3119	1697618
3120	1697693
3121	1697708
3122	1697997
3123	1701754
3124	1701889
3125	1702007
3126	1702739
3127	1703317
3128	1704370
3129	1704430
3130	1705435
3131	1706030
3132	1708273
3133	1708531
3134	1709300
3135	1709468
3136	1709516
3137	1709635
3138	1711265
3139	1711280
3140	1711571
3141	1711574
3142	1711869
3143	1713027
3144	1713045
3145	1713129
3146	1714253
3147	1714271
3148	1714507
3149	1716157
3150	1718578
3151	1718851
3152	1719652
3153	1719701
3154	1720060
3155	1720062
3156	1720064
3157	1720065
3158	1720279
3159	1722700
3160	1723257
3161	1723688
3162	1724898
3163	1725262
3164	1725462
3165	1726898
3166	1729650
3167	1730813
3168	1731381
3169	1731425
3170	1732207
3171	1732354
3172	1732815
3173	1732869
3174	1733917
3175	1734189
3176	1734417
3177	1735177
3178	1735652
3179	1736024
3180	1736362
3181	1737086
3182	1739157
3183	1739522
3184	1740040
3185	1740105
3186	1740712
3187	1742013
3188	1742232
3189	1743534
3190	1743739
3191	1743904
3192	1745419
3193	1746920
3194	1746985
3195	1747832
3196	1748509
3197	1749419
3198	1750366
3199	1750719
3200	1750862
3201	1750972
3202	1751460
3203	1751609
3204	1752243
3205	1753069
3206	1753930
3207	1757178
3208	1757229
3209	1757477
3210	1758463
3211	1758883
3212	1759846
3213	1760131
3214	1760750
3215	1761187
3216	1761499
3217	1762139
3218	1762305
3219	1762726
3220	1763828
3221	1763837
3222	1765130
3223	1767311
3224	1770054
3225	1771744
3226	1774573
3227	1775095
3228	1775543
3229	1776005
3230	1776083
3231	1776533
3232	1776735
3233	1776783
3234	1777280
3235	1777814
3236	1778388
3237	1778562
3238	1780151
3239	1781329
3240	1782179
3241	1784515
3242	1784720
3243	1784875
3244	1784897
3245	1785125
3246	1785275
3247	1787539
3248	1787760
3249	1788239
3250	1788770
3251	1789818
3252	1789826
3253	1789830
3254	1789834
3255	1790407
3256	1792111
3257	1792150
3258	1795266
3259	1796107
3260	1796553
3261	1796555
3262	1798789
3263	1798913
3264	1800073
3265	1800412
3266	1801423
3267	1801976
3268	1802349
3269	1803515
3270	1805603
3271	1805686
3272	1806382
3273	1806983
3274	1807598
3275	1807947
3276	1808010
3277	1808223
3278	1808581
3279	1809589
3280	1809706
3281	1810230
3282	1810446
3283	1811619
3284	1812274
3285	1813687
3286	1813922
3287	1814941
3288	1815536
3289	1815631
3290	1816682
3291	1816934
3292	1817529
3293	1817608
3294	1818107
3295	1818116
3296	1818162
3297	1818318
3298	1818436
3299	1818589
3300	1818637
3301	1818642
3302	1818667
3303	1820084
3304	1820094
3305	1820616
3306	1821142
3307	1822503
3308	1822930
3309	1823267
3310	1823285
3311	1824252
3312	1824931
3313	1826910
3314	1828692
3315	1829298
3316	1830128
3317	1830636
3318	1830666
3319	1832372
3320	1833323
3321	1835682
3322	1835684
3323	1836121
3324	1836122
3325	1837929
3326	1837935
3327	1837974
3328	1837982
3329	1838280
3330	1838372
3331	1838402
3332	1838442
3333	1838465
3334	1838553
3335	1838585
3336	1839103
3337	1839301
3338	1839355
3339	1842017
3340	1845316
3341	1845357
3342	1846074
3343	1847337
3344	1848128
3345	1848874
3346	1849132
3347	1849326
3348	1850335
3349	1850341
3350	1850387
3351	1850408
3352	1850411
3353	1850415
3354	1850417
3355	1850525
3356	1850789
3357	1850942
3358	1850948
3359	1850951
3360	1850960
3361	1850988
3362	1850993
3363	1850995
3364	1851003
3365	1851004
3366	1851005
3367	1852438
3368	1852799
3369	1853143
3370	1853504
3371	1854239
3372	1856468
3373	1856612
3374	1857963
3375	1859370
3376	1860142
3377	1860434
3378	1866681
3379	1871387
3380	1872701
3381	1874598
3382	1875106
3383	1875689
3384	1876991
3385	1876993
3386	1877000
3387	1877237
3388	1877871
3389	1878949
3390	1879603
3391	1879640
3392	1880188
3393	1881816
3394	1883010
3395	1884705
3396	1885012
3397	1885241
3398	1887652
3399	1887873
3400	1887876
3401	1888178
3402	1888991
3403	1889102
3404	1889151
3405	1889974
3406	1890910
3407	1891020
3408	1891218
3409	1892293
3410	1893728
3411	1894031
3412	1894055
3413	1894169
3414	1894863
3415	1895664
3416	1895924
3417	1897290
3418	1897833
3419	1898326
3420	1898449
3421	1899236
3422	1901703
3423	1902269
3424	1904390
3425	1905214
3426	1906226
3427	1907062
3428	1907575
3429	1908491
3430	1908667
3431	1908700
3432	1909983
3433	1910867
3434	1911015
3435	1911447
3436	1911788
3437	1911853
3438	1913311
3439	1913470
3440	1914165
3441	1914545
3442	1915163
3443	1916249
3444	1916399
3445	1917912
3446	1918971
3447	1920467
3448	1921356
3449	1922080
3450	1922083
3451	1922113
3452	1923719
3453	1924543
3454	1926208
3455	1926965
3456	1928529
3457	1929939
3458	1931745
3459	1932468
3460	1933770
3461	1934148
3462	1935740
3463	1936469
3464	1937495
3465	1938334
3466	1938496
3467	1938820
3468	1939612
3469	1941711
3470	1942088
3471	1942422
3472	1943405
3473	1944928
3474	1945127
3475	1945228
3476	1946532
3477	1950988
3478	1952551
3479	1955434
3480	1955559
3481	1957113
3482	1959047
3483	1959548
3484	1960380
3485	1960438
3486	1960578
3487	1961516
3488	1962055
3489	1962837
3490	1963371
3491	1963443
3492	1964141
3493	1964186
3494	1964225
3495	1964421
3496	1964565
3497	1964579
3498	1966056
3499	1967739
3500	1967912
3501	1968761
3502	1969579
3503	1969753
3504	1969828
3505	1970346
3506	1972550
3507	1972750
3508	1974044
3509	1975492
3510	1975806
3511	1976355
3512	1976526
3513	1977195
3514	1977314
3515	1977374
3516	1980107
3517	1980650
3518	1982272
3519	1982700
3520	1985090
3521	1985402
3522	1985765
3523	1986542
3524	1986686
3525	1986826
3526	1987711
3527	1989514
3528	1989675
3529	1989887
3530	1989941
3531	1992501
3532	1992621
3533	1992872
3534	1993459
3535	1994792
3536	1996855
3537	1998271
3538	1998664
3539	1998790
3540	1999000
3541	1999311
3542	1999735
3543	1999760
3544	2000548
3545	2002238
3546	2002598
3547	2005114
3548	2005712
3549	2006224
3550	2006556
3551	2006731
3552	2007002
3553	2007030
3554	2007037
3555	2007089
3556	2007098
3557	2007134
3558	2007476
3559	2007483
3560	2007491
3561	2007552
3562	2007823
3563	2007932
3564	2007934
3565	2007935
3566	2007939
3567	2008147
3568	2009095
3569	2011477
3570	2011639
3571	2011880
3572	2011881
3573	2012021
3574	2012408
3575	2013235
3576	2013334
3577	2013699
3578	2014542
3579	2014586
3580	2014907
3581	2016280
3582	2016952
3583	2018538
3584	2018576
3585	2020717
3586	2022195
3587	2022214
3588	2022388
3589	2022582
3590	2022816
3591	2025150
3592	2025237
3593	2025238
3594	2025240
3595	2025242
3596	2025288
3597	2025297
3598	2025310
3599	2025352
3600	2025438
3601	2025612
3602	2028053
3603	2028086
3604	2028158
3605	2029250
3606	2029518
3607	2029817
3608	2029904
3609	2029999
3610	2030000
3611	2030178
3612	2032494
3613	2032867
3614	2032900
3615	2033048
3616	2033661
3617	2035020
3618	2035184
3619	2035264
3620	2035674
3621	2036759
3622	2037343
3623	2038621
3624	2038640
3625	2038672
3626	2038760
3627	2040624
3628	2040938
3629	2042330
3630	2042561
3631	2043002
3632	2044727
3633	2045072
3634	2045889
3635	2047878
3636	2048269
3637	2048725
3638	2049189
3639	2051034
3640	2051471
3641	2052931
3642	2054448
3643	2054994
3644	2055399
3645	2055590
3646	2056709
3647	2057459
3648	2057625
3649	2057639
3650	2057789
3651	2057846
3652	2057938
3653	2059341
3654	2059593
3655	2061087
3656	2061518
3657	2061959
3658	2062038
3659	2062062
3660	2062087
3661	2062873
3662	2063200
3663	2064782
3664	2065234
3665	2065240
3666	2065444
3667	2067783
3668	2068042
3669	2069210
3670	2069233
3671	2069368
3672	2069774
3673	2071188
3674	2071851
3675	2072498
3676	2072652
3677	2072880
3678	2074246
3679	2077750
3680	2077767
3681	2077963
3682	2078169
3683	2080082
3684	2080737
3685	2081004
3686	2081878
3687	2081964
3688	2082126
3689	2082496
3690	2082952
3691	2083849
3692	2084335
3693	2084573
3694	2086710
3695	2087540
3696	2087846
3697	2090183
3698	2090476
3699	2090701
3700	2090718
3701	2091575
3702	2092436
3703	2093039
3704	2093186
3705	2093230
3706	2094435
3707	2098358
3708	2098807
3709	2098835
3710	2099494
3711	2099889
3712	2099992
3713	2100212
3714	2101422
3715	2102696
3716	2102932
3717	2103201
3718	2105818
3719	2106618
3720	2106623
3721	2106960
3722	2108259
3723	2109558
3724	2110368
3725	2111143
3726	2111845
3727	2112857
3728	2113057
3729	2113212
3730	2113656
3731	2114409
3732	2115036
3733	2115356
3734	2115908
3735	2116352
3736	2116753
3737	2118129
3738	2118230
3739	2118471
3740	2118557
3741	2118877
3742	2119575
3743	2120266
3744	2120383
3745	2122239
3746	2123384
3747	2123775
3748	2124204
