1	73
2	451
3	883
4	1011
5	1113
6	1834
7	2251
8	4513
9	4972
10	5066
11	5869
12	6476
13	6736
14	6864
15	6986
16	7589
17	7614
18	7686
19	8237
20	8402
21	8453
22	8517
23	8628
24	9006
25	9381
26	9508
27	9869
28	10248
29	10505
30	10660
31	12046
32	12168
33	12492
34	12499
35	12975
36	13343
37	13392
38	13412
39	13482
40	13808
41	13908
42	13916
43	13937
44	13945
45	13953
46	13972
47	13994
48	14313
49	14574
50	14602
51	14676
52	14773
53	15282
54	15439
55	15658
56	15809
57	15970
58	15985
59	16320
60	16461
61	16736
62	16900
63	17116
64	17278
65	17427
66	17895
67	18026
68	18439
69	18544
70	18915
71	19071
72	19452
73	19469
74	19659
75	19848
76	19909
77	20621
78	20910
79	21139
80	21959
81	22061
82	22151
83	22488
84	22719
85	22909
86	23040
87	23381
88	23700
89	24864
90	24901
91	25118
92	25414
93	26545
94	27730
95	27937
96	28397
97	29107
98	29460
99	29508
100	29563
101	30886
102	30911
103	31044
104	31049
105	31839
106	35507
107	38081
108	38202
109	38769
110	40443
111	40626
112	42450
113	44180
114	44770
115	44832
116	45216
117	45472
118	45791
119	46416
120	48196
121	48229
122	48235
123	48680
124	48732
125	51988
126	52851
127	53300
128	53995
129	57633
130	58052
131	58631
132	59871
133	60096
134	60699
135	60863
136	61244
137	61425
138	61530
139	61710
140	61735
141	62401
142	62545
143	64579
144	65867
145	66394
146	66768
147	69328
148	73115
149	73703
150	74825
151	74834
152	74875
153	74913
154	75416
155	77864
156	80693
157	84592
158	86753
159	87828
160	88468
161	90345
162	92561
163	93554
164	93555
165	93969
166	94052
167	94610
168	97110
169	99564
170	99842
171	100574
172	102701
173	103608
174	104584
175	104592
176	105750
177	106792
178	108819
179	109458
180	110180
181	112265
182	112800
183	115436
184	115674
185	115979
186	116225
187	118588
188	119227
189	120632
190	121761
191	122793
192	125018
193	127309
194	127726
195	128389
196	129046
197	132582
198	134174
199	134307
200	134941
201	138429
202	138838
203	139299
204	142746
205	142915
206	143526
207	146619
208	146965
209	148625
210	151958
211	152772
212	154593
213	156641
214	156948
215	157316
216	157960
217	160033
218	161398
219	161749
220	163172
221	163438
222	164770
223	165853
224	168242
225	169215
226	169356
227	171625
228	172071
229	172074
230	177117
231	177506
232	178960
233	179289
234	180750
235	181217
236	183139
237	189355
238	191863
239	192862
240	193848
241	193963
242	195729
243	198100
244	199244
245	200961
246	201294
247	208707
248	210429
249	213347
250	213601
251	215690
252	216170
253	217051
254	219331
255	222056
256	225796
257	226896
258	227077
259	227221
260	227930
261	228261
262	228773
263	233483
264	237036
265	237902
266	239494
267	240490
268	242535
269	243814
270	245137
271	245677
272	246415
273	249655
274	252460
275	253623
276	254429
277	254545
278	256688
279	257492
280	258100
281	259858
282	259867
283	263398
284	263815
285	264155
286	264501
287	264623
288	266161
289	267448
290	268619
291	269403
292	270296
293	270682
294	271305
295	272679
296	274736
297	276794
298	277449
299	280142
300	280143
301	283276
302	285805
303	286608
304	287929
305	289884
306	290076
307	290138
308	293012
309	296853
310	296854
311	296859
312	297128
313	298572
314	302347
315	305310
316	305585
317	305588
318	305597
319	305609
320	309516
321	310911
322	313361
323	315317
324	319324
325	322728
326	323364
327	328289
328	328604
329	328634
330	329782
331	330125
332	331723
333	332839
334	334180
335	336032
336	336266
337	337889
338	338245
339	338722
340	339486
341	340805
342	341935
343	342063
344	345033
345	346013
346	347278
347	347385
348	347830
349	348055
350	351592
351	351940
352	359712
353	360572
354	360757
355	361077
356	361545
357	364243
358	364923
359	364924
360	364961
361	365117
362	365373
363	365411
364	365435
365	366359
366	367549
367	371889
368	373602
369	376632
370	377137
371	379804
372	382768
373	383599
374	383707
375	385342
376	385598
377	386458
378	393043
379	393308
380	397132
381	397572
382	397812
383	401177
384	401572
385	402525
386	402795
387	405173
388	405245
389	407094
390	407744
391	408726
392	408898
393	409261
394	410510
395	413902
396	415248
397	416972
398	417000
399	417149
400	421565
401	422850
402	424382
403	424489
404	425077
405	428724
406	429770
407	430057
408	430198
409	430576
410	431225
411	432335
412	433003
413	434161
414	434676
415	434899
416	434910
417	436217
418	439405
419	440223
420	440586
421	440939
422	442983
423	444912
424	445671
425	447641
426	448789
427	456738
428	459733
429	459887
430	460220
431	462253
432	464279
433	464985
434	465016
435	467512
436	468693
437	469181
438	470445
439	471695
440	471801
441	474428
442	474805
443	477016
444	480629
445	481476
446	482616
447	483281
448	485138
449	489941
450	489944
451	490699
452	491083
453	492614
454	493800
455	494266
456	494564
457	494674
458	495595
459	495765
460	496266
461	496429
462	496587
463	500961
464	502629
465	502630
466	502632
467	502707
468	502886
469	503410
470	504115
471	504761
472	506336
473	506775
474	508369
475	508459
476	508481
477	508698
478	508714
479	508715
480	508887
481	508890
482	508897
483	508986
484	509007
485	509008
486	509023
487	509030
488	509065
489	509178
490	509265
491	509308
492	509325
493	509349
494	509407
495	509409
496	509424
497	509425
498	509564
499	509587
500	509640
501	509647
502	509851
503	510492
504	510512
505	511079
506	511128
507	512499
508	512603
509	513760
510	519400
511	519742
512	520613
513	521826
514	521924
515	523366
516	523454
517	523810
518	524788
519	527115
520	527530
521	527964
522	528451
523	528937
524	530196
525	530685
526	531649
527	531961
528	533403
529	534053
530	534530
531	535525
532	536290
533	536741
534	537125
535	537330
536	537503
537	538710
538	544468
539	546735
540	548067
541	548537
542	553273
543	554447
544	556973
545	562607
546	563796
547	567876
548	568144
549	568787
550	568846
551	569287
552	569838
553	571998
554	572105
555	572851
556	573967
557	574185
558	574639
559	575459
560	579937
561	580231
562	580488
563	580653
564	581128
565	584204
566	584468
567	585031
568	585169
569	585192
570	585562
571	586168
572	586761
573	587008
574	587499
575	587629
576	588160
577	591857
578	593138
579	593238
580	594295
581	594977
582	595025
583	595687
584	595774
585	601372
586	601801
587	602866
588	603940
589	604177
590	604325
591	608365
592	611792
593	612421
594	616172
595	619726
596	622594
597	623365
598	623741
599	624129
600	624645
601	625399
602	626515
603	627833
604	628556
605	628667
606	629267
607	630056
608	630185
609	632146
610	632561
611	632664
612	634128
613	634261
614	637185
615	638512
616	639419
617	639580
618	640591
619	640736
620	640766
621	642038
622	642131
623	642509
624	642614
625	645008
626	647055
627	652259
628	655022
629	655527
630	657736
631	659431
632	659627
633	660318
634	661157
635	663280
636	663507
637	664102
638	667327
639	669636
640	670350
641	670669
642	675497
643	675500
644	675659
645	679833
646	683332
647	685044
648	686240
649	687065
650	687078
651	687105
652	688924
653	690054
654	690448
655	690604
656	691619
657	693001
658	693575
659	693988
660	694090
661	700950
662	703258
663	703548
664	704733
665	709938
666	711197
667	712125
668	712382
669	712659
670	714396
671	718321
672	719063
673	719785
674	721495
675	723607
676	726698
677	727253
678	729183
679	729994
680	730349
681	730687
682	733164
683	733811
684	734092
685	734748
686	736572
687	738158
688	738610
689	739050
690	739991
691	745293
692	745554
693	747356
694	751982
695	752055
696	753514
697	754821
698	755861
699	757001
700	759398
701	759487
702	760262
703	762189
704	763402
705	763888
706	765782
707	768366
708	770683
709	772832
710	774289
711	774704
712	779155
713	779168
714	779532
715	779904
716	780178
717	780223
718	784260
719	784611
720	786800
721	787075
722	787589
723	790216
724	790331
725	791257
726	797974
727	798233
728	800082
729	807196
730	807258
731	807613
732	810101
733	810966
734	811418
735	812000
736	815477
737	815702
738	818377
739	819272
740	822703
741	827799
742	829444
743	831215
744	832152
745	832480
746	836074
747	836098
748	836100
749	836567
750	836798
751	840584
752	840961
753	845064
754	848261
755	848291
756	848849
757	850550
758	853213
759	855081
760	855414
761	859130
762	863052
763	863532
764	865864
765	869066
766	871694
767	873316
768	874923
769	875024
770	877843
771	878615
772	878760
773	881596
774	886998
775	887627
776	888972
777	889482
778	890227
779	890453
780	890726
781	891080
782	891446
783	891999
784	893652
785	896448
786	902543
787	904824
788	909038
789	909176
790	910013
791	913053
792	913565
793	923839
794	924598
795	927841
796	928633
797	930890
798	931378
799	934281
800	938372
801	939377
802	942756
803	947813
804	949139
805	951578
806	953582
807	953590
808	954663
809	955616
810	957142
811	958023
812	958115
813	963339
814	966690
815	968005
816	968881
817	970688
818	972005
819	973057
820	977985
821	978006
822	978085
823	978343
824	978737
825	978857
826	985599
827	986851
828	992960
829	994899
830	996119
831	996757
832	997702
833	1003995
834	1004152
835	1004509
836	1006694
837	1007919
838	1008847
839	1011769
840	1015758
841	1017407
842	1020171
843	1020193
844	1024451
845	1025142
846	1027044
847	1030811
848	1037678
849	1038669
850	1039576
851	1040904
852	1047102
853	1049362
854	1054139
855	1058290
856	1059469
857	1061926
858	1063852
859	1067080
860	1069087
861	1069840
862	1069954
863	1070051
864	1073641
865	1076949
866	1077190
867	1079902
868	1081456
869	1086140
870	1086337
871	1087165
872	1087397
873	1089199
874	1089560
875	1091716
876	1096632
877	1099959
878	1102899
879	1104232
880	1105763
881	1112362
882	1112481
883	1112670
884	1113923
885	1115046
886	1116205
887	1120609
888	1121776
889	1123066
890	1123570
891	1127700
892	1130267
893	1130274
894	1132070
895	1132949
896	1133492
897	1135030
898	1136146
899	1136166
900	1137803
901	1139017
902	1139781
903	1143274
904	1143336
905	1143423
906	1143812
907	1146873
908	1149142
909	1149816
910	1151605
911	1154522
912	1155582
913	1156432
914	1157484
915	1157523
916	1160271
917	1160426
918	1160549
919	1160630
920	1161061
921	1161063
922	1161706
923	1162797
924	1164291
925	1166645
926	1168868
927	1169227
928	1169487
929	1172725
930	1172960
931	1175329
932	1177237
933	1177842
934	1179833
935	1180279
936	1181581
937	1185061
938	1185229
939	1185676
940	1185812
941	1191821
942	1192700
943	1193288
944	1193754
945	1194853
946	1196461
947	1196664
948	1198126
949	1199984
950	1203135
951	1204116
952	1205699
953	1205921
954	1205932
955	1205956
956	1206026
957	1206053
958	1206100
959	1206341
960	1207654
961	1210001
962	1214063
963	1214326
964	1216243
965	1217336
966	1218570
967	1218635
968	1219026
969	1219170
970	1219243
971	1219280
972	1219290
973	1220100
974	1220708
975	1223294
976	1225206
977	1225568
978	1227051
979	1227103
980	1227631
981	1229074
982	1231174
983	1233140
984	1233367
985	1233600
986	1235396
987	1235403
988	1237129
989	1239117
990	1240343
991	1240892
992	1244392
993	1247989
994	1248109
995	1252020
996	1253243
997	1254751
998	1254754
999	1256039
1000	1256198
1001	1257185
1002	1257639
1003	1261216
1004	1262010
1005	1265267
1006	1269831
1007	1270425
1008	1271647
1009	1275092
1010	1275373
1011	1277244
1012	1277456
1013	1277516
1014	1278428
1015	1279241
1016	1280194
1017	1282892
1018	1287203
1019	1290079
1020	1290256
1021	1290820
1022	1291018
1023	1292039
1024	1295083
1025	1295192
1026	1304103
1027	1305482
1028	1306583
1029	1307216
1030	1309422
1031	1313204
1032	1315919
1033	1316222
1034	1321648
1035	1321662
1036	1324009
1037	1324965
1038	1326594
1039	1329459
1040	1332100
1041	1338518
1042	1339813
1043	1341394
1044	1343119
1045	1345687
1046	1345732
1047	1345785
1048	1347131
1049	1348056
1050	1348383
1051	1348426
1052	1349308
1053	1350890
1054	1351149
1055	1351316
1056	1352731
1057	1354142
1058	1355211
1059	1355640
1060	1358191
1061	1368008
1062	1368593
1063	1373666
1064	1374169
1065	1374268
1066	1374547
1067	1374909
1068	1376454
1069	1377178
1070	1377420
1071	1378708
1072	1381437
1073	1383290
1074	1386059
1075	1388412
1076	1388745
1077	1391032
1078	1393203
1079	1393702
1080	1396948
1081	1399818
1082	1402551
1083	1403585
1084	1406715
1085	1407744
1086	1407873
1087	1407885
1088	1408057
1089	1408107
1090	1413376
1091	1417960
1092	1419580
1093	1419986
1094	1421211
1095	1423393
1096	1425703
1097	1427579
1098	1427684
1099	1430602
1100	1432847
1101	1435812
1102	1436917
1103	1437154
1104	1440815
1105	1441117
1106	1442144
1107	1442832
1108	1443409
1109	1443712
1110	1445448
1111	1446805
1112	1450157
1113	1450627
1114	1450888
1115	1451075
1116	1451076
1117	1451503
1118	1454340
1119	1458303
1120	1459453
1121	1461258
1122	1462261
1123	1464236
1124	1466041
1125	1469140
1126	1473646
1127	1475671
1128	1477620
1129	1481100
1130	1481751
1131	1482581
1132	1482886
1133	1484682
1134	1485095
1135	1485320
1136	1486152
1137	1487737
1138	1491430
1139	1495083
1140	1495286
1141	1495320
1142	1496564
1143	1499386
1144	1500917
1145	1501508
1146	1504691
1147	1505487
1148	1505545
1149	1509131
1150	1511671
1151	1512218
1152	1512744
1153	1513284
1154	1513544
1155	1513780
1156	1514160
1157	1515860
1158	1519111
1159	1521064
1160	1522161
1161	1523534
1162	1523629
1163	1524667
1164	1524866
1165	1526442
1166	1526811
1167	1527043
1168	1527053
1169	1529088
1170	1530418
1171	1530446
1172	1530718
1173	1532011
1174	1532074
1175	1532135
1176	1532258
1177	1532344
1178	1533280
1179	1536055
1180	1537025
1181	1541444
1182	1547467
1183	1548338
1184	1548554
1185	1548639
1186	1548866
1187	1549043
1188	1549135
1189	1549170
1190	1549232
1191	1550809
1192	1552528
1193	1552530
1194	1552533
1195	1554200
1196	1555969
1197	1556439
1198	1558579
1199	1561250
1200	1563171
1201	1563310
1202	1565157
1203	1566431
1204	1567904
1205	1569201
1206	1571622
1207	1572227
1208	1573882
1209	1574649
1210	1575600
1211	1577024
1212	1577902
1213	1579109
1214	1579426
1215	1584133
1216	1584226
1217	1584281
1218	1585800
1219	1587096
1220	1587643
1221	1587661
1222	1587715
1223	1587950
1224	1588112
1225	1589405
1226	1589513
1227	1591062
1228	1592706
1229	1592790
1230	1592965
1231	1597680
1232	1598483
1233	1598523
1234	1598566
1235	1598740
1236	1598908
1237	1598960
1238	1599002
1239	1599004
1240	1599008
1241	1599016
1242	1599017
1243	1599022
1244	1600049
1245	1600434
1246	1601902
1247	1602127
1248	1602656
1249	1604320
1250	1605920
1251	1605956
1252	1607255
1253	1610660
1254	1611250
1255	1613377
1256	1614069
1257	1614647
1258	1616690
1259	1617520
1260	1618096
1261	1618995
1262	1619055
1263	1619071
1264	1624427
1265	1625045
1266	1628936
1267	1630518
1268	1631178
1269	1634769
1270	1635769
1271	1636365
1272	1636534
1273	1637525
1274	1638724
1275	1639508
1276	1640098
1277	1642875
1278	1642947
1279	1643162
1280	1644880
1281	1646081
1282	1646086
1283	1648026
1284	1648105
1285	1648776
1286	1649184
1287	1650641
1288	1654303
1289	1655871
1290	1657373
1291	1662501
1292	1663586
1293	1665261
1294	1665902
1295	1666251
1296	1668130
1297	1668813
1298	1671842
1299	1672212
1300	1676807
1301	1677493
1302	1678758
1303	1679768
1304	1680012
1305	1680956
1306	1684231
1307	1684746
1308	1686348
1309	1686996
1310	1691767
1311	1692166
1312	1699548
1313	1701590
1314	1702043
1315	1702241
1316	1703568
1317	1704410
1318	1705077
1319	1705816
1320	1705881
1321	1706314
1322	1706535
1323	1707357
1324	1707739
1325	1713172
1326	1713535
1327	1721295
1328	1721630
1329	1722731
1330	1722952
1331	1722982
1332	1723598
1333	1723743
1334	1724622
1335	1724850
1336	1725797
1337	1730876
1338	1731359
1339	1732457
1340	1734697
1341	1736618
1342	1737904
1343	1739651
1344	1740274
1345	1740331
1346	1742814
1347	1747415
1348	1752705
1349	1754494
1350	1754954
1351	1755233
1352	1759431
1353	1759651
1354	1762243
1355	1763208
1356	1768470
1357	1774061
1358	1775753
1359	1775844
1360	1776235
1361	1782198
1362	1783048
1363	1787399
1364	1787551
1365	1788877
1366	1788943
1367	1792555
1368	1792670
1369	1792967
1370	1795080
1371	1797211
1372	1797300
1373	1797365
1374	1799966
1375	1800299
1376	1802987
1377	1803024
1378	1807634
1379	1808331
1380	1809184
1381	1810742
1382	1812660
1383	1815643
1384	1816961
1385	1819543
1386	1821055
1387	1821106
1388	1822906
1389	1823107
1390	1823128
1391	1823140
1392	1823151
1393	1823302
1394	1823500
1395	1823619
1396	1823649
1397	1824123
1398	1824462
1399	1826735
1400	1826759
1401	1827351
1402	1827789
1403	1828126
1404	1829437
1405	1829704
1406	1829725
1407	1831474
1408	1831923
1409	1833909
1410	1834456
1411	1838669
1412	1839270
1413	1841268
1414	1843283
1415	1843649
1416	1844160
1417	1844335
1418	1850647
1419	1851119
1420	1854466
1421	1855210
1422	1860137
1423	1861120
1424	1862237
1425	1862548
1426	1864594
1427	1865527
1428	1866972
1429	1868993
1430	1871085
1431	1872033
1432	1874740
1433	1879355
1434	1880180
1435	1885234
1436	1886221
1437	1889027
1438	1890243
1439	1890244
1440	1890364
1441	1895123
1442	1896223
1443	1897187
1444	1900006
1445	1900227
1446	1900555
1447	1900827
1448	1903673
1449	1904373
1450	1910405
1451	1910870
1452	1911082
1453	1920611
1454	1921299
1455	1921815
1456	1924039
1457	1924059
1458	1924097
1459	1926696
1460	1926909
1461	1926948
1462	1928719
1463	1929998
1464	1930080
1465	1930413
1466	1931970
1467	1933778
1468	1933895
1469	1935401
1470	1936664
1471	1937233
1472	1940329
1473	1941699
1474	1943188
1475	1944362
1476	1944887
1477	1946114
1478	1947401
1479	1948743
1480	1950291
1481	1950308
1482	1956575
1483	1962036
1484	1963524
1485	1963836
1486	1964037
1487	1967497
1488	1968342
1489	1968831
1490	1969688
1491	1970335
1492	1971193
1493	1974673
1494	1977147
1495	1977878
1496	1983606
1497	1986084
1498	1989988
1499	1990699
1500	1992257
1501	1993415
1502	1994237
1503	1996633
1504	1999222
1505	2000695
1506	2003124
1507	2003490
1508	2003590
1509	2005374
1510	2006018
1511	2007300
1512	2011747
1513	2011750
1514	2011824
1515	2012977
1516	2015320
1517	2017391
1518	2017943
1519	2018620
1520	2020396
1521	2020721
1522	2023404
1523	2028535
1524	2029217
1525	2030097
1526	2030803
1527	2031830
1528	2033094
1529	2034022
1530	2040521
1531	2040883
1532	2041494
1533	2043197
1534	2043287
1535	2044448
1536	2047765
1537	2048890
1538	2049869
1539	2051791
1540	2055222
1541	2058556
1542	2059735
1543	2060909
1544	2061910
1545	2063944
1546	2065488
1547	2066263
1548	2068669
1549	2074399
1550	2075505
1551	2078964
1552	2079831
1553	2082311
1554	2083652
1555	2086135
1556	2086969
1557	2088761
1558	2089181
1559	2090355
1560	2093618
1561	2094112
1562	2094305
1563	2095800
1564	2096406
1565	2099415
1566	2100523
1567	2104127
1568	2105674
1569	2105745
1570	2109150
1571	2110433
1572	2111627
1573	2112830
1574	2114696
1575	2115263
1576	2115264
1577	2115793
1578	2115815
1579	2116013
1580	2116040
1581	2116146
1582	2116424
1583	2116505
1584	2116669
1585	2116718
1586	2116829
1587	2118275
1588	2119365
1589	2119392
1590	2119468
1591	2119639
1592	2120873
1593	2121305
1594	2121378
1595	2121898
1596	2122206
1597	2122352
1598	2123869
1599	2123920
1600	2124300
1601	2124808
1602	2126601
1603	2127362
1604	2127363
1605	2127823
1606	2128571
1607	2131753
1608	2132052
1609	2135230
1610	2137189
1611	2138711
1612	2141005
1613	2142058
1614	2148356
1615	2148809
1616	2154646
1617	2155013
1618	2157242
1619	2159412
1620	2165386
1621	2165927
1622	2166535
1623	2166647
1624	2167319
1625	2168173
1626	2168287
1627	2169165
1628	2170547
1629	2174865
1630	2175587
1631	2175970
1632	2181587
1633	2181893
1634	2182111
1635	2182349
1636	2183936
1637	2184897
1638	2184965
1639	2186579
1640	2188747
1641	2198651
1642	2200103
1643	2200732
1644	2200962
1645	2202139
1646	2203382
1647	2206639
1648	2206714
1649	2207236
1650	2207245
1651	2211668
1652	2211942
1653	2212536
1654	2214348
1655	2214645
1656	2215739
1657	2217277
1658	2217970
1659	2218521
1660	2219070
1661	2219155
1662	2219757
1663	2220113
1664	2224340
1665	2230788
1666	2230820
1667	2234495
1668	2234720
1669	2235048
1670	2235172
1671	2238191
1672	2238472
1673	2238662
1674	2238680
1675	2239127
1676	2239468
1677	2254419
1678	2254583
1679	2262702
1680	2263547
1681	2264148
1682	2265716
1683	2268391
1684	2269376
1685	2269401
1686	2269447
1687	2269690
1688	2269824
1689	2269826
1690	2270815
1691	2271752
1692	2272951
1693	2274434
1694	2274765
1695	2275439
1696	2275440
1697	2275455
1698	2275463
1699	2275508
1700	2275921
1701	2276294
1702	2276655
1703	2278551
1704	2279187
1705	2283226
1706	2284675
1707	2287295
1708	2288705
1709	2289728
1710	2292331
1711	2293008
1712	2298949
1713	2301042
1714	2301051
1715	2301200
1716	2306782
1717	2306998
1718	2309287
1719	2309296
1720	2311044
1721	2312059
1722	2315582
1723	2316170
1724	2316360
1725	2317622
1726	2317784
1727	2317831
1728	2317911
1729	2319554
1730	2320316
1731	2320540
1732	2322095
1733	2322490
1734	2324509
1735	2326714
1736	2328525
1737	2328799
1738	2331520
1739	2331588
1740	2333779
1741	2338977
1742	2339095
1743	2339217
1744	2343011
1745	2344305
1746	2344787
1747	2345191
1748	2345732
1749	2345803
1750	2347173
1751	2347320
1752	2347504
1753	2349067
1754	2352947
1755	2356697
1756	2360921
1757	2362361
1758	2363369
1759	2366829
1760	2367360
1761	2368493
1762	2368720
1763	2370349
1764	2370912
1765	2372112
1766	2372491
1767	2372721
1768	2373753
1769	2376085
1770	2377771
1771	2378341
1772	2378802
1773	2384195
1774	2386469
1775	2387115
1776	2388071
1777	2389287
1778	2395657
1779	2395822
1780	2397601
1781	2398086
1782	2401543
1783	2402139
1784	2402997
1785	2403054
1786	2403643
1787	2403853
1788	2407473
1789	2407516
1790	2408447
1791	2408840
1792	2412858
1793	2414869
1794	2416227
1795	2416605
1796	2416769
1797	2417069
1798	2419201
1799	2420126
1800	2422007
1801	2423927
1802	2427412
1803	2427443
1804	2429300
1805	2429792
1806	2429821
1807	2429864
1808	2433268
1809	2436784
1810	2437853
1811	2439366
1812	2439595
1813	2439726
1814	2441339
1815	2441881
1816	2444740
1817	2447312
1818	2447621
1819	2447980
1820	2450951
1821	2451917
1822	2456545
1823	2459760
1824	2459766
1825	2460095
1826	2460215
1827	2460533
1828	2463848
1829	2464064
1830	2467763
1831	2468130
1832	2468622
1833	2472049
1834	2472818
1835	2484242
1836	2488887
1837	2490943
1838	2494215
1839	2495453
1840	2495686
1841	2495954
1842	2498059
1843	2498281
1844	2498354
1845	2498455
1846	2499090
1847	2500299
1848	2501116
1849	2506063
1850	2507976
1851	2509206
1852	2510853
1853	2512037
1854	2513400
1855	2514213
1856	2517097
1857	2517282
1858	2517350
1859	2518840
1860	2519447
1861	2519784
1862	2521135
1863	2521778
1864	2523524
1865	2523711
1866	2527082
1867	2530222
1868	2530649
1869	2531394
1870	2531544
1871	2533820
1872	2535269
1873	2536266
1874	2536347
1875	2536962
1876	2537727
1877	2539154
1878	2542188
1879	2542313
1880	2543084
1881	2543936
1882	2546077
1883	2546170
1884	2548109
1885	2548300
1886	2548729
1887	2551216
1888	2552116
1889	2552747
1890	2553176
1891	2553774
1892	2554252
1893	2555453
1894	2555810
1895	2556701
1896	2559921
1897	2560781
1898	2561800
1899	2562238
1900	2562756
1901	2565615
1902	2567003
1903	2571583
1904	2572529
1905	2573449
1906	2573743
1907	2574004
1908	2574108
1909	2574284
1910	2574596
1911	2575956
1912	2576853
1913	2578827
1914	2581866
1915	2581920
1916	2582322
1917	2584343
1918	2587051
1919	2591427
1920	2593808
1921	2594098
1922	2596867
1923	2597711
1924	2597813
1925	2603327
1926	2607277
1927	2616930
1928	2619119
1929	2619127
1930	2623016
1931	2623960
1932	2629972
1933	2631775
1934	2632077
1935	2632374
1936	2633249
1937	2634931
1938	2638726
1939	2640295
1940	2641194
1941	2641647
1942	2645244
1943	2646699
1944	2647177
1945	2649677
1946	2649949
1947	2650240
1948	2650853
1949	2654119
1950	2656279
1951	2660342
1952	2660408
1953	2661084
1954	2662629
1955	2665671
1956	2666554
1957	2667677
1958	2668771
1959	2669071
1960	2672637
1961	2673557
1962	2675649
1963	2678287
1964	2682294
1965	2684275
1966	2690899
1967	2691476
1968	2696779
1969	2701788
1970	2703473
1971	2704470
1972	2705830
1973	2706236
1974	2707478
1975	2709401
1976	2710194
1977	2710302
1978	2711942
1979	2712197
1980	2714879
1981	2717037
1982	2717118
1983	2717888
1984	2718354
1985	2720482
1986	2721297
1987	2725968
1988	2726121
1989	2726930
1990	2727296
1991	2727651
1992	2728267
1993	2730961
1994	2731478
1995	2731686
1996	2732377
1997	2733216
1998	2735875
1999	2736012
2000	2737436
2001	2738900
2002	2740225
2003	2740652
2004	2740755
2005	2745079
2006	2751496
2007	2751783
2008	2754215
2009	2760367
2010	2760404
2011	2774057
2012	2775050
2013	2775723
2014	2776078
2015	2776147
2016	2777727
2017	2780145
2018	2780953
2019	2781723
2020	2782332
2021	2784324
2022	2789815
2023	2801445
2024	2803181
2025	2804726
2026	2804885
2027	2805348
2028	2806821
2029	2807979
2030	2809785
2031	2810868
2032	2812642
2033	2814758
2034	2815502
2035	2815676
2036	2817799
2037	2818497
2038	2818521
2039	2820167
2040	2820651
2041	2820656
2042	2822967
2043	2825422
2044	2827271
2045	2828495
2046	2828697
2047	2829906
2048	2831723
2049	2840165
2050	2844968
2051	2845168
2052	2850226
2053	2851461
2054	2851713
2055	2854570
2056	2855182
2057	2855821
2058	2856500
2059	2856679
2060	2860248
2061	2860582
2062	2863106
2063	2866817
2064	2867052
2065	2867642
2066	2867851
2067	2870763
2068	2872026
2069	2872203
2070	2878040
2071	2878485
2072	2879598
2073	2880896
2074	2881650
2075	2888080
2076	2890313
2077	2891256
2078	2891530
2079	2891700
2080	2891869
2081	2892788
2082	2895502
2083	2896740
2084	2899295
2085	2899577
2086	2899715
2087	2900276
2088	2901641
2089	2902257
2090	2906377
2091	2910071
2092	2912632
2093	2913149
2094	2913396
2095	2913441
2096	2914614
2097	2920676
2098	2921353
2099	2921632
2100	2924106
2101	2924859
2102	2925514
2103	2926565
2104	2926722
2105	2927083
2106	2927102
2107	2927187
2108	2927205
2109	2930072
2110	2930363
2111	2930507
2112	2931257
2113	2935685
2114	2936401
2115	2938733
2116	2940623
2117	2943033
2118	2945493
2119	2945700
2120	2946021
2121	2950563
2122	2955901
2123	2956317
2124	2957254
2125	2957971
2126	2960680
2127	2963977
2128	2964999
2129	2965921
2130	2969119
2131	2970026
2132	2970425
2133	2970579
2134	2977121
2135	2977226
2136	2977229
2137	2978374
2138	2978799
2139	2979682
2140	2979916
2141	2981212
2142	2981377
2143	2989514
2144	2990150
2145	2990918
2146	2992340
2147	2997476
2148	2998017
2149	2998109
2150	2998179
2151	2998686
2152	2999372
2153	2999976
2154	3002428
2155	3005207
2156	3005741
2157	3008043
2158	3008941
2159	3009181
2160	3010945
2161	3011122
2162	3011418
2163	3012247
2164	3013762
2165	3015988
2166	3016175
2167	3016895
2168	3017804
2169	3019188
2170	3020036
2171	3021250
2172	3022315
2173	3023991
2174	3024082
2175	3024249
2176	3024730
2177	3026300
2178	3026376
2179	3027662
2180	3029333
2181	3029450
2182	3030632
2183	3030727
2184	3030802
2185	3031870
2186	3032858
2187	3037783
2188	3039197
2189	3039310
2190	3039755
2191	3040868
2192	3043758
2193	3044265
2194	3045347
2195	3047105
2196	3047644
2197	3048201
2198	3051065
2199	3051292
2200	3054016
2201	3054954
2202	3057114
2203	3057124
2204	3057161
2205	3057870
2206	3058277
2207	3059634
2208	3059918
2209	3068704
2210	3070616
2211	3071352
2212	3072035
2213	3075458
2214	3075776
2215	3076050
2216	3076110
2217	3080694
2218	3082353
2219	3085193
2220	3086507
2221	3090640
2222	3090722
2223	3090906
2224	3093876
2225	3096072
2226	3096477
2227	3096969
2228	3097168
2229	3097403
2230	3099556
2231	3100797
2232	3100920
2233	3101129
2234	3101554
2235	3102778
2236	3103147
2237	3103229
2238	3104142
2239	3104486
2240	3105757
2241	3106332
2242	3108130
2243	3109982
2244	3110858
2245	3112669
2246	3112924
2247	3113891
2248	3117348
2249	3118984
2250	3120057
2251	3120966
2252	3121982
2253	3124475
2254	3126730
2255	3126760
2256	3127552
2257	3127994
2258	3132639
2259	3133744
2260	3134278
2261	3137320
2262	3138592
2263	3140183
2264	3142179
2265	3143619
2266	3148817
2267	3149323
2268	3150703
2269	3152531
2270	3152586
2271	3154514
2272	3157666
2273	3159208
2274	3159732
2275	3160051
2276	3165426
2277	3166984
2278	3167412
2279	3174359
2280	3175296
2281	3176737
2282	3177411
2283	3180137
2284	3180456
2285	3182112
2286	3182203
2287	3183835
2288	3187164
2289	3188090
2290	3189772
2291	3190542
2292	3191237
2293	3191340
2294	3191366
2295	3191638
2296	3192594
2297	3193208
2298	3196669
2299	3197135
2300	3201250
2301	3202695
2302	3203925
2303	3209115
2304	3209198
2305	3210192
2306	3210280
2307	3211048
2308	3211162
2309	3211438
2310	3212666
2311	3215290
2312	3215535
2313	3216212
2314	3216290
2315	3217941
2316	3219733
2317	3220028
2318	3220147
2319	3223166
2320	3223758
2321	3224891
2322	3225420
2323	3225435
2324	3225640
2325	3226274
2326	3226394
2327	3228985
2328	3230822
2329	3232232
2330	3232317
2331	3234517
2332	3235177
2333	3235179
2334	3235880
2335	3236238
2336	3236296
2337	3236317
2338	3237133
2339	3238806
2340	3238891
2341	3240327
2342	3240476
2343	3241125
2344	3241182
2345	3242553
2346	3243416
2347	3243595
2348	3243610
2349	3243648
2350	3243731
2351	3244382
2352	3244445
2353	3244458
2354	3244559
2355	3246122
2356	3248058
2357	3248199
2358	3248325
2359	3248674
2360	3250524
2361	3250819
2362	3252519
2363	3253079
2364	3254219
2365	3254358
2366	3254860
2367	3254880
2368	3254905
2369	3255088
2370	3256240
2371	3256572
2372	3256677
2373	3256991
2374	3257070
2375	3257087
2376	3257133
2377	3257718
2378	3258006
2379	3258245
2380	3258639
2381	3258645
2382	3258764
2383	3258858
2384	3259018
2385	3259494
2386	3259659
2387	3259775
2388	3259791
2389	3260614
2390	3261005
2391	3261316
2392	3261824
2393	3262000
2394	3262657
2395	3263442
2396	3263810
2397	3264361
2398	3264829
2399	3265004
2400	3265026
2401	3265157
2402	3265736
2403	3265832
2404	3265883
2405	3266977
2406	3267537
2407	3267618
2408	3267975
2409	3267980
2410	3268009
2411	3268175
