1	300
2	527
3	2329
4	2359
5	2763
6	4949
7	6015
8	7170
9	7340
10	8011
11	8639
12	11334
13	11867
14	12279
15	14650
16	16533
17	18270
18	19072
19	19273
20	22810
21	23173
22	23740
23	28054
24	29006
25	29023
26	29330
27	30067
28	30291
29	32593
30	34230
31	34523
32	34650
33	35560
34	35594
35	37391
36	43901
37	44352
38	44805
39	46112
40	47412
41	50741
42	50795
43	54217
44	55901
45	57683
46	57913
47	62016
48	62710
49	64982
50	65192
51	65934
52	66943
53	67219
54	67669
55	68596
56	71929
57	72141
58	75304
59	76200
60	77164
61	77862
62	79157
63	79391
64	79675
65	81396
66	81808
67	82859
68	87750
69	87834
70	89634
71	91157
72	91521
73	91721
74	91986
75	95286
76	98380
77	100039
78	100136
79	100855
80	101170
81	101849
82	102340
83	103268
84	106007
85	106308
86	106580
87	106930
88	107278
89	107704
90	109074
91	112353
92	114882
93	116739
94	117019
95	118011
96	120383
97	121228
98	122522
99	123292
100	127216
101	127894
102	128331
103	129949
104	130464
105	131247
106	131466
107	131611
108	134962
109	135076
110	135114
111	136818
112	136819
113	139891
114	140842
115	141582
116	142256
117	142791
118	143256
119	144264
120	146218
121	146863
122	147358
123	148561
124	150095
125	151684
126	153246
127	154158
128	155892
129	157010
130	157399
131	159656
132	160362
133	160463
134	160581
135	163338
136	163746
137	164679
138	166246
139	167297
140	167466
141	167899
142	168327
143	169026
144	172901
145	174027
146	174705
147	175792
148	176052
149	176491
150	177532
151	179576
152	181956
153	184351
154	186501
155	187562
156	187762
157	187833
158	187904
159	188167
160	188344
161	188501
162	188601
163	188919
164	190430
165	191020
166	193092
167	196970
168	197099
169	197659
170	198431
171	199097
172	200964
173	202998
174	204884
175	205149
176	206779
177	208150
178	209048
179	209584
180	210548
181	212335
182	212825
183	213095
184	217533
185	220522
186	222370
187	223102
188	223763
189	224497
190	224662
191	225339
192	225817
193	227030
194	228410
195	228819
196	230122
197	230601
198	234434
199	234750
200	235655
201	236926
202	237781
203	238264
204	238907
205	238926
206	240017
207	242298
208	244385
209	246245
210	246609
211	247846
212	248376
213	248639
214	248754
215	250877
216	253618
217	254755
218	255399
219	256253
220	257056
221	257678
222	257806
223	258030
224	259586
225	259654
226	261155
227	262386
228	263332
229	263977
230	268156
231	273166
232	274578
233	274935
234	277393
235	278368
236	279215
237	279952
238	279961
239	280824
240	281185
241	287346
242	287722
243	289350
244	290184
245	294305
246	294641
247	295503
248	296476
249	296616
250	297332
251	298562
252	299275
253	300272
254	303515
255	305671
256	305684
257	307581
258	309767
259	310081
260	312518
261	312650
262	312698
263	312782
264	313211
265	313986
266	314182
267	316536
268	318008
269	319258
270	320037
271	321695
272	322361
273	324746
274	326352
275	327099
276	329040
277	332379
278	333183
279	334432
280	335525
281	336306
282	336443
283	336477
284	337347
285	338015
286	338020
287	338372
288	339409
289	339986
290	342425
291	343033
292	343293
293	345801
294	350929
295	351067
296	353292
297	355079
298	355082
299	355632
300	356267
301	357645
302	360060
303	361396
304	363332
305	363615
306	363650
307	364695
308	368324
309	368781
310	368785
311	368952
312	370506
313	371333
314	371862
315	372522
316	372845
317	372917
318	373866
319	375061
320	376317
321	376837
322	379748
323	379913
324	380013
325	381575
326	383672
327	384609
328	387347
329	387832
330	389532
331	392426
332	392518
333	392625
334	393001
335	393790
336	395377
337	400556
338	400705
339	401683
340	402019
341	404536
342	404538
343	405205
344	406456
345	406472
346	408601
347	410284
348	411356
349	413397
350	414146
351	414334
352	416098
353	416102
354	418119
355	418784
356	418971
357	420004
358	423052
359	425645
360	425852
361	426039
362	426827
363	428048
364	428091
365	429500
366	431542
367	432086
368	435395
369	440497
370	440605
371	441003
372	441717
373	442069
374	442182
375	446796
376	447183
377	449765
378	449804
379	450214
380	451831
381	452309
382	452317
383	453284
384	454198
385	455064
386	455913
387	456408
388	458594
389	459155
390	461631
391	464779
392	465006
393	465808
394	466690
395	466769
396	468772
397	468810
398	469519
399	470057
400	472292
401	474463
402	475145
403	475211
404	476903
405	479043
406	479059
407	479507
408	480801
409	482439
410	482733
411	483049
412	483643
413	485082
414	487703
415	488761
416	488813
417	489000
418	489154
419	491362
420	492205
421	492704
422	493132
423	493227
424	493696
425	494772
426	494784
427	496753
428	496797
429	498477
430	500990
431	501181
432	502029
433	502632
434	503068
435	503815
436	506182
437	508192
438	511485
439	511894
440	512001
441	512687
442	513252
443	513496
444	513548
445	513564
446	513841
447	514244
448	514495
449	516837
450	519684
451	527456
452	530110
453	530352
454	531605
455	537386
456	538871
457	540643
458	544747
459	545785
460	546771
461	547037
462	548254
463	550807
464	551236
465	552084
466	552292
467	552309
468	554419
469	555242
470	558628
471	560092
472	565100
473	569233
474	569513
475	571653
476	572287
477	573232
478	573302
479	574458
480	574628
481	575409
482	575834
483	577754
484	580064
485	580375
486	581466
487	582245
488	582414
489	582691
490	582931
491	585943
492	588806
493	588867
494	589079
495	589782
496	590222
497	591015
498	592199
499	595149
500	597348
501	597402
502	598313
503	600103
504	600876
505	601805
506	603173
507	605358
508	606813
509	607775
510	609725
511	611894
512	613084
513	613162
514	613611
515	613948
516	614805
517	616559
518	617373
519	617643
520	618138
521	618424
522	619302
523	619376
524	619917
525	619997
526	622011
527	623199
528	623586
529	624326
530	624942
531	628255
532	628532
533	628796
534	629594
535	631081
536	632475
537	632571
538	633969
539	637181
540	637432
541	637466
542	637555
543	637762
544	638419
545	638973
546	639663
547	640498
548	641062
549	642408
550	643683
551	648220
552	648500
553	648766
554	650383
555	651078
556	651432
557	654325
558	655000
559	655325
560	657686
561	659101
562	660400
563	662071
564	663414
565	665023
566	671028
567	671177
568	672189
569	676256
570	680281
571	680824
572	681917
573	683008
574	683304
575	684272
576	685268
577	685502
578	686161
579	686633
580	687532
581	689419
582	689759
583	690196
584	690767
585	691535
586	694776
587	695702
588	696566
589	704241
590	704831
591	706801
592	706854
593	707011
594	707381
595	707923
596	710756
597	712737
598	712933
599	713154
600	713478
601	717715
602	719091
603	719755
604	720231
605	720396
606	722327
607	722823
608	725791
609	726291
610	726626
611	727814
612	728525
613	728551
614	729013
615	732257
616	734295
617	734531
618	739653
619	740811
620	741239
621	742794
622	742978
623	743990
624	744079
625	744281
626	744542
627	746578
628	751782
629	753900
630	756100
631	756397
632	759779
633	760724
634	761864
635	761868
636	761885
637	762435
638	762452
639	762532
640	762659
641	762923
642	763123
643	764857
644	765282
645	767642
646	768134
647	768413
648	768415
649	769361
650	769450
651	769983
652	773634
653	774602
654	780084
655	781465
656	785900
657	786934
658	787060
659	788082
660	790439
661	791460
662	792396
663	793749
664	794806
665	795444
666	796094
667	797827
668	798372
669	798508
670	798867
671	799417
672	800577
673	801731
674	802146
675	803706
676	804145
677	805693
678	806974
679	807909
680	808666
681	809002
682	809745
683	810375
684	810784
685	812878
686	813093
687	814121
688	814123
689	814318
690	815374
691	815909
692	818436
693	818572
694	819103
695	824059
696	824386
697	824525
698	824527
699	826213
700	828947
701	831015
702	831084
703	831511
704	832166
705	832513
706	833322
707	833460
708	834805
709	835753
710	838323
711	838555
712	838610
713	843936
714	844027
715	844523
716	844593
717	845938
718	846245
719	848224
720	848829
721	849008
722	849247
723	849489
724	850089
725	850447
726	851550
727	851850
728	852753
729	856954
730	857216
731	860234
732	860603
733	862197
734	862841
735	863159
736	866190
737	866373
738	868154
739	869095
740	869154
741	872415
742	873068
743	874215
744	875960
745	877113
746	877534
747	877536
748	879178
749	879840
750	879985
751	883421
752	883608
753	883691
754	887384
755	888358
756	889777
757	889835
758	891253
759	891259
760	892054
761	893484
762	894763
763	895251
764	897215
765	897815
766	898583
767	899495
768	899585
769	899778
770	901421
771	902196
772	902251
773	902776
774	903184
775	903854
776	904180
777	905811
778	906604
779	908423
780	908839
781	912166
782	913159
783	913656
784	913957
785	914567
786	915525
787	916815
788	917437
789	918636
790	919752
791	921407
792	922175
793	922203
794	922244
795	922327
796	922394
797	922605
798	922750
799	922754
800	923184
801	923481
802	925322
803	927817
804	929724
805	929886
806	929891
807	931289
808	931293
809	936036
810	937520
811	937535
812	937864
813	939103
814	941429
815	941892
816	942094
817	943729
818	944436
819	945616
820	945769
821	945770
822	946933
823	947150
824	947196
825	948953
826	949548
827	949605
828	950486
829	952098
830	953197
831	954742
832	955661
833	957010
834	957752
835	957793
836	960025
837	960062
838	960375
839	960717
840	961116
841	961816
842	962326
843	962496
844	962840
845	963601
846	963661
847	964693
848	965244
849	966222
850	966336
851	967266
852	972350
853	972447
854	972855
855	972911
856	975613
857	975616
858	976287
859	977035
860	979162
861	980313
862	980448
863	981614
864	982118
865	983450
866	983695
867	984097
868	985099
869	987828
870	989129
871	991337
872	991676
873	991740
874	993421
875	993707
876	994797
877	995832
878	996204
879	996672
880	997156
881	997353
882	997507
883	998617
884	998720
885	1000684
886	1002286
887	1004729
888	1005156
889	1005462
890	1006062
891	1006744
892	1007128
893	1009896
894	1012138
895	1014224
896	1014912
897	1015993
898	1018190
899	1020893
900	1026262
901	1026287
902	1027438
903	1027695
904	1028055
905	1030104
906	1031383
907	1031679
908	1032699
909	1033337
910	1034849
911	1039005
912	1039444
913	1039874
914	1042392
915	1042679
916	1043274
917	1044664
918	1045193
919	1046864
920	1047351
921	1048077
922	1052100
923	1052224
924	1052365
925	1056380
926	1058798
927	1060513
928	1061521
929	1061806
930	1062155
931	1063656
932	1065089
933	1065193
934	1068628
935	1070178
936	1072145
937	1076982
938	1079731
939	1080882
940	1082447
941	1082700
942	1083273
943	1083589
944	1084775
945	1088823
946	1091877
947	1094867
948	1096935
949	1099079
950	1099900
951	1100577
952	1100799
953	1101734
954	1102032
955	1104081
956	1105207
957	1108258
958	1109997
959	1110789
960	1111427
961	1111476
962	1112461
963	1115364
964	1117177
965	1118811
966	1119131
967	1121430
968	1123582
969	1124207
970	1125294
971	1125375
972	1131104
973	1132630
974	1135007
975	1136415
976	1137339
977	1137751
978	1138688
979	1138751
980	1140056
981	1140298
982	1140551
983	1140643
984	1141678
985	1141763
986	1143000
987	1143284
988	1145214
989	1145288
990	1145829
991	1146442
992	1148260
993	1148397
994	1148489
995	1148914
996	1149005
997	1149318
998	1149371
999	1150450
1000	1150461
1001	1150523
1002	1153832
1003	1153943
1004	1156970
1005	1158785
1006	1160830
1007	1161540
1008	1161853
1009	1163595
1010	1167394
1011	1170156
1012	1170299
1013	1172727
1014	1173188
1015	1174849
1016	1175359
1017	1176685
1018	1177220
1019	1179083
1020	1180477
1021	1180754
1022	1180954
1023	1185463
1024	1188234
1025	1189403
1026	1190147
1027	1191820
1028	1192638
1029	1192768
1030	1193473
1031	1193940
1032	1196551
1033	1197168
1034	1198631
1035	1199484
1036	1201720
1037	1203035
1038	1205268
1039	1207847
1040	1207920
1041	1208024
1042	1208591
1043	1209561
1044	1210204
1045	1210711
1046	1211267
1047	1212227
1048	1212900
1049	1213612
1050	1214443
1051	1214973
1052	1215126
1053	1216314
1054	1217113
1055	1218346
1056	1219030
1057	1220134
1058	1220597
1059	1223970
1060	1223995
1061	1224535
1062	1225687
1063	1225739
1064	1225816
1065	1226037
1066	1226294
1067	1227117
1068	1227496
1069	1229072
1070	1229386
1071	1229593
1072	1230011
1073	1230665
1074	1231065
1075	1232005
1076	1235617
1077	1237389
1078	1240148
1079	1241095
1080	1241556
1081	1242577
1082	1242664
1083	1242926
1084	1243305
1085	1243926
1086	1247925
1087	1248094
1088	1248157
1089	1248341
1090	1249463
1091	1251445
1092	1252155
1093	1252965
1094	1253825
1095	1255402
1096	1255616
1097	1257071
1098	1257419
1099	1257439
1100	1259915
1101	1261829
1102	1262907
1103	1265989
1104	1266018
1105	1266968
1106	1268646
1107	1269879
1108	1272234
1109	1273621
1110	1273991
1111	1274725
1112	1275219
1113	1276697
1114	1277609
1115	1278698
1116	1281511
1117	1283875
1118	1285959
1119	1286086
1120	1286135
1121	1286358
1122	1288617
1123	1288658
1124	1289613
1125	1289720
1126	1289934
1127	1291758
1128	1292164
1129	1293839
1130	1293843
1131	1294101
1132	1297909
1133	1298549
1134	1300172
1135	1302109
1136	1302854
1137	1304018
1138	1304146
1139	1304857
1140	1308941
1141	1309847
1142	1309879
1143	1310443
1144	1310936
1145	1311169
1146	1311341
1147	1312610
1148	1312618
1149	1312634
1150	1317403
1151	1318865
1152	1319920
1153	1320802
1154	1322227
1155	1324631
1156	1325481
1157	1325890
1158	1326573
1159	1327471
1160	1327675
1161	1331081
1162	1332557
1163	1336468
1164	1336650
1165	1336899
1166	1337077
1167	1337701
1168	1337891
1169	1339185
1170	1339723
1171	1340372
1172	1342674
1173	1346645
1174	1347430
1175	1348329
1176	1349719
1177	1351372
1178	1352543
1179	1353353
1180	1354493
1181	1356230
1182	1357283
1183	1358058
1184	1360834
1185	1362448
1186	1362751
1187	1365894
1188	1369640
1189	1372206
1190	1373865
1191	1375342
1192	1376629
1193	1377339
1194	1377703
1195	1377826
1196	1379747
1197	1379910
1198	1380104
1199	1384214
1200	1385933
1201	1387794
1202	1387969
1203	1388132
1204	1389021
1205	1389827
1206	1391311
1207	1393213
1208	1394013
1209	1395352
1210	1396298
1211	1396671
1212	1397151
1213	1398034
1214	1398593
1215	1399025
1216	1400901
1217	1403449
1218	1404986
1219	1405303
1220	1406100
1221	1406577
1222	1406882
1223	1406885
1224	1406888
1225	1408132
1226	1412086
1227	1413869
1228	1414408
1229	1414519
1230	1414524
1231	1416841
1232	1417060
1233	1419603
1234	1419683
1235	1420988
1236	1425026
1237	1426192
1238	1428302
1239	1428963
1240	1429239
1241	1430713
1242	1432629
1243	1432747
1244	1433431
1245	1434032
1246	1435064
1247	1438685
1248	1439466
1249	1441689
1250	1442135
1251	1442995
1252	1443874
1253	1445185
1254	1446071
1255	1447135
1256	1447489
1257	1448476
1258	1449277
1259	1450304
1260	1451672
1261	1453260
1262	1453508
1263	1453896
1264	1454530
1265	1456889
1266	1457273
1267	1457650
1268	1459041
1269	1460496
1270	1460665
1271	1461648
1272	1462187
1273	1463152
1274	1463376
1275	1463436
1276	1465227
1277	1466373
1278	1467294
1279	1467748
1280	1471021
1281	1471329
1282	1472624
1283	1473582
1284	1478124
1285	1479104
1286	1479670
1287	1481195
1288	1481377
1289	1481844
1290	1482090
1291	1482710
1292	1484559
1293	1485216
1294	1485463
1295	1485730
1296	1486052
1297	1486279
1298	1487837
1299	1488639
1300	1489649
1301	1490814
1302	1493985
1303	1494137
1304	1496939
1305	1499077
1306	1500467
1307	1500852
1308	1501152
1309	1501631
1310	1501638
1311	1503016
1312	1504402
1313	1504587
1314	1506410
1315	1507735
1316	1509871
1317	1510504
1318	1510918
1319	1511239
1320	1512220
1321	1512840
1322	1513265
1323	1513552
1324	1514614
1325	1514630
1326	1515288
1327	1515714
1328	1518400
1329	1520352
1330	1522818
1331	1522990
1332	1523716
1333	1524048
1334	1525512
1335	1528239
1336	1528396
1337	1529424
1338	1531860
1339	1532646
1340	1532822
1341	1533036
1342	1533197
1343	1533676
1344	1533990
1345	1537327
1346	1538645
1347	1539695
1348	1539848
1349	1539875
1350	1543237
1351	1547562
1352	1547770
1353	1548670
1354	1552144
1355	1553802
1356	1554383
1357	1555310
1358	1555485
1359	1555968
1360	1556149
1361	1556404
1362	1556619
1363	1558048
1364	1558591
1365	1560161
1366	1560784
1367	1560820
1368	1561462
1369	1561832
1370	1562495
1371	1564072
1372	1565021
1373	1565389
1374	1566109
1375	1566241
1376	1566652
1377	1570658
1378	1572328
1379	1573204
1380	1574045
1381	1574954
1382	1580735
1383	1581193
1384	1581623
1385	1584000
1386	1584087
1387	1588051
1388	1589872
1389	1591980
1390	1592324
1391	1593039
1392	1593951
1393	1595769
1394	1596636
1395	1597003
1396	1598055
1397	1601219
1398	1602069
1399	1602254
1400	1606463
1401	1610628
1402	1610777
1403	1614256
1404	1616085
1405	1616609
1406	1617720
1407	1618495
1408	1619675
1409	1620943
1410	1621195
1411	1622436
1412	1622871
1413	1622980
1414	1624172
1415	1624923
1416	1625381
1417	1625764
1418	1625903
1419	1625904
1420	1625921
1421	1626785
1422	1626854
1423	1626855
1424	1626860
1425	1626863
1426	1626869
1427	1627501
1428	1627965
1429	1629313
1430	1629489
1431	1629579
1432	1629613
1433	1629646
1434	1632495
1435	1632548
1436	1637321
1437	1637528
1438	1637819
1439	1637835
1440	1638079
1441	1638515
1442	1639130
1443	1639270
1444	1640565
1445	1643219
1446	1643751
1447	1643934
1448	1644230
1449	1644231
1450	1644564
1451	1646149
1452	1646870
1453	1647527
1454	1649352
1455	1651098
1456	1651172
1457	1653422
1458	1657789
1459	1659847
1460	1660336
1461	1661936
1462	1662421
1463	1663131
1464	1664262
1465	1664775
1466	1664865
1467	1665300
1468	1665381
1469	1668802
1470	1670478
1471	1670778
1472	1674631
1473	1675265
1474	1675684
1475	1678406
1476	1678678
1477	1679296
1478	1680213
1479	1680542
1480	1681732
1481	1682074
1482	1682244
1483	1683198
1484	1683453
1485	1683454
1486	1685704
1487	1686584
1488	1688072
1489	1688376
1490	1689067
1491	1689335
1492	1690304
1493	1693093
1494	1695645
1495	1695855
1496	1701000
1497	1703014
1498	1704284
1499	1704288
1500	1704597
1501	1706191
1502	1706519
1503	1707078
1504	1707079
1505	1707806
1506	1708458
1507	1709062
1508	1709457
1509	1710596
1510	1712283
1511	1713238
1512	1714102
1513	1714385
1514	1714466
1515	1715079
1516	1715194
1517	1715556
1518	1715560
1519	1716217
1520	1716372
1521	1718431
1522	1718621
1523	1718647
1524	1719276
1525	1721031
1526	1721441
1527	1721726
1528	1723139
1529	1723543
1530	1724502
1531	1725084
1532	1725189
1533	1726093
1534	1727475
1535	1729866
1536	1731325
1537	1735935
1538	1736320
1539	1736449
1540	1737826
1541	1739357
1542	1739592
1543	1740024
1544	1740031
1545	1740866
1546	1743259
1547	1743269
1548	1743912
1549	1744574
1550	1745598
1551	1746219
1552	1746278
1553	1750799
1554	1751091
1555	1752365
1556	1753083
1557	1754765
1558	1755427
1559	1755954
1560	1756221
1561	1758030
1562	1759850
1563	1759930
1564	1762707
1565	1762994
1566	1763620
1567	1764138
1568	1764162
1569	1764243
1570	1764506
1571	1764559
1572	1765637
1573	1766319
1574	1767611
1575	1769293
1576	1769853
1577	1770940
1578	1773288
1579	1774193
1580	1775595
1581	1775904
1582	1776680
1583	1777790
1584	1777846
1585	1778559
1586	1778886
1587	1779447
1588	1779799
1589	1780107
1590	1780658
1591	1782362
1592	1783776
1593	1783794
1594	1784013
1595	1784305
1596	1784375
1597	1784848
1598	1785741
1599	1786885
1600	1787536
1601	1787717
1602	1789391
1603	1789396
1604	1789538
1605	1792188
1606	1792386
1607	1793665
1608	1798098
1609	1804109
1610	1805262
1611	1805480
1612	1806021
1613	1806504
1614	1806698
1615	1808799
1616	1809130
1617	1810526
1618	1810545
1619	1814139
1620	1814397
1621	1815160
1622	1815453
1623	1815591
1624	1815986
1625	1816332
1626	1816905
1627	1817438
1628	1817905
1629	1819214
1630	1820631
1631	1821764
1632	1822046
1633	1823495
1634	1825154
1635	1827041
1636	1827355
1637	1827850
1638	1830465
1639	1831102
1640	1832217
1641	1833030
1642	1834537
1643	1836397
1644	1837491
1645	1838486
1646	1842171
1647	1843397
1648	1843500
1649	1845446
1650	1846441
1651	1846445
1652	1848025
1653	1849498
1654	1850102
1655	1851106
1656	1851197
1657	1852079
1658	1852119
1659	1852146
1660	1853864
1661	1854332
1662	1854349
1663	1854579
1664	1854705
1665	1856625
1666	1858231
1667	1861800
1668	1862277
1669	1863282
1670	1864351
1671	1866146
1672	1866752
1673	1867984
1674	1869932
1675	1873707
1676	1875115
1677	1875180
1678	1878093
1679	1879676
1680	1880366
1681	1881282
1682	1882723
1683	1883750
1684	1883765
1685	1883775
1686	1884177
1687	1884598
1688	1884707
1689	1884757
1690	1885522
1691	1888083
1692	1889852
1693	1891714
1694	1892837
1695	1893945
1696	1895048
1697	1895374
1698	1896798
1699	1897039
1700	1898843
1701	1899079
1702	1899992
1703	1900417
1704	1902541
1705	1902554
1706	1903740
1707	1908537
1708	1909976
1709	1911080
1710	1911453
1711	1912675
1712	1913276
1713	1913721
1714	1915407
1715	1917036
1716	1917807
1717	1919925
1718	1920450
1719	1921696
1720	1921700
1721	1921986
1722	1922242
1723	1922481
1724	1923333
1725	1924257
1726	1925236
1727	1926005
1728	1928464
1729	1928653
1730	1928901
1731	1929056
1732	1932684
1733	1935313
1734	1937795
1735	1939599
1736	1939949
1737	1941094
1738	1941730
1739	1942713
1740	1943178
1741	1943465
1742	1944935
1743	1947411
1744	1948858
1745	1953616
1746	1954042
1747	1954057
1748	1954214
1749	1955439
1750	1956193
1751	1956409
1752	1957318
1753	1958864
1754	1959227
1755	1961923
1756	1963918
1757	1964663
1758	1967343
1759	1968043
1760	1968778
1761	1970510
1762	1975392
1763	1976258
1764	1977594
1765	1978139
1766	1978466
1767	1979191
1768	1980096
1769	1982160
1770	1984129
1771	1984133
1772	1985283
1773	1985442
1774	1985496
1775	1985580
1776	1989425
1777	1989866
1778	1990454
1779	1990548
1780	1990977
1781	1991554
1782	1991695
1783	1993639
1784	1993640
1785	1993735
1786	1993846
1787	1994442
1788	1995634
1789	1995788
1790	1995876
1791	1998747
1792	1999993
1793	2000862
1794	2002918
1795	2007706
1796	2008155
1797	2008349
1798	2008518
1799	2011280
1800	2012021
1801	2013452
1802	2013806
1803	2014143
1804	2014255
1805	2015711
1806	2015742
1807	2016279
1808	2016345
1809	2017210
1810	2017353
1811	2020262
1812	2021733
1813	2022576
1814	2025073
1815	2025429
1816	2025783
1817	2026418
1818	2027254
1819	2028271
1820	2030916
1821	2035129
1822	2035740
1823	2035917
1824	2035954
1825	2036023
1826	2036890
1827	2039388
1828	2039730
1829	2040593
1830	2042106
1831	2047050
1832	2047342
1833	2048411
1834	2049034
1835	2050796
1836	2052216
1837	2052225
1838	2053428
1839	2055261
1840	2055387
1841	2056538
1842	2056687
1843	2056717
1844	2057051
1845	2057589
1846	2057658
1847	2057957
1848	2058208
1849	2058231
1850	2059623
1851	2061036
1852	2063045
1853	2063233
1854	2063338
1855	2067916
1856	2069905
1857	2069917
1858	2072373
1859	2073174
1860	2073265
1861	2075714
1862	2077373
1863	2078343
1864	2078522
1865	2078950
1866	2079132
1867	2079364
1868	2079474
1869	2080916
1870	2081201
1871	2082414
1872	2084754
1873	2085294
1874	2085622
1875	2086064
1876	2089894
1877	2090131
1878	2090685
1879	2091248
1880	2092265
1881	2093171
1882	2094502
1883	2095701
1884	2095774
1885	2098495
1886	2098963
1887	2099044
1888	2099350
1889	2100198
1890	2102237
1891	2103360
1892	2104489
1893	2105411
1894	2105566
1895	2106196
1896	2106546
1897	2107501
1898	2107796
1899	2108444
1900	2108743
1901	2109968
1902	2111605
1903	2113027
1904	2113663
1905	2115650
1906	2116150
1907	2116456
1908	2117674
1909	2121270
1910	2121509
1911	2121793
1912	2124925
1913	2125959
1914	2126153
1915	2126212
1916	2127661
1917	2128767
1918	2130376
1919	2130909
1920	2131232
1921	2132563
1922	2133302
1923	2133382
1924	2133694
1925	2134446
1926	2134825
1927	2138435
1928	2139268
1929	2140904
1930	2141786
1931	2143814
1932	2144422
1933	2144972
1934	2146712
1935	2147278
1936	2151152
1937	2153214
1938	2153750
1939	2154433
1940	2156236
1941	2157178
1942	2157361
1943	2157653
1944	2158385
1945	2158537
1946	2159069
1947	2159471
1948	2160737
1949	2161831
1950	2162397
1951	2162628
1952	2163234
1953	2163371
1954	2164713
1955	2165560
1956	2166562
1957	2168506
1958	2172007
1959	2172452
1960	2173818
1961	2174678
1962	2175775
1963	2175833
1964	2178568
1965	2180985
1966	2181116
1967	2183013
1968	2185408
1969	2185640
1970	2186029
1971	2189234
1972	2189386
1973	2190093
1974	2190335
1975	2190709
1976	2190814
1977	2191786
1978	2192871
1979	2192896
1980	2193332
1981	2195094
1982	2197655
1983	2199426
1984	2200611
1985	2200686
1986	2201327
1987	2201893
1988	2202186
1989	2202334
1990	2205329
1991	2205485
1992	2206466
1993	2206563
1994	2206649
1995	2209708
1996	2211618
1997	2213839
1998	2215508
1999	2216493
2000	2216778
2001	2217892
2002	2218299
2003	2224107
2004	2226139
2005	2227341
2006	2228206
2007	2229425
2008	2230588
2009	2231403
2010	2232019
2011	2232761
2012	2235267
2013	2239982
2014	2242783
2015	2243780
2016	2246271
2017	2246678
2018	2247035
2019	2248751
2020	2250140
2021	2255899
2022	2256392
2023	2257165
2024	2257795
2025	2258429
2026	2260300
2027	2260738
2028	2260836
2029	2263139
2030	2265741
2031	2266754
2032	2268325
2033	2268423
2034	2269832
2035	2269947
2036	2270022
2037	2270569
2038	2271597
2039	2271817
2040	2271870
2041	2272119
2042	2272351
2043	2272930
2044	2273975
2045	2274621
2046	2274684
2047	2274957
2048	2275575
2049	2276118
2050	2276120
2051	2278038
2052	2279553
2053	2279646
2054	2279718
2055	2279737
2056	2279801
2057	2280595
2058	2281416
2059	2281836
2060	2281895
2061	2282795
2062	2282807
2063	2283009
2064	2283621
2065	2284864
2066	2285904
2067	2289585
2068	2292168
2069	2293214
2070	2293509
2071	2295484
2072	2297082
2073	2297651
2074	2297872
2075	2297949
2076	2299168
2077	2302289
2078	2302773
2079	2304187
2080	2305171
2081	2305251
2082	2305462
2083	2306479
2084	2306600
2085	2306642
2086	2307754
2087	2310407
2088	2310608
2089	2315444
2090	2320098
2091	2320955
2092	2321866
2093	2325233
2094	2325412
2095	2325937
2096	2326921
2097	2329724
2098	2332368
2099	2332708
2100	2336040
2101	2337229
2102	2338084
2103	2338781
2104	2340164
2105	2340182
2106	2340904
2107	2342117
2108	2342660
2109	2344129
2110	2344201
2111	2344411
2112	2344890
2113	2345110
2114	2345116
2115	2345158
2116	2347136
2117	2348030
2118	2351305
2119	2352110
2120	2352112
2121	2352848
2122	2352992
2123	2353268
2124	2354283
2125	2357016
2126	2362735
2127	2363305
2128	2364448
2129	2368268
2130	2369739
2131	2372771
2132	2373357
2133	2375931
2134	2378392
2135	2378916
2136	2380032
2137	2381361
2138	2383981
2139	2384501
2140	2385103
2141	2385127
2142	2385812
2143	2386830
2144	2387829
2145	2390231
2146	2390287
2147	2390764
2148	2394230
2149	2397420
2150	2400232
2151	2400249
2152	2402391
2153	2402529
2154	2403688
2155	2405130
2156	2405968
2157	2406866
2158	2409036
2159	2409762
2160	2410102
2161	2411217
2162	2411691
2163	2412340
2164	2413111
2165	2413219
2166	2414874
2167	2416348
2168	2417280
2169	2418434
2170	2418866
2171	2419305
2172	2421336
2173	2421494
2174	2421755
2175	2421885
2176	2422077
2177	2422629
2178	2422969
2179	2423605
2180	2425250
2181	2426022
2182	2427903
2183	2427956
2184	2428183
2185	2429194
2186	2429541
2187	2430066
2188	2430067
2189	2430068
2190	2430081
2191	2430107
2192	2432300
2193	2432515
2194	2432604
2195	2433755
2196	2433758
2197	2437712
2198	2437919
2199	2438537
2200	2440526
2201	2444206
2202	2446050
2203	2446707
2204	2449624
2205	2450049
2206	2450243
2207	2450653
2208	2451129
2209	2451856
2210	2453513
2211	2454805
2212	2454915
2213	2455597
2214	2457684
2215	2458040
2216	2460514
2217	2465198
2218	2465479
2219	2466297
2220	2466916
2221	2468377
2222	2469591
2223	2471407
2224	2471662
2225	2472976
2226	2473948
2227	2477651
2228	2477653
2229	2477763
2230	2477838
2231	2477862
2232	2477922
2233	2478911
2234	2479365
2235	2480981
2236	2482674
2237	2483242
2238	2486548
2239	2494652
2240	2495026
2241	2496487
2242	2496806
2243	2496902
2244	2497099
2245	2497233
2246	2499598
2247	2500432
2248	2500511
2249	2503795
2250	2506279
2251	2507559
2252	2509437
2253	2509889
2254	2510356
2255	2510752
2256	2511223
2257	2511763
2258	2511938
2259	2512555
2260	2512847
2261	2514960
2262	2516580
2263	2516911
2264	2519153
2265	2519603
2266	2521737
2267	2522964
2268	2524173
2269	2527164
2270	2527958
2271	2528026
2272	2531030
2273	2531676
2274	2533239
2275	2535537
2276	2539865
2277	2540721
2278	2540815
2279	2540949
2280	2540996
2281	2541215
2282	2541237
2283	2542177
2284	2544519
2285	2544710
2286	2545005
2287	2545351
2288	2546213
2289	2547495
2290	2549277
2291	2550327
2292	2551762
2293	2554959
2294	2554966
2295	2554967
2296	2555010
2297	2555091
2298	2555151
2299	2555356
2300	2555405
2301	2555496
2302	2556963
2303	2557103
2304	2558588
2305	2560124
2306	2560524
2307	2565603
2308	2568618
2309	2569019
2310	2569524
2311	2571377
2312	2573653
2313	2573691
2314	2573839
2315	2574556
2316	2576580
2317	2576831
2318	2580731
2319	2580753
2320	2582975
2321	2585886
2322	2587143
2323	2587987
2324	2590313
2325	2596411
2326	2597688
2327	2599202
2328	2600613
2329	2601909
2330	2602892
2331	2604513
2332	2607265
2333	2610043
2334	2610187
2335	2612904
2336	2615026
2337	2615125
2338	2615496
2339	2618378
2340	2619299
2341	2619650
2342	2620250
2343	2620253
2344	2620257
2345	2620261
2346	2620262
2347	2620544
2348	2621002
2349	2622109
2350	2622563
2351	2622578
2352	2623761
2353	2624424
2354	2624452
2355	2625255
2356	2625595
2357	2625736
2358	2625933
2359	2627905
2360	2627910
2361	2628871
2362	2630703
2363	2631361
2364	2631404
2365	2632350
2366	2634937
2367	2635076
2368	2635616
2369	2637699
2370	2637731
2371	2638973
2372	2640597
2373	2640713
2374	2642774
2375	2644473
2376	2648306
2377	2648419
2378	2650392
2379	2651235
2380	2651966
2381	2653469
2382	2653601
2383	2655852
2384	2656409
2385	2657678
2386	2660076
2387	2660284
2388	2662357
2389	2663709
2390	2667607
2391	2671651
2392	2671851
2393	2672189
2394	2672236
2395	2672525
2396	2673500
2397	2673838
2398	2674580
2399	2678428
2400	2681106
2401	2681834
2402	2682132
2403	2684377
2404	2685649
2405	2688408
2406	2688879
2407	2689201
2408	2689836
2409	2690511
2410	2691922
2411	2692449
2412	2692637
2413	2694264
2414	2694825
2415	2695832
2416	2698092
2417	2698291
2418	2699333
2419	2700859
2420	2701003
2421	2701005
2422	2702515
2423	2703581
2424	2707882
2425	2707948
2426	2708570
2427	2708785
2428	2709558
2429	2709626
2430	2710543
2431	2714737
2432	2715717
2433	2717788
2434	2718238
2435	2718954
2436	2719532
2437	2720179
2438	2720709
2439	2721373
2440	2723598
2441	2724034
2442	2726619
2443	2728697
2444	2729633
2445	2735441
2446	2737499
2447	2737759
2448	2739062
2449	2742508
2450	2743491
2451	2744429
2452	2746188
2453	2748793
2454	2750374
2455	2754799
2456	2755079
2457	2757803
2458	2759174
2459	2759237
2460	2759950
2461	2766086
2462	2766210
2463	2766359
2464	2766558
2465	2768425
2466	2769254
2467	2771045
2468	2772190
2469	2772191
2470	2776684
2471	2776777
2472	2778831
2473	2779730
2474	2780393
2475	2781786
2476	2784865
2477	2785033
2478	2787441
2479	2790943
2480	2792012
2481	2792857
2482	2792972
2483	2793144
2484	2793290
2485	2793627
2486	2793689
2487	2795129
2488	2795412
2489	2795801
2490	2796333
2491	2796537
2492	2797263
2493	2797938
2494	2799339
2495	2799425
2496	2800345
2497	2801678
2498	2803065
2499	2803437
2500	2803615
2501	2804210
2502	2805073
2503	2805263
2504	2805463
2505	2805613
2506	2806264
2507	2806663
2508	2808076
2509	2808146
2510	2808646
2511	2809037
2512	2810669
2513	2812345
2514	2812820
2515	2812821
2516	2812929
2517	2814327
2518	2815152
2519	2815895
2520	2817296
2521	2817863
2522	2817875
2523	2817998
2524	2818458
2525	2821366
2526	2821938
2527	2824418
2528	2824976
2529	2825286
2530	2827240
2531	2828232
2532	2828902
2533	2829770
2534	2829905
2535	2830621
2536	2831422
2537	2832208
2538	2832284
2539	2834161
2540	2835113
2541	2835465
2542	2836781
2543	2837039
2544	2837444
2545	2837757
2546	2837959
2547	2838220
2548	2838263
2549	2838359
2550	2840541
2551	2844245
2552	2844471
2553	2846551
2554	2847651
2555	2847948
2556	2849567
2557	2849874
2558	2851129
2559	2851462
2560	2851538
2561	2851647
2562	2851806
2563	2852468
2564	2853148
2565	2853392
2566	2855130
2567	2856712
2568	2857329
2569	2858355
2570	2858866
2571	2860127
2572	2861139
2573	2861193
2574	2863184
2575	2863857
2576	2865636
2577	2865825
2578	2866222
2579	2866947
2580	2869201
2581	2869320
2582	2869902
2583	2873545
2584	2874444
2585	2876518
2586	2876813
2587	2876883
2588	2877789
2589	2880867
2590	2882183
2591	2883538
2592	2884859
2593	2885624
2594	2886015
2595	2888444
2596	2889012
2597	2889666
2598	2890937
2599	2891156
2600	2891328
2601	2891708
2602	2893203
2603	2894516
2604	2894966
2605	2896609
2606	2898118
2607	2898182
2608	2899108
2609	2899237
2610	2899418
2611	2899593
2612	2901670
2613	2901892
2614	2904965
2615	2908117
2616	2909689
2617	2910883
2618	2911661
2619	2912387
2620	2914569
2621	2914640
2622	2915169
2623	2915851
2624	2915992
2625	2916392
2626	2919001
2627	2920165
2628	2920537
2629	2920663
2630	2920782
2631	2922814
2632	2923693
2633	2924998
2634	2926028
2635	2926377
2636	2926962
2637	2928802
2638	2929722
2639	2931980
2640	2934900
2641	2936504
2642	2937560
2643	2938858
2644	2939088
2645	2941439
2646	2941464
2647	2941549
2648	2942186
2649	2942732
2650	2943399
2651	2947697
2652	2947708
2653	2948522
2654	2951522
2655	2952059
2656	2953888
2657	2953928
2658	2954695
2659	2954910
2660	2955764
2661	2956989
2662	2958696
2663	2960120
2664	2961950
2665	2962081
2666	2964854
2667	2965087
2668	2965301
2669	2966095
2670	2966159
2671	2966703
2672	2967781
2673	2968072
2674	2968088
2675	2968722
2676	2969274
2677	2970383
2678	2970558
2679	2970905
2680	2971268
2681	2972820
2682	2973260
2683	2973368
2684	2973720
2685	2975607
2686	2975704
2687	2976708
2688	2982131
2689	2982518
2690	2982603
2691	2982721
2692	2984857
2693	2985840
2694	2987364
2695	2988704
2696	2989902
2697	2991811
2698	2992815
2699	2993535
2700	2993693
2701	2998575
2702	2999527
2703	3004518
2704	3005566
2705	3009796
2706	3013542
2707	3018453
2708	3018648
2709	3019560
2710	3019613
2711	3022178
2712	3025296
2713	3026750
2714	3026818
2715	3027913
2716	3031732
2717	3034835
2718	3035439
2719	3036461
2720	3037408
2721	3038042
2722	3038240
2723	3038450
2724	3039117
2725	3039454
2726	3039628
2727	3041789
2728	3043003
2729	3044635
2730	3044838
2731	3047912
2732	3048707
2733	3049735
2734	3053257
2735	3053448
2736	3053719
2737	3053995
2738	3054642
2739	3056244
2740	3060017
2741	3060065
2742	3060778
2743	3061973
2744	3064299
2745	3065299
2746	3065456
2747	3065457
2748	3067483
2749	3068334
2750	3068595
2751	3069615
2752	3070349
2753	3070487
2754	3070497
2755	3070743
2756	3072708
2757	3072903
2758	3074253
2759	3076686
2760	3076833
2761	3076962
2762	3078112
2763	3078276
2764	3080158
2765	3081485
2766	3082577
2767	3082755
2768	3082950
2769	3083359
2770	3083500
2771	3087377
2772	3092037
2773	3094880
2774	3095555
2775	3098898
2776	3099578
2777	3099973
2778	3100591
2779	3100771
2780	3101465
2781	3102249
2782	3103683
2783	3106032
2784	3110250
2785	3111065
2786	3111159
2787	3112295
2788	3112367
2789	3112498
2790	3113362
2791	3114246
2792	3115100
2793	3115589
2794	3116816
2795	3116825
2796	3119313
2797	3120426
2798	3121679
2799	3123825
2800	3124228
2801	3124567
2802	3126588
2803	3128617
2804	3128854
2805	3131110
2806	3131491
2807	3131864
2808	3134296
2809	3135183
2810	3135260
2811	3136218
2812	3136598
2813	3137707
2814	3137800
2815	3139473
2816	3139708
2817	3141176
2818	3142545
2819	3145171
2820	3146369
2821	3147310
2822	3149102
2823	3149832
2824	3150043
2825	3150141
2826	3154062
2827	3154820
2828	3157602
2829	3158573
2830	3159514
2831	3159673
2832	3159692
2833	3160736
2834	3161463
2835	3163058
2836	3163983
2837	3169134
2838	3170511
2839	3173081
2840	3173908
2841	3174515
2842	3175068
2843	3175306
2844	3175340
2845	3175824
2846	3176116
2847	3177589
2848	3178376
2849	3185592
2850	3185630
2851	3185804
2852	3187215
2853	3188139
2854	3188350
2855	3189164
2856	3189396
2857	3189621
2858	3191169
2859	3191229
2860	3192386
2861	3194466
2862	3194735
2863	3194750
2864	3195180
2865	3195836
2866	3197157
2867	3199058
2868	3199519
2869	3200015
2870	3200200
2871	3202087
2872	3202157
2873	3202795
2874	3203498
2875	3203672
2876	3204117
2877	3204829
2878	3205118
2879	3205555
2880	3206439
2881	3206745
2882	3208434
2883	3210676
2884	3211471
2885	3211745
2886	3212588
2887	3212938
2888	3214129
2889	3215211
2890	3216286
2891	3216437
2892	3216529
2893	3216597
2894	3218374
2895	3219625
2896	3220211
2897	3222371
2898	3222380
2899	3222665
2900	3223576
2901	3226242
2902	3226334
2903	3226857
2904	3227922
2905	3229017
2906	3229237
2907	3229287
2908	3230104
2909	3232426
2910	3233012
2911	3233555
2912	3234509
2913	3236079
2914	3236146
2915	3237320
2916	3238019
2917	3238317
2918	3239358
2919	3240380
2920	3240623
2921	3242015
2922	3244215
2923	3244599
2924	3244614
2925	3246768
2926	3250849
2927	3254932
2928	3256415
2929	3257852
2930	3258159
2931	3258714
2932	3260204
2933	3260355
2934	3262190
2935	3263204
2936	3264462
2937	3266801
2938	3267973
2939	3271069
2940	3272939
2941	3273631
2942	3273821
2943	3274913
2944	3275107
2945	3277242
2946	3277591
2947	3280060
2948	3281175
2949	3281854
2950	3283427
2951	3284506
2952	3286157
2953	3286347
2954	3286711
2955	3287406
2956	3287690
2957	3288478
2958	3289110
2959	3291400
2960	3291415
2961	3292411
2962	3292543
2963	3293077
2964	3295186
2965	3296875
2966	3298606
2967	3301544
2968	3302115
2969	3302521
2970	3302628
2971	3304664
2972	3304811
2973	3306228
2974	3307112
2975	3307358
2976	3308165
2977	3309619
2978	3309635
2979	3310372
2980	3315613
2981	3318981
2982	3320273
2983	3320463
2984	3320925
2985	3320965
2986	3322389
2987	3328229
2988	3328928
2989	3328977
2990	3329387
2991	3329959
2992	3331371
2993	3332302
2994	3333889
2995	3336070
2996	3336603
2997	3339579
2998	3340306
2999	3341001
3000	3341436
3001	3341499
3002	3343711
3003	3344972
3004	3346553
3005	3347032
3006	3347760
3007	3348749
3008	3348900
3009	3349773
3010	3353191
3011	3353769
3012	3356985
3013	3357280
3014	3357379
3015	3361296
3016	3361933
3017	3362925
3018	3363293
3019	3365198
3020	3367410
3021	3372092
3022	3372562
3023	3376781
3024	3379937
3025	3380012
3026	3380329
3027	3380330
3028	3380331
3029	3380543
3030	3381230
3031	3381856
3032	3382457
3033	3386405
3034	3387025
3035	3388530
3036	3389759
3037	3392427
3038	3392935
3039	3393409
3040	3394936
3041	3396391
3042	3396797
3043	3397266
3044	3399081
3045	3401548
3046	3402129
3047	3402587
3048	3403019
3049	3403582
3050	3403964
3051	3405203
3052	3405737
3053	3407401
3054	3409722
3055	3411394
3056	3412077
3057	3413768
3058	3413894
3059	3414053
3060	3414072
3061	3414131
3062	3417294
3063	3417622
3064	3418137
3065	3418327
3066	3418419
3067	3418725
3068	3419824
3069	3421042
3070	3421250
3071	3421643
3072	3421932
3073	3422575
3074	3425584
3075	3433959
3076	3433962
3077	3435309
3078	3436252
3079	3436438
3080	3436648
3081	3436939
3082	3437984
3083	3438149
3084	3441389
3085	3443044
3086	3446286
3087	3446396
3088	3446599
3089	3447480
3090	3449358
3091	3450582
3092	3450715
3093	3451876
3094	3453066
3095	3456419
3096	3457357
3097	3457871
3098	3458288
3099	3460106
3100	3460873
3101	3461868
3102	3462782
3103	3465031
3104	3465436
3105	3465580
3106	3467239
3107	3467776
3108	3468529
3109	3472016
3110	3472213
3111	3472287
3112	3472598
3113	3472799
3114	3473330
3115	3473944
3116	3473984
3117	3474013
3118	3474695
3119	3475377
3120	3476069
3121	3477367
3122	3477805
3123	3478123
3124	3479394
3125	3479486
3126	3479857
3127	3481344
3128	3481480
3129	3482511
3130	3484241
3131	3487078
3132	3487895
3133	3490616
3134	3492412
3135	3492685
3136	3493627
3137	3495055
3138	3495578
3139	3495961
3140	3496586
3141	3496854
3142	3497015
3143	3497107
3144	3497259
3145	3498117
3146	3499708
3147	3499859
3148	3500302
3149	3500338
3150	3501641
3151	3502554
3152	3503133
3153	3504108
3154	3504649
3155	3504816
3156	3505130
3157	3505195
3158	3505393
3159	3506322
3160	3506950
3161	3507610
3162	3507936
3163	3507939
3164	3508472
3165	3509286
3166	3510172
3167	3510587
3168	3511009
3169	3513242
3170	3514444
3171	3514494
3172	3514787
3173	3514974
3174	3515472
3175	3516025
3176	3516543
3177	3516867
3178	3516880
3179	3518542
3180	3521091
3181	3522893
3182	3523931
3183	3524022
3184	3525798
3185	3526118
3186	3526593
3187	3527437
3188	3528269
3189	3529033
3190	3529436
3191	3529748
3192	3531429
3193	3532118
3194	3533391
3195	3534363
3196	3534719
3197	3535454
3198	3535501
3199	3535549
3200	3537213
3201	3539027
3202	3539635
3203	3540007
3204	3540072
3205	3541743
3206	3541935
3207	3542667
3208	3542744
3209	3542893
3210	3543121
3211	3543355
3212	3543767
3213	3543950
3214	3546404
3215	3546575
3216	3550276
3217	3551004
3218	3551902
3219	3553247
3220	3556014
3221	3556816
3222	3557096
3223	3557119
3224	3557731
3225	3558113
3226	3560333
3227	3560335
3228	3560600
3229	3561390
3230	3561984
3231	3564487
3232	3565486
3233	3568254
3234	3568289
3235	3568585
3236	3568929
3237	3569370
3238	3569553
3239	3569616
3240	3569812
3241	3572196
3242	3572354
3243	3573239
3244	3574687
3245	3575126
3246	3575393
3247	3575513
3248	3575764
3249	3575832
3250	3576594
3251	3577304
3252	3577466
3253	3579618
3254	3579888
3255	3580015
3256	3581070
3257	3581155
3258	3581179
3259	3581185
3260	3581835
3261	3583723
3262	3583920
3263	3584139
3264	3584257
3265	3584402
3266	3586451
3267	3586495
3268	3587423
3269	3587823
3270	3588921
3271	3589309
3272	3590155
3273	3591092
3274	3591323
3275	3591587
3276	3591607
3277	3592289
3278	3592571
3279	3592820
3280	3593056
3281	3598936
3282	3600258
3283	3601103
3284	3601340
3285	3602128
3286	3602307
3287	3602636
3288	3602776
3289	3603507
3290	3603899
3291	3604248
3292	3605830
3293	3606339
3294	3606809
3295	3607978
3296	3611231
3297	3612994
3298	3613254
3299	3615287
3300	3616089
3301	3616271
3302	3616312
3303	3616557
3304	3616706
3305	3617117
3306	3617882
3307	3619952
3308	3622177
3309	3622635
3310	3622841
3311	3623124
3312	3624157
3313	3626401
3314	3627350
3315	3627865
3316	3628314
3317	3629146
3318	3632109
3319	3632724
3320	3634092
3321	3634806
3322	3634931
3323	3635350
3324	3638602
3325	3639811
3326	3641199
3327	3641225
3328	3645192
3329	3646513
3330	3647608
3331	3647612
3332	3649978
3333	3650302
3334	3650329
3335	3650607
3336	3650723
3337	3651312
3338	3651364
3339	3652591
3340	3653619
3341	3655192
3342	3655565
3343	3656523
3344	3657511
3345	3658679
3346	3659014
3347	3660668
3348	3662256
3349	3662560
3350	3662645
3351	3662711
3352	3663031
3353	3665930
3354	3666965
3355	3667394
3356	3669154
3357	3669797
3358	3670595
3359	3671967
3360	3672772
3361	3673035
3362	3675009
3363	3675866
3364	3676841
3365	3677565
3366	3677963
3367	3679470
3368	3681060
3369	3681807
3370	3682274
3371	3682822
3372	3683103
3373	3683306
3374	3683320
3375	3683323
3376	3683341
3377	3683357
3378	3683496
3379	3683803
3380	3684049
3381	3684139
3382	3684265
3383	3684363
3384	3684368
3385	3684369
3386	3684371
3387	3684389
3388	3684434
3389	3686846
3390	3687308
3391	3688092
3392	3692406
3393	3694228
3394	3694434
3395	3695357
3396	3695679
3397	3696641
3398	3697429
3399	3700624
3400	3701233
3401	3701289
3402	3702918
3403	3703134
3404	3703484
3405	3704730
3406	3706115
3407	3706608
3408	3709085
3409	3710777
3410	3713467
3411	3714275
3412	3715624
3413	3715780
3414	3716175
3415	3716659
3416	3717086
3417	3717343
3418	3718241
3419	3720300
3420	3720455
3421	3720517
3422	3722232
3423	3722770
3424	3723775
3425	3724351
3426	3724849
3427	3727080
3428	3728717
3429	3728932
3430	3729907
3431	3730147
3432	3730569
3433	3732871
3434	3733563
3435	3733770
3436	3734740
3437	3734917
3438	3737478
3439	3738635
3440	3738689
3441	3739300
3442	3739589
3443	3740306
3444	3742479
3445	3743330
3446	3744493
3447	3745209
3448	3746046
3449	3746137
3450	3746213
3451	3746559
3452	3748012
3453	3748502
3454	3748786
3455	3748862
3456	3748949
3457	3749767
3458	3750750
3459	3751305
3460	3751831
3461	3752900
3462	3753807
3463	3754426
3464	3755383
3465	3756075
3466	3756169
3467	3758216
3468	3758931
3469	3759099
3470	3759791
3471	3761632
3472	3762898
3473	3764770
3474	3765473
3475	3766311
3476	3766483
3477	3766689
3478	3768034
3479	3768299
3480	3769449
3481	3770791
3482	3772103
3483	3772315
3484	3772757
3485	3773788
3486	3775030
3487	3777699
3488	3778098
3489	3778099
3490	3779311
3491	3779818
3492	3780401
3493	3780402
3494	3781594
3495	3782781
3496	3783000
3497	3783274
3498	3785505
3499	3785571
3500	3786089
3501	3788999
3502	3789085
3503	3790093
3504	3790198
3505	3790976
3506	3791562
3507	3792547
3508	3799998
3509	3800652
3510	3801734
3511	3802166
3512	3803213
3513	3804218
3514	3804294
3515	3804377
3516	3805040
3517	3807028
3518	3807155
3519	3808099
3520	3808585
3521	3809819
3522	3810103
3523	3811082
3524	3811886
3525	3812187
3526	3813911
3527	3814799
3528	3815764
3529	3816232
3530	3817440
3531	3822491
3532	3822634
3533	3823528
3534	3827264
3535	3827507
3536	3827989
3537	3830951
3538	3832093
3539	3832454
3540	3832619
3541	3835878
3542	3835924
3543	3836478
3544	3841336
3545	3844736
3546	3845270
3547	3845665
3548	3845716
3549	3846829
3550	3847111
3551	3849819
3552	3849836
3553	3850553
3554	3850736
3555	3850818
3556	3858118
3557	3858604
3558	3859287
3559	3861523
3560	3862700
3561	3864153
3562	3865268
3563	3867095
3564	3867285
3565	3869231
3566	3869391
3567	3869706
3568	3870316
3569	3870508
3570	3870647
3571	3872493
3572	3873053
3573	3875470
3574	3876417
3575	3876715
3576	3877568
3577	3879319
3578	3880164
3579	3880848
3580	3881591
3581	3882934
3582	3883636
3583	3883764
3584	3885190
3585	3885717
3586	3885837
3587	3886701
3588	3889630
3589	3890639
3590	3891054
3591	3893040
3592	3895092
3593	3898401
3594	3899466
3595	3899689
3596	3900803
3597	3901511
3598	3901556
3599	3902451
3600	3903160
3601	3904117
3602	3904708
3603	3907186
3604	3908324
3605	3909053
3606	3909056
3607	3909320
3608	3910250
3609	3910353
3610	3911060
3611	3911417
3612	3911704
3613	3911790
3614	3912372
3615	3914507
3616	3916639
3617	3921472
3618	3923096
3619	3923150
3620	3925042
3621	3926213
3622	3926383
3623	3928585
3624	3928630
3625	3930010
3626	3933263
3627	3934071
3628	3936405
3629	3937645
3630	3937788
3631	3937797
3632	3937814
3633	3937815
3634	3937957
3635	3938725
3636	3938806
3637	3939240
3638	3939383
3639	3940007
3640	3940174
3641	3942779
3642	3943182
3643	3944427
3644	3945845
3645	3946021
3646	3946509
3647	3947979
3648	3948363
3649	3949440
3650	3952436
3651	3953165
3652	3955033
3653	3955872
3654	3955887
3655	3958155
3656	3959128
3657	3959129
3658	3959231
3659	3959827
3660	3963962
3661	3965242
3662	3965528
3663	3965736
3664	3966775
3665	3968319
3666	3970194
3667	3971723
3668	3972464
3669	3977526
3670	3977788
3671	3978732
3672	3980004
3673	3980179
3674	3980542
3675	3981122
3676	3982589
3677	3983578
3678	3983639
3679	3983946
3680	3984389
3681	3985193
3682	3987645
3683	3988862
3684	3989058
3685	3989993
3686	3990643
3687	3993136
3688	3994978
3689	3995508
3690	3995592
3691	3996156
3692	3997132
3693	3999110
3694	4000034
3695	4000585
3696	4001065
3697	4001819
3698	4002888
3699	4005012
3700	4007677
3701	4009860
3702	4012039
3703	4013745
3704	4014294
3705	4014792
3706	4015071
3707	4017248
3708	4021882
3709	4022314
3710	4024092
3711	4025675
3712	4027878
3713	4027929
3714	4029959
3715	4031802
3716	4033884
3717	4037275
3718	4038229
3719	4039339
3720	4041397
3721	4041699
3722	4043455
3723	4043456
3724	4044909
3725	4045300
3726	4048061
3727	4048524
3728	4048772
3729	4048848
3730	4049371
3731	4049604
3732	4049659
3733	4049670
3734	4050177
3735	4051203
3736	4051295
3737	4051318
3738	4052419
3739	4055349
3740	4056142
3741	4058499
3742	4059409
3743	4060849
3744	4061470
3745	4061583
3746	4061753
3747	4061892
3748	4061966
3749	4062286
3750	4062621
3751	4062779
3752	4064038
3753	4064526
3754	4065467
3755	4065504
3756	4066157
3757	4066213
3758	4071529
3759	4072918
3760	4074445
3761	4075226
3762	4076355
3763	4076942
3764	4078119
3765	4079506
3766	4079906
3767	4081222
3768	4081317
3769	4081410
3770	4081676
3771	4081879
3772	4082891
3773	4083506
3774	4083895
3775	4088382
3776	4088726
3777	4089804
3778	4089952
3779	4090071
3780	4090818
3781	4092471
3782	4093563
3783	4094743
3784	4094990
3785	4096973
3786	4098525
3787	4098590
3788	4100179
3789	4102085
3790	4106961
3791	4109479
3792	4113870
3793	4114584
3794	4117691
3795	4120432
3796	4121415
3797	4122240
3798	4123227
3799	4124411
3800	4127354
3801	4127821
3802	4127832
3803	4129000
3804	4131140
3805	4131466
3806	4131880
3807	4133139
3808	4133304
3809	4134405
3810	4134787
3811	4137836
3812	4142043
3813	4142995
3814	4144578
3815	4146920
3816	4148768
3817	4149086
3818	4150159
3819	4150412
3820	4151998
3821	4152914
3822	4154073
3823	4155213
3824	4158789
3825	4159877
3826	4161565
3827	4162498
3828	4163823
3829	4164019
3830	4166220
3831	4169978
3832	4173948
3833	4173955
3834	4174506
3835	4176167
3836	4178226
3837	4178747
3838	4180465
3839	4181077
3840	4181464
3841	4182415
3842	4182743
3843	4184299
3844	4184883
3845	4187499
3846	4188454
3847	4188613
3848	4189761
3849	4190327
3850	4190387
3851	4190652
3852	4190690
3853	4192949
3854	4195890
3855	4197683
3856	4197896
3857	4198863
3858	4199764
3859	4200350
3860	4200362
3861	4200367
3862	4201978
3863	4203816
3864	4204571
3865	4206994
3866	4207169
3867	4210940
3868	4215259
3869	4215964
3870	4216033
3871	4217328
3872	4217934
3873	4218207
3874	4220026
3875	4220191
3876	4225236
3877	4225709
3878	4225921
3879	4227377
3880	4228448
3881	4228727
3882	4230313
3883	4230967
3884	4232662
3885	4232975
3886	4236989
3887	4238740
3888	4239441
3889	4240957
3890	4241118
3891	4242266
3892	4243497
3893	4243523
3894	4247169
3895	4247393
3896	4251260
3897	4252252
3898	4253260
3899	4254936
3900	4255659
3901	4256022
3902	4257098
3903	4259912
3904	4260740
3905	4260763
3906	4260899
3907	4264155
3908	4264833
3909	4265112
3910	4265113
3911	4266937
3912	4267316
3913	4268964
3914	4270387
3915	4271414
3916	4272066
3917	4273567
3918	4274327
3919	4275335
3920	4275604
3921	4275933
3922	4277496
3923	4277746
3924	4278103
3925	4278186
3926	4279047
3927	4279932
3928	4280459
3929	4280814
3930	4281732
3931	4282351
3932	4283113
3933	4283172
3934	4284596
3935	4285069
3936	4288188
3937	4289586
3938	4291823
3939	4293970
3940	4293992
3941	4294396
3942	4296309
3943	4296767
3944	4297680
3945	4301629
3946	4302419
3947	4303072
3948	4303282
3949	4309015
3950	4309134
3951	4309446
3952	4309593
3953	4310509
3954	4313288
3955	4316360
3956	4316709
3957	4316979
3958	4319032
3959	4319459
3960	4320294
3961	4321025
3962	4321731
3963	4323229
3964	4324367
3965	4325804
3966	4326330
3967	4327562
3968	4328104
3969	4328743
3970	4329026
3971	4329351
3972	4330952
3973	4331646
3974	4332759
3975	4332815
3976	4333459
3977	4334009
3978	4336302
3979	4337746
3980	4337795
3981	4338046
3982	4338352
3983	4338357
3984	4340362
3985	4343122
3986	4344564
3987	4345347
3988	4345681
3989	4347316
3990	4348614
3991	4349487
3992	4350531
3993	4350935
3994	4351985
3995	4352323
3996	4357783
3997	4357921
3998	4359338
3999	4364209
4000	4366589
4001	4368685
4002	4371458
4003	4371462
4004	4371511
4005	4371771
4006	4372668
4007	4376036
4008	4376540
4009	4377122
4010	4379437
4011	4381341
4012	4384565
4013	4384622
4014	4384713
