1	1980
2	3768
3	4668
4	8459
5	9395
6	9905
7	12222
8	25133
9	25770
10	27565
11	29913
12	30168
13	31377
14	32927
15	33615
16	33692
17	34624
18	35116
19	40053
20	40691
21	41173
22	42475
23	42478
24	42784
25	42849
26	42955
27	43946
28	44023
29	44688
30	47139
31	47346
32	47623
33	47698
34	52509
35	56424
36	58293
37	59066
38	59184
39	63730
40	65057
41	66279
42	66542
43	67772
44	69626
45	69666
46	69959
47	71035
48	71783
49	72298
50	72435
51	81175
52	84112
53	84440
54	89630
55	91004
56	92508
57	93011
58	93998
59	103547
60	103964
61	104005
62	104960
63	105281
64	105856
65	105952
66	108960
67	109645
68	109905
69	110161
70	110162
71	110271
72	110280
73	110685
74	110746
75	111803
76	112068
77	112705
78	113105
79	117901
80	118285
81	120462
82	120977
83	121673
84	123363
85	124135
86	124679
87	125666
88	126302
89	128617
90	129341
91	131661
92	133542
93	134127
94	135433
95	136446
96	139076
97	141817
98	141943
99	146650
100	148139
101	151160
102	152838
103	153483
104	154401
105	154528
106	154917
107	155067
108	155995
109	156294
110	156689
111	156707
112	156826
113	158364
114	159027
115	161134
116	161488
117	165870
118	166926
119	166970
120	167733
121	167966
122	168988
123	169533
124	173245
125	173360
126	176097
127	177455
128	182029
129	182251
130	186111
131	190162
132	191779
133	192009
134	193506
135	194003
136	197483
137	198797
138	198807
139	199023
140	199616
141	200090
142	201685
143	203518
144	203721
145	204601
146	213616
147	213673
148	214887
149	214982
150	214987
151	218478
152	220313
153	222304
154	222475
155	227115
156	230737
157	230928
158	233281
159	233993
160	234522
161	234541
162	234662
163	238171
164	239244
165	241476
166	241495
167	241723
168	244939
169	245758
170	250937
171	254013
172	255621
173	255966
174	256818
175	256853
176	257148
177	257719
178	257942
179	257960
180	258228
181	259673
182	265307
183	268008
184	268709
185	270348
186	270705
187	276897
188	280889
189	282163
190	282979
191	290147
192	293534
193	294489
194	299963
195	301373
196	303020
197	303577
198	305628
199	307040
200	308082
201	309894
202	310530
203	311474
204	312317
205	312552
206	312571
207	312880
208	316411
209	316692
210	316810
211	318329
212	319286
213	320129
214	321815
215	323703
216	326319
217	327431
218	327525
219	332807
220	333692
221	335055
222	340357
223	342145
224	342666
225	343261
226	344611
227	347715
228	349643
229	351174
230	351440
231	351521
232	352804
233	353999
234	357832
235	358279
236	360340
237	362167
238	362256
239	362258
240	362630
241	363325
242	363326
243	363337
244	364128
245	364354
246	364743
247	364957
248	365182
249	365283
250	367007
251	367971
252	368017
253	368751
254	371335
255	374416
256	377205
257	378923
258	379647
259	380526
260	380828
261	383724
262	385790
263	386233
264	387792
265	389670
266	390675
267	393317
268	395664
269	398057
270	398581
271	402089
272	404094
273	404167
274	405305
275	406599
276	407875
277	414404
278	417704
279	418273
280	420556
281	421294
282	422411
283	423190
284	424500
285	425689
286	427961
287	428047
288	429038
289	429940
290	431508
291	433901
292	434476
293	434551
294	435153
295	435591
296	435970
297	435980
298	439702
299	439753
300	440173
301	440982
302	442731
303	443077
304	443198
305	445681
306	446541
307	448149
308	450101
309	453344
310	455442
311	461059
312	461498
313	463105
314	465206
315	465662
316	466651
317	467981
318	468833
319	472222
320	473985
321	474091
322	474902
323	477114
324	477461
325	479053
326	479099
327	479193
328	481468
329	482771
330	483498
331	484000
332	484159
333	484877
334	485278
335	486339
336	486503
337	490519
338	491356
339	495458
340	496998
341	497070
342	497480
343	497538
344	497690
345	499156
346	499848
347	500128
348	500843
349	501245
350	502695
351	502841
352	503224
353	503394
354	504482
355	504695
356	507438
357	507484
358	508169
359	509832
360	510202
361	510917
362	514776
363	515514
364	516754
365	517709
366	519293
367	519361
368	520699
369	521700
370	524484
371	524586
372	524645
373	526237
374	527400
375	527494
376	530094
377	530493
378	530527
379	530544
380	530573
381	530621
382	530717
383	531996
384	533398
385	537029
386	540191
387	540428
388	540824
389	541351
390	542204
391	543039
392	544995
393	546446
394	546629
395	547102
396	547406
397	548839
398	548913
399	551536
400	552796
401	552934
402	555077
403	555312
404	556345
405	558115
406	563390
407	565472
408	565932
409	565964
410	566547
411	567406
412	570314
413	573319
414	573865
415	575002
416	575352
417	576084
418	576409
419	578058
420	578420
421	578580
422	580263
423	580678
424	581404
425	582373
426	585884
427	586030
428	587110
429	587833
430	587855
431	590252
432	590716
433	591267
434	591954
435	594410
436	594922
437	594980
438	595543
439	595749
440	595972
441	597408
442	598454
443	598538
444	600915
445	603998
446	606146
447	607454
448	608158
449	608190
450	610457
451	611038
452	611691
453	612926
454	616281
455	617521
456	617566
457	618213
458	619407
459	620130
460	620263
461	621274
462	621527
463	622230
464	628167
465	628445
466	630122
467	631430
468	631892
469	632333
470	632375
471	633100
472	633593
473	634210
474	634806
475	637670
476	641113
477	644777
478	645236
479	646315
480	649274
481	650642
482	653202
483	653932
484	654529
485	655826
486	656437
487	657912
488	658610
489	658688
490	660665
491	665567
492	667496
493	668669
494	668956
495	669013
496	672393
497	680312
498	680449
499	684374
500	688334
501	689774
502	691701
503	696467
504	696953
505	697729
506	699907
507	700356
508	701650
509	704326
510	705557
511	705966
512	707457
513	709073
514	711008
515	711078
516	711299
517	712622
518	714182
519	714472
520	715789
521	716171
522	716802
523	720595
524	721710
525	721769
526	724559
527	725030
528	727993
529	728369
530	729173
531	730876
532	730979
533	731441
534	733200
535	733677
536	733758
537	734420
538	735550
539	736577
540	738019
541	741805
542	744671
543	748110
544	749565
545	750046
546	751483
547	752668
548	753881
549	753953
550	754794
551	755484
552	756370
553	757426
554	757527
555	758448
556	759185
557	762109
558	766129
559	767501
560	770921
561	772290
562	776791
563	777177
564	778308
565	778453
566	778571
567	778611
568	779836
569	782694
570	785257
571	787092
572	787255
573	787838
574	788201
575	789470
576	790422
577	792173
578	792186
579	792603
580	792802
581	792820
582	794216
583	796757
584	797503
585	797709
586	798641
587	800273
588	800602
589	800997
590	801636
591	802246
592	802667
593	803209
594	803917
595	804237
596	804311
597	805744
598	810184
599	812271
600	814508
601	816643
602	817815
603	820414
604	821156
605	821214
606	822392
607	824768
608	824804
609	826043
610	826705
611	826763
612	830314
613	830336
614	832047
615	832136
616	833292
617	834290
618	837134
619	837840
620	837950
621	838616
622	839085
623	840086
624	841714
625	843702
626	844744
627	846039
628	849324
629	850711
630	851903
631	853674
632	854400
633	856442
634	857772
635	858115
636	861018
637	861616
638	862849
639	863473
640	863858
641	865747
642	866003
643	868073
644	868295
645	868332
646	868450
647	868987
648	869667
649	869915
650	870841
651	871042
652	871147
653	871641
654	872028
655	874271
656	874389
657	874518
658	874754
659	874863
660	875247
661	875853
662	875928
663	878237
664	878666
665	879572
666	880218
667	880475
668	881214
669	881296
670	881425
671	883160
672	885578
673	887800
674	887863
675	891460
676	891897
677	892758
678	897179
679	898611
680	898646
681	899360
682	899767
683	900176
684	901682
685	902410
686	904014
687	904662
688	904671
689	905799
690	906118
691	906658
692	909678
693	911130
694	911239
695	911895
696	913949
697	915635
698	916953
699	921135
700	922240
701	924860
702	925153
703	927062
704	927524
705	928843
706	931224
707	931515
708	933368
709	934787
710	938703
711	938849
712	939590
713	941821
714	943696
715	946135
716	947820
717	951972
718	952737
719	952831
720	952994
721	952997
722	954815
723	956115
724	956258
725	957411
726	958363
727	958768
728	959082
729	960186
730	960373
731	960851
732	960905
733	961375
734	962641
735	964056
736	965512
737	969544
738	971137
739	971946
740	973089
741	973619
742	973943
743	975238
744	976628
745	976982
746	977991
747	978088
748	980386
749	981924
750	986598
751	987025
752	987625
753	987638
754	988006
755	990175
756	991247
757	991254
758	991708
759	993632
760	995435
761	999335
762	999407
763	999445
764	999806
765	999808
766	1001754
767	1002180
768	1002656
769	1003436
770	1004347
771	1004535
772	1006478
773	1007982
774	1013550
775	1014501
776	1017567
777	1020193
778	1021592
779	1023522
780	1024090
781	1025888
782	1025916
783	1025990
784	1027483
785	1027802
786	1027901
787	1028743
788	1030283
789	1030537
790	1030942
791	1035425
792	1035549
793	1037386
794	1037874
795	1038005
796	1038012
797	1039038
798	1041602
799	1041895
800	1041923
801	1044940
802	1046759
803	1046809
804	1048613
805	1048755
806	1049128
807	1049129
808	1051429
809	1051473
810	1051800
811	1052631
812	1054684
813	1055702
814	1057561
815	1058758
816	1062551
817	1065738
818	1067630
819	1068788
820	1069504
821	1070636
822	1070661
823	1071665
824	1071986
825	1072566
826	1077151
827	1077199
828	1078749
829	1079663
830	1082392
831	1082396
832	1083332
833	1083878
834	1083881
835	1084098
836	1084141
837	1084183
838	1085083
839	1088851
840	1089142
841	1091251
842	1098726
843	1099189
844	1100152
845	1100993
846	1101049
847	1103886
848	1104592
849	1105895
850	1105898
851	1107095
852	1109456
853	1109990
854	1110393
855	1111764
856	1113094
857	1114253
858	1114306
859	1114364
860	1115534
861	1116247
862	1116871
863	1120368
864	1120452
865	1121359
866	1122034
867	1122254
868	1122256
869	1122847
870	1123664
871	1124483
872	1124722
873	1124958
874	1126987
875	1129117
876	1130353
877	1131370
878	1133359
879	1134390
880	1134674
881	1139764
882	1141594
883	1142324
884	1142451
885	1143374
886	1144072
887	1146763
888	1147363
889	1148620
890	1153174
891	1153358
892	1153464
893	1156838
894	1158794
895	1159681
896	1160423
897	1160620
898	1162640
899	1163309
900	1163474
901	1163594
902	1164002
903	1164601
904	1165515
905	1166492
906	1166690
907	1167563
908	1168262
909	1168664
910	1168890
911	1169271
912	1169471
913	1169492
914	1169521
915	1169933
916	1170314
917	1170415
918	1172524
919	1172666
920	1172692
921	1175025
922	1175628
923	1175776
924	1175813
925	1178171
926	1178987
927	1179503
928	1180842
929	1181033
930	1181844
931	1181959
932	1182117
933	1183820
934	1184272
935	1186308
936	1186684
937	1186775
938	1186853
939	1187049
940	1191655
941	1192321
942	1192816
943	1193415
944	1196239
945	1197514
946	1197880
947	1199951
948	1200577
949	1203811
950	1205146
951	1205855
952	1206718
953	1207293
954	1208934
955	1210582
956	1211808
957	1212895
958	1217660
959	1221951
960	1222005
961	1222325
962	1230841
963	1232584
964	1233610
965	1233930
966	1238530
967	1238590
968	1240815
969	1245055
970	1245229
971	1246272
972	1247566
973	1249003
974	1249063
975	1251111
976	1252294
977	1252464
978	1252531
979	1255902
980	1256409
981	1256864
982	1257307
983	1257413
984	1257651
985	1258775
986	1258913
987	1260116
988	1260480
989	1261270
990	1262048
991	1262439
992	1262630
993	1262732
994	1264163
995	1265367
996	1265536
997	1266022
998	1267312
999	1268121
1000	1268569
1001	1268621
1002	1269152
1003	1269933
1004	1270651
1005	1271508
1006	1271985
1007	1274545
1008	1277011
1009	1277362
1010	1279502
1011	1280660
1012	1282250
1013	1283681
1014	1284618
1015	1288184
1016	1290469
1017	1291124
1018	1291779
1019	1292590
1020	1295203
1021	1295507
1022	1295742
1023	1298024
1024	1298437
1025	1300466
1026	1301659
1027	1301938
1028	1303603
1029	1304630
1030	1311679
1031	1313121
1032	1313805
1033	1314670
1034	1316972
1035	1319605
1036	1322382
1037	1322802
1038	1324178
1039	1325041
1040	1325229
1041	1327329
1042	1329622
1043	1329764
1044	1329970
1045	1330309
1046	1330503
1047	1331142
1048	1333090
1049	1333487
1050	1333967
1051	1335592
1052	1336688
1053	1342652
1054	1343521
1055	1343766
1056	1345223
1057	1346704
1058	1347568
1059	1350517
1060	1350557
1061	1351835
1062	1352989
1063	1356216
1064	1356712
1065	1357201
1066	1360437
1067	1361732
1068	1362344
1069	1362485
1070	1362897
1071	1363255
1072	1364928
1073	1365845
1074	1367051
1075	1367528
1076	1367949
1077	1369537
1078	1370174
1079	1372705
1080	1373145
1081	1373868
1082	1374866
1083	1375304
1084	1376841
1085	1377736
1086	1378910
1087	1379391
1088	1384985
1089	1385282
1090	1386021
1091	1386981
1092	1387079
1093	1388853
1094	1388906
1095	1390351
1096	1390398
1097	1390692
1098	1391464
1099	1391540
1100	1391915
1101	1392448
1102	1392470
1103	1393604
1104	1394327
1105	1394639
1106	1395097
1107	1395152
1108	1398073
1109	1398658
1110	1400092
1111	1405615
1112	1407038
1113	1407045
1114	1407481
1115	1408297
1116	1410073
1117	1412421
1118	1412424
1119	1412425
1120	1415224
1121	1415633
1122	1417212
1123	1417732
1124	1418712
1125	1420255
1126	1421697
1127	1422051
1128	1422732
1129	1426236
1130	1426253
1131	1430547
1132	1430610
1133	1430687
1134	1432146
1135	1433260
1136	1434772
1137	1436580
1138	1437422
1139	1438222
1140	1441222
1141	1441365
1142	1443245
1143	1443859
1144	1444309
1145	1447155
1146	1447941
1147	1448142
1148	1448412
1149	1448448
1150	1453177
1151	1455403
1152	1456262
1153	1456591
1154	1456618
1155	1457775
1156	1460220
1157	1460245
1158	1464855
1159	1466711
1160	1468570
1161	1468990
1162	1471995
1163	1472156
1164	1473213
1165	1475363
1166	1476963
1167	1477067
1168	1477828
1169	1478157
1170	1481043
1171	1484391
1172	1485028
1173	1485810
1174	1486123
1175	1486235
1176	1486248
1177	1487010
1178	1488358
1179	1488829
1180	1489689
1181	1490557
1182	1490624
1183	1493310
1184	1495804
1185	1497889
1186	1499448
1187	1504137
1188	1504371
1189	1506909
1190	1508956
1191	1509641
1192	1511561
1193	1511594
1194	1514804
1195	1515360
1196	1519125
1197	1519889
1198	1520295
1199	1520565
1200	1520994
1201	1522790
1202	1523460
1203	1524540
1204	1525723
1205	1525879
1206	1527262
1207	1527492
1208	1528158
1209	1529713
1210	1529892
1211	1529918
1212	1530262
1213	1534222
1214	1534911
1215	1536756
1216	1536943
1217	1537873
1218	1538088
1219	1540413
1220	1540456
1221	1540601
1222	1541041
1223	1544610
1224	1544724
1225	1546160
1226	1549781
1227	1551837
1228	1552836
1229	1553057
1230	1553947
1231	1553948
1232	1557045
1233	1557463
1234	1557656
1235	1559374
1236	1561352
1237	1561642
1238	1562291
1239	1567134
1240	1567396
1241	1569694
1242	1570055
1243	1580670
1244	1582794
1245	1583054
1246	1586425
1247	1587086
1248	1587089
1249	1587896
1250	1588610
1251	1588988
1252	1599793
1253	1604022
1254	1605054
1255	1605256
1256	1607622
1257	1608686
1258	1610861
1259	1612276
1260	1612581
1261	1612797
1262	1613151
1263	1614366
1264	1617078
1265	1617591
1266	1618075
1267	1620948
1268	1621660
1269	1621714
1270	1622963
1271	1623811
1272	1623972
1273	1624738
1274	1628313
1275	1629108
1276	1631698
1277	1633421
1278	1633876
1279	1635425
1280	1636832
1281	1637142
1282	1638457
1283	1641811
1284	1644146
1285	1644607
1286	1644722
1287	1647664
1288	1648838
1289	1650530
1290	1652901
1291	1652966
1292	1654762
1293	1654942
1294	1655797
1295	1655972
1296	1657209
1297	1659814
1298	1659926
1299	1661716
1300	1665925
1301	1666774
1302	1667225
1303	1668797
1304	1670065
1305	1670419
1306	1670486
1307	1671840
1308	1675244
1309	1675441
1310	1675490
1311	1675577
1312	1675633
1313	1675693
1314	1675697
1315	1675823
1316	1675883
1317	1676403
1318	1676456
1319	1676528
1320	1676654
1321	1676974
1322	1677029
1323	1677032
1324	1677141
1325	1677163
1326	1677267
1327	1677277
1328	1677303
1329	1677330
1330	1677331
1331	1677342
1332	1677345
1333	1677346
1334	1677760
1335	1681626
1336	1682321
1337	1682572
1338	1684052
1339	1687938
1340	1689291
1341	1689302
1342	1691641
1343	1691961
1344	1692141
1345	1693043
1346	1693343
1347	1693353
1348	1693409
1349	1693670
1350	1694171
1351	1694615
1352	1695577
1353	1695860
1354	1696431
1355	1697034
1356	1697830
1357	1700066
1358	1701568
1359	1702798
1360	1704424
1361	1705696
1362	1707200
1363	1708975
1364	1709169
1365	1712497
1366	1712609
1367	1713965
1368	1713999
1369	1714572
1370	1718136
1371	1718741
1372	1719040
1373	1720784
1374	1721732
1375	1722339
1376	1722577
1377	1725036
1378	1725820
1379	1726947
1380	1727315
1381	1729811
1382	1730797
1383	1731900
1384	1731937
1385	1732271
1386	1732470
1387	1733282
1388	1735158
1389	1736374
1390	1736877
1391	1738089
1392	1740090
1393	1741351
1394	1742259
1395	1743459
1396	1743619
1397	1744659
1398	1746737
1399	1746981
1400	1748044
1401	1748477
1402	1749933
1403	1750774
1404	1750852
1405	1751852
1406	1752244
1407	1752277
1408	1752564
1409	1753801
1410	1754169
1411	1754996
1412	1761134
1413	1761593
1414	1762827
1415	1763064
1416	1763085
1417	1764388
1418	1765869
1419	1766033
1420	1766085
1421	1766345
1422	1770193
1423	1770754
1424	1771316
1425	1773670
1426	1773910
1427	1774531
1428	1775702
1429	1775764
1430	1779541
1431	1781581
1432	1782637
1433	1784117
1434	1785012
1435	1785032
1436	1785192
1437	1785837
1438	1786165
1439	1786775
1440	1787299
1441	1788193
1442	1788729
1443	1794224
1444	1795449
1445	1797314
1446	1797383
1447	1797722
1448	1798730
1449	1799275
1450	1800402
1451	1800480
1452	1801069
1453	1802321
1454	1804126
1455	1805355
1456	1807439
1457	1807878
1458	1808135
1459	1808913
1460	1809597
1461	1810403
1462	1811238
1463	1811265
1464	1811339
1465	1812382
1466	1812387
1467	1813342
1468	1813820
1469	1814208
1470	1814600
1471	1814642
1472	1818117
1473	1819604
1474	1820692
1475	1821300
1476	1821607
1477	1823583
1478	1824126
1479	1826406
1480	1826886
1481	1829468
