1	33
2	2023
3	3907
4	3938
5	4885
6	5344
7	10163
8	12972
9	14310
10	14817
11	14983
12	15237
13	15345
14	16811
15	25166
16	26630
17	28573
18	28950
19	29696
20	31035
21	31876
22	32025
23	32338
24	32569
25	33613
26	34490
27	34631
28	35208
29	35948
30	35993
31	42744
32	46431
33	48363
34	53343
35	55146
36	56043
37	56531
38	56965
39	57612
40	58435
41	63714
42	64600
43	66430
44	68290
45	68486
46	68532
47	68533
48	68534
49	68540
50	68544
51	68832
52	69187
53	69448
54	70401
55	73585
56	74249
57	74932
58	75140
59	76531
60	76787
61	78197
62	78360
63	78509
64	82232
65	82234
66	82247
67	82696
68	82715
69	82732
70	86184
71	86364
72	92956
73	93947
74	94611
75	95286
76	95637
77	95891
78	95910
79	96509
80	96536
81	96671
82	96824
83	96827
84	96833
85	96905
86	96908
87	97006
88	97145
89	97692
90	97896
91	99236
92	99636
93	99689
94	99943
95	101482
96	105108
97	105218
98	105867
99	106571
100	106677
101	107318
102	107724
103	108277
104	109213
105	109613
106	109797
107	109890
108	110313
109	111188
110	111480
111	111646
112	114771
113	116180
114	117608
115	118174
116	120231
117	120672
118	125195
119	125426
120	126009
121	126642
122	127870
123	129228
124	129819
125	129856
126	130330
127	130337
128	133292
129	138346
130	138580
131	139711
132	140090
133	141893
134	142119
135	142157
136	162857
137	163142
138	163151
139	163179
140	163246
141	173877
142	173928
143	182033
144	182034
145	182040
146	182042
147	182078
148	182093
149	182106
150	182120
151	182935
152	186557
153	187029
154	187762
155	187907
156	188784
157	189708
158	193143
159	194537
160	196013
161	199089
162	199514
163	199685
164	200494
165	201711
166	203070
167	203919
168	207182
169	208067
170	208707
171	209119
172	209874
173	210666
174	210910
175	210913
176	210914
177	210918
178	210921
179	211369
180	211426
181	211495
182	211637
183	211776
184	212077
185	212244
186	212256
187	212295
188	212431
189	213254
190	213949
191	216254
192	216875
193	216917
194	216949
195	217039
196	217048
197	217122
198	217435
199	220695
200	220696
201	221255
202	221695
203	222091
204	222367
205	222627
206	225078
207	226171
208	226620
209	226836
210	231063
211	231815
212	231951
213	233068
214	236668
215	236775
216	237583
217	238507
218	241439
219	242406
220	243183
221	243884
222	245878
223	246311
224	246505
225	249202
226	249401
227	249620
228	251086
229	251620
230	252231
231	252271
232	252611
233	253385
234	253596
235	254256
236	254285
237	254286
238	254310
239	254322
240	254324
241	254337
242	254355
243	254356
244	254430
245	254448
246	256065
247	256389
248	256518
249	256540
250	256602
251	256613
252	256659
253	256704
254	256977
255	256978
256	257161
257	258286
258	258355
259	258463
260	258610
261	258813
262	262678
263	263095
264	263230
265	263392
266	264006
267	264915
268	266692
269	266779
270	267565
271	269397
272	271144
273	271709
274	271724
275	271745
276	271784
277	271796
278	272555
279	273538
280	273556
281	273807
282	274061
283	274922
284	275475
285	275802
286	276799
287	277293
288	278138
289	278678
290	279443
291	279723
292	280042
293	281366
294	281483
295	282017
296	282074
297	282526
298	283188
299	283404
300	283519
301	283542
302	283902
303	284297
304	286137
305	288709
306	289909
307	290014
308	290015
309	290826
310	292369
311	292657
312	293994
313	294500
314	294566
315	296007
316	296069
317	296807
318	297141
319	298156
320	298472
321	298718
322	298850
323	298924
324	303721
325	303732
326	303812
327	303847
328	303852
329	303858
330	304185
331	304600
332	305027
333	305987
334	306749
335	310346
336	310412
337	311486
338	312084
339	313191
340	313260
341	314936
342	314994
343	317342
344	322964
345	326643
346	326678
347	326695
348	326762
349	327448
350	327470
351	329112
352	329707
353	329886
354	334743
355	335524
356	337153
357	339267
358	339541
359	339874
360	346038
361	346689
362	347012
363	347156
364	348398
365	348454
366	348888
367	350344
368	350369
369	351198
370	354836
371	355866
372	356085
373	356447
374	357698
375	358197
376	359273
377	359325
378	359452
379	360507
380	365059
381	366308
382	366651
383	366969
384	368299
385	368421
386	368509
387	370261
388	370531
389	372403
390	372763
391	372810
392	374135
393	376447
394	376762
395	377115
396	377136
397	377156
398	379647
399	380605
400	382309
401	382722
402	384203
403	384215
404	384227
405	384239
406	384251
407	384263
408	384275
409	384311
410	384371
411	384432
412	385122
413	389285
414	389478
415	389831
416	391772
417	391800
418	392955
419	395988
420	397570
421	404504
422	404580
423	409251
424	410026
425	410677
426	411742
427	412238
428	413051
429	414220
430	415130
431	418958
432	419851
433	419856
434	423883
435	425906
436	426073
437	428946
438	429352
439	429598
440	431974
441	432085
442	432162
443	432778
444	433041
445	433209
446	433235
447	433247
448	433627
449	434133
450	435708
451	439399
452	439639
453	441117
454	441794
455	442650
456	447291
457	447539
458	451383
459	455419
460	456764
461	456888
462	457357
463	458227
464	460106
465	461029
466	465037
467	465555
468	466352
469	466584
470	467802
471	468303
472	469422
473	470419
474	474004
475	476135
476	477607
477	479632
478	479844
479	481150
480	481171
481	486071
482	486860
483	487835
484	487893
485	487914
486	488028
487	492238
488	493653
489	494388
490	498064
491	498284
492	498295
493	498556
494	500706
495	500981
496	503071
497	503929
498	504009
499	505464
500	505531
501	505725
502	507180
503	507270
504	512368
505	512571
506	512781
507	513640
508	515584
509	515843
510	516833
511	520587
512	522729
513	523139
514	523339
515	525197
516	525499
517	525523
518	525526
519	525562
520	525637
521	525901
522	529733
523	529879
524	532170
525	532993
526	533039
527	533266
528	533885
529	534342
530	534396
531	534398
532	534402
533	534439
534	534470
535	534486
536	534493
537	534510
538	534676
539	535236
540	535622
541	535990
542	536008
543	536646
544	536816
545	536973
546	536999
547	537296
548	538211
549	540112
550	541407
551	541494
552	541909
553	549846
554	550009
555	550032
556	550083
557	550568
558	550761
559	551092
560	551163
561	552464
562	552690
563	557494
564	558021
565	558306
566	559711
567	561705
568	565561
569	566858
570	567411
571	567640
572	570460
573	574596
574	575774
575	576078
576	576382
577	577375
578	578098
579	579013
580	579197
581	579573
582	580124
583	580170
584	580175
585	580467
586	580935
587	581114
588	581946
589	583257
590	583877
591	583915
592	584366
593	585164
594	587942
595	588638
596	588857
597	589287
598	589847
599	591349
600	592679
601	593574
602	597310
603	599783
604	604855
605	605655
606	605657
607	605816
608	607777
609	609159
610	610686
611	611581
612	613196
613	614185
614	614234
615	615226
616	615506
617	615958
618	616933
619	616969
620	617095
621	617131
622	617149
623	617158
624	618358
625	618784
626	619610
627	619893
628	620343
629	621349
630	621601
631	622049
632	623134
633	624960
634	626284
635	627289
636	627642
637	627771
638	628774
639	630270
640	633982
641	635498
642	635750
643	637360
644	637656
645	640035
646	640125
647	641272
648	641802
649	643685
650	649154
651	649510
652	650416
653	650945
654	651067
655	651085
656	651438
657	651782
658	652004
659	653321
660	653366
661	653869
662	656716
663	658092
664	658129
665	660013
666	660985
667	661688
668	661800
669	661918
670	666620
671	667961
672	668091
673	668632
674	669881
675	669993
676	674436
677	678956
678	680150
679	681900
680	682151
681	682448
682	683049
683	684662
684	685253
685	685809
686	689206
687	689244
688	691422
689	692091
690	693802
691	696104
692	698312
693	699142
694	700396
695	700456
696	700469
697	702069
698	703724
699	704512
700	707531
701	708919
702	709838
703	710762
704	714042
705	714229
706	714778
707	714808
708	715201
709	717207
710	717265
711	717832
712	718041
713	719034
714	719078
715	719952
716	722171
717	729488
718	729904
719	730106
720	731760
721	733601
722	735314
723	735930
724	737252
725	737374
726	740594
727	742932
728	745983
729	746982
730	747016
731	747244
732	747798
733	747847
734	748065
735	749538
736	750638
737	753332
738	753937
739	753970
740	756129
741	756275
742	756957
743	758397
744	758643
745	759595
746	760560
747	762027
748	763996
749	764549
750	764879
751	765333
752	765380
753	766466
754	766989
755	767230
756	767896
757	769700
758	770298
759	770673
760	770851
761	771695
762	772757
763	772944
764	772961
765	774377
766	774665
767	775341
768	776159
769	776501
770	776676
771	776727
772	776972
773	777120
774	780032
775	780479
776	780512
777	781305
778	782291
779	782730
780	784278
781	784541
782	786662
783	788058
784	790802
785	791310
786	791364
787	791956
788	792432
789	792721
790	793629
791	793832
792	794030
793	794656
794	795383
795	796281
796	796300
797	796302
798	801276
799	801567
800	801991
801	803942
802	805497
803	807864
804	807945
805	808337
806	808608
807	808996
808	809350
809	809721
810	809726
811	810030
812	810302
813	812151
814	812265
815	813783
816	813786
817	813799
818	813804
819	815044
820	815535
821	816163
822	816241
823	816250
824	816251
825	819135
826	819613
827	819647
828	819766
829	819769
830	820095
831	820154
832	820174
833	820177
834	820357
835	826516
836	826559
837	827058
838	827621
839	827960
840	828940
841	829040
842	829263
843	829825
844	830074
845	830521
846	831051
847	831505
848	833149
849	834555
850	835027
851	835191
852	837786
853	840730
854	841651
855	843075
856	843110
857	843198
858	843243
859	843556
860	844315
861	845006
862	845231
863	845718
864	846617
865	846714
866	847781
867	848506
868	849676
869	850548
870	851025
871	852550
872	853336
873	854226
874	854697
875	855451
876	855905
877	856445
878	857052
879	857247
880	858790
881	859349
882	860051
883	860886
884	861566
885	861624
886	863137
887	863288
888	863289
889	865095
890	866362
891	866774
892	867378
893	867935
894	868459
895	869812
896	870837
897	871129
898	871397
899	872757
900	874120
901	874949
902	876379
903	876991
904	877535
905	879585
906	882267
907	883278
908	884124
909	884246
910	885113
911	885643
912	889391
913	890313
914	891069
915	891518
916	892685
917	893251
918	894579
919	898406
920	899868
921	902373
922	903365
923	903527
924	903677
925	903893
926	904031
927	904062
928	906443
929	908154
930	908709
931	912131
932	912145
933	912165
934	912541
935	912606
936	912608
937	912628
938	912629
939	912647
940	912650
941	912724
942	912732
943	912734
944	912735
945	912740
946	913101
947	913104
948	913107
949	914263
950	914819
951	915268
952	915905
953	916623
954	918629
955	918761
956	919297
957	919645
958	920518
959	921326
960	923774
961	923906
962	924963
963	927175
964	927911
965	928074
966	928175
967	928269
968	928775
969	929433
970	930178
971	930487
972	931430
973	931865
974	932455
975	932897
976	933917
977	934355
978	934862
979	935033
980	935350
981	935605
982	936256
983	936781
984	937481
985	937859
986	941820
987	942977
988	944115
989	944158
990	944396
991	945432
992	948235
993	948610
994	948615
995	950199
996	950931
997	951115
998	952941
999	953157
1000	959369
1001	959380
1002	959458
1003	959663
1004	961077
1005	962094
1006	964264
1007	965043
1008	965409
1009	967393
1010	967552
1011	971306
1012	972012
1013	972150
1014	982498
1015	982910
1016	983303
1017	984195
1018	984310
1019	985016
1020	986792
1021	989058
1022	989469
1023	989493
1024	993960
1025	994565
1026	995198
1027	1000419
1028	1000441
1029	1001258
1030	1002289
1031	1003260
1032	1004134
1033	1004865
1034	1004951
1035	1005082
1036	1006612
1037	1010554
1038	1011263
1039	1013088
1040	1013130
1041	1015095
1042	1015291
1043	1015916
1044	1016180
1045	1018120
1046	1018435
1047	1019562
1048	1020505
1049	1020849
1050	1021986
1051	1022316
1052	1024128
1053	1027457
1054	1027465
1055	1027684
1056	1027736
1057	1027768
1058	1027820
1059	1027833
1060	1027901
1061	1030613
1062	1031012
1063	1031427
1064	1035415
1065	1039061
1066	1039064
1067	1039425
1068	1039966
1069	1041510
1070	1041529
1071	1041544
1072	1041703
1073	1042192
1074	1042219
1075	1042226
1076	1042298
1077	1042426
1078	1042628
1079	1042704
1080	1042724
1081	1042767
1082	1042903
1083	1042998
1084	1043070
1085	1043086
1086	1043220
1087	1043232
1088	1043452
1089	1043639
1090	1044886
1091	1044893
1092	1044897
1093	1044923
1094	1045352
1095	1047443
1096	1048185
1097	1048466
1098	1048479
1099	1048590
1100	1048660
1101	1050026
1102	1050479
1103	1051173
1104	1051359
1105	1051983
1106	1052869
1107	1054496
1108	1054769
1109	1055764
1110	1056357
1111	1059802
1112	1061405
1113	1063707
1114	1064226
1115	1065100
1116	1067464
1117	1067596
1118	1072767
1119	1075080
1120	1075746
1121	1076318
1122	1076639
1123	1077217
1124	1078186
1125	1078848
1126	1079095
1127	1080089
1128	1081948
1129	1082497
1130	1082651
1131	1082774
1132	1083747
1133	1084529
1134	1086054
1135	1088552
1136	1089657
1137	1092285
1138	1093041
1139	1094609
1140	1095792
1141	1098393
1142	1100268
1143	1101790
1144	1104435
1145	1104455
1146	1105181
1147	1106201
1148	1106640
1149	1108279
1150	1108906
1151	1110454
1152	1111112
1153	1111763
1154	1113247
1155	1114367
1156	1117376
1157	1117876
1158	1119559
1159	1119792
1160	1120057
1161	1122035
1162	1122424
1163	1129188
1164	1129475
1165	1131733
1166	1135734
1167	1135892
1168	1135913
1169	1135922
1170	1137732
1171	1137769
1172	1138816
1173	1138934
1174	1138936
1175	1139394
1176	1139563
1177	1139741
1178	1140497
1179	1140832
1180	1141683
1181	1144379
1182	1144704
1183	1146585
1184	1146709
1185	1149407
1186	1149438
1187	1149571
1188	1149572
1189	1150264
1190	1150511
1191	1150592
1192	1151452
1193	1152067
1194	1153181
1195	1153325
1196	1155179
1197	1157236
1198	1157540
1199	1158910
1200	1159412
1201	1160202
1202	1160390
1203	1163335
1204	1164256
1205	1166029
1206	1167070
1207	1167348
1208	1167412
1209	1168220
1210	1169048
1211	1170111
1212	1170265
1213	1171341
1214	1171452
1215	1171544
1216	1173979
1217	1174019
1218	1175767
1219	1176874
1220	1178460
1221	1179973
1222	1180635
1223	1182339
1224	1182769
1225	1183493
1226	1185772
1227	1185932
1228	1186985
1229	1187204
1230	1188144
1231	1188884
1232	1190572
1233	1190712
1234	1191328
1235	1191447
1236	1191451
1237	1194266
1238	1195692
1239	1196631
1240	1196997
1241	1197999
1242	1199709
1243	1200970
1244	1201432
1245	1202177
1246	1202527
1247	1202569
1248	1203051
1249	1203094
1250	1204108
1251	1204315
1252	1204800
1253	1208290
1254	1208782
1255	1210206
1256	1212386
1257	1217008
1258	1219656
1259	1221055
1260	1222408
1261	1223528
1262	1227902
1263	1228829
1264	1229155
1265	1229966
1266	1230909
1267	1231997
1268	1234109
1269	1234254
1270	1234452
1271	1235180
1272	1237086
1273	1237516
1274	1239177
1275	1239479
1276	1239687
1277	1239787
1278	1242057
1279	1242491
1280	1243546
1281	1244472
1282	1244527
1283	1245929
1284	1246562
1285	1247810
1286	1247982
1287	1249012
1288	1250162
1289	1250264
1290	1250349
1291	1253129
1292	1254457
1293	1255162
1294	1255685
1295	1256515
1296	1258447
1297	1259386
1298	1259979
1299	1260705
1300	1260710
1301	1261164
1302	1261537
1303	1262207
1304	1268528
1305	1270688
1306	1271016
1307	1271125
1308	1275120
1309	1275380
1310	1275856
1311	1275893
1312	1275976
1313	1277631
1314	1277873
1315	1277943
1316	1278262
1317	1278312
1318	1278992
1319	1279194
1320	1280692
1321	1281644
1322	1282249
1323	1283306
1324	1283714
1325	1287478
1326	1289225
1327	1289341
1328	1290253
1329	1292207
1330	1292817
1331	1293343
1332	1293597
1333	1293642
1334	1293646
1335	1293660
1336	1294116
1337	1294117
1338	1294118
1339	1294595
1340	1296032
1341	1299302
1342	1299369
1343	1301030
1344	1301187
1345	1302480
1346	1304343
1347	1304368
1348	1304381
1349	1304386
1350	1304445
1351	1304543
1352	1306026
1353	1307628
1354	1308355
1355	1308704
1356	1309368
1357	1311673
1358	1318170
1359	1319668
1360	1319829
1361	1320088
1362	1320425
1363	1324470
1364	1324783
1365	1325396
1366	1325601
1367	1325807
1368	1326683
1369	1326784
1370	1326857
1371	1328003
1372	1329412
1373	1329486
1374	1329630
1375	1331587
1376	1331873
1377	1333642
1378	1335901
1379	1336491
1380	1341763
1381	1343015
1382	1343900
1383	1344621
1384	1344684
1385	1345207
1386	1345402
1387	1345540
1388	1346763
1389	1347433
1390	1350258
1391	1350566
1392	1350740
1393	1351243
1394	1352514
1395	1353448
1396	1353714
1397	1355165
1398	1356065
1399	1358309
1400	1359580
1401	1360142
1402	1360194
1403	1360845
1404	1361150
1405	1362168
1406	1362359
1407	1362940
1408	1363609
1409	1363922
1410	1365143
1411	1365286
1412	1365549
1413	1365588
1414	1365635
1415	1368298
1416	1368383
1417	1369498
1418	1369692
1419	1370344
1420	1373053
1421	1374626
1422	1376656
1423	1377169
1424	1377464
1425	1378357
1426	1380002
1427	1380010
1428	1381140
1429	1382434
1430	1382570
1431	1386200
1432	1387081
1433	1387618
1434	1388453
1435	1390786
1436	1390968
1437	1392279
1438	1393718
1439	1394213
1440	1395011
1441	1395819
1442	1397455
1443	1397953
1444	1398336
1445	1400757
1446	1401497
1447	1404022
1448	1405357
1449	1407578
1450	1408970
1451	1409470
1452	1410544
1453	1411106
1454	1415658
1455	1416703
1456	1417648
1457	1418044
1458	1418600
1459	1418786
1460	1420131
1461	1421416
1462	1422617
1463	1423796
1464	1424831
1465	1427220
1466	1427414
1467	1431811
1468	1432560
1469	1434378
1470	1434499
1471	1434510
1472	1436498
1473	1437347
1474	1437565
1475	1437575
1476	1437693
1477	1438883
1478	1439666
1479	1440328
1480	1440370
1481	1440375
1482	1440376
1483	1441273
1484	1443533
1485	1446055
1486	1447993
1487	1448073
1488	1449569
1489	1450094
1490	1450167
1491	1450403
1492	1450553
1493	1451291
1494	1451375
1495	1451759
1496	1451776
1497	1451880
1498	1452560
1499	1453066
1500	1454117
1501	1454223
1502	1454226
1503	1454564
1504	1458306
1505	1458644
1506	1458874
1507	1461114
1508	1461519
1509	1462732
1510	1466973
1511	1467345
1512	1467494
1513	1467665
1514	1468808
1515	1469236
1516	1469646
1517	1469666
1518	1470134
1519	1470428
1520	1470680
1521	1471307
1522	1475533
1523	1476310
1524	1477334
1525	1477531
1526	1480076
1527	1480617
1528	1483894
1529	1484000
1530	1484781
1531	1486172
1532	1487969
1533	1488551
1534	1488558
1535	1490356
1536	1490680
1537	1490891
1538	1492652
1539	1492872
1540	1492880
1541	1492920
1542	1493300
1543	1496419
1544	1501295
1545	1501339
1546	1504393
1547	1506819
1548	1509064
1549	1511011
1550	1513573
1551	1513627
1552	1513669
1553	1513705
1554	1513721
1555	1513723
1556	1514301
1557	1515578
1558	1515816
1559	1516582
1560	1517587
1561	1520103
1562	1523474
1563	1527707
1564	1527905
1565	1528332
1566	1533571
1567	1536277
1568	1540034
1569	1541518
1570	1543959
1571	1545448
1572	1547148
1573	1548188
1574	1548397
1575	1549832
1576	1550375
1577	1551939
1578	1553508
1579	1553580
1580	1553733
1581	1553998
1582	1557056
1583	1558867
1584	1559952
1585	1560728
1586	1562606
1587	1562631
1588	1562639
1589	1562821
1590	1562836
1591	1563049
1592	1563139
1593	1563654
1594	1563900
1595	1563957
1596	1563965
1597	1565188
1598	1565666
1599	1565862
1600	1569549
1601	1571248
1602	1571795
1603	1571989
1604	1572481
1605	1574757
1606	1576918
1607	1578052
1608	1580714
1609	1580864
1610	1580946
1611	1581349
1612	1581719
1613	1581734
1614	1581737
1615	1582032
1616	1582050
1617	1582744
1618	1583596
1619	1584938
1620	1586913
1621	1588526
1622	1589225
1623	1589487
1624	1589779
1625	1590196
1626	1590904
1627	1591530
1628	1591887
1629	1592195
1630	1592663
1631	1593300
1632	1594120
1633	1595711
1634	1596433
1635	1597061
1636	1597621
1637	1597671
1638	1597751
1639	1600692
1640	1600775
1641	1600823
1642	1601030
1643	1601070
1644	1601414
1645	1601519
1646	1601739
1647	1601748
1648	1601768
1649	1601770
1650	1601783
1651	1601801
1652	1602167
1653	1603303
1654	1603826
1655	1606018
1656	1606161
1657	1608437
1658	1609601
1659	1610417
1660	1610770
1661	1610795
1662	1611743
1663	1612100
1664	1612431
1665	1612432
1666	1613228
1667	1613255
1668	1613302
1669	1613343
1670	1613700
1671	1614104
1672	1616030
1673	1616621
1674	1617422
1675	1618983
1676	1621914
1677	1622712
1678	1623947
1679	1625457
1680	1628273
1681	1628283
1682	1628522
1683	1628723
1684	1640322
1685	1640628
1686	1641038
1687	1641072
1688	1641528
1689	1641661
1690	1642901
1691	1643541
1692	1645614
1693	1647286
1694	1650313
1695	1650807
1696	1651450
1697	1652786
1698	1653006
1699	1653115
1700	1653327
1701	1655166
1702	1655574
1703	1655829
1704	1656465
1705	1657013
1706	1657055
1707	1657058
1708	1657097
1709	1657182
1710	1657474
1711	1657648
1712	1657659
1713	1658038
1714	1658143
1715	1659575
1716	1659576
1717	1661248
1718	1661656
1719	1662418
1720	1663994
1721	1664002
1722	1664687
1723	1667057
1724	1667994
1725	1668227
1726	1668316
1727	1669101
1728	1669373
1729	1669851
1730	1670082
1731	1670749
1732	1672106
1733	1672610
1734	1673062
1735	1673104
1736	1673662
1737	1674096
1738	1675588
1739	1676425
1740	1677060
1741	1677459
1742	1678672
1743	1679353
1744	1681658
1745	1681734
1746	1682570
1747	1682600
1748	1682651
1749	1682652
1750	1682952
1751	1683763
1752	1685742
1753	1687722
1754	1692109
1755	1692567
1756	1694040
1757	1694622
1758	1695778
1759	1696506
1760	1697252
1761	1700177
1762	1700695
1763	1701502
1764	1703001
1765	1703427
1766	1703892
1767	1705469
1768	1706219
1769	1706846
1770	1707599
1771	1708155
1772	1708340
1773	1709889
1774	1710546
1775	1711736
1776	1712629
1777	1713661
1778	1714386
1779	1717942
1780	1718692
1781	1719781
1782	1720009
1783	1720012
1784	1720013
1785	1720282
1786	1721568
1787	1722028
1788	1723564
1789	1724246
1790	1724304
1791	1724857
1792	1726326
1793	1726592
1794	1731696
1795	1732716
1796	1734471
1797	1734586
1798	1741500
1799	1741907
1800	1741934
1801	1742459
1802	1743395
1803	1743512
1804	1743516
1805	1744181
1806	1745292
1807	1745610
1808	1745614
1809	1745620
1810	1745621
1811	1745622
1812	1745625
1813	1746289
1814	1746290
1815	1746441
1816	1746446
1817	1746923
1818	1746939
1819	1747054
1820	1747057
1821	1747102
1822	1747111
1823	1747260
1824	1747659
1825	1747665
1826	1747671
1827	1747674
1828	1747761
1829	1748016
1830	1748040
1831	1748049
1832	1748187
1833	1748406
1834	1748929
1835	1748972
1836	1749205
1837	1749247
1838	1749379
1839	1749441
1840	1749445
1841	1750797
1842	1752108
1843	1752268
1844	1752736
1845	1753907
1846	1755451
1847	1756261
1848	1758752
1849	1760306
1850	1760581
1851	1762275
1852	1762914
1853	1763307
1854	1763497
1855	1765240
1856	1765552
1857	1766833
1858	1770566
1859	1776342
1860	1778815
1861	1779202
1862	1779907
1863	1780065
1864	1780549
1865	1781644
1866	1781794
1867	1781819
1868	1782200
1869	1782707
1870	1783796
1871	1785026
1872	1786431
1873	1787932
1874	1787944
1875	1788524
1876	1793058
1877	1793152
1878	1793423
1879	1794496
1880	1794593
1881	1794748
1882	1796180
1883	1796247
1884	1796861
1885	1797348
1886	1797599
1887	1798928
1888	1800112
1889	1800368
1890	1801845
1891	1801929
1892	1802579
1893	1803983
1894	1804369
1895	1805291
1896	1805955
1897	1806451
1898	1808799
1899	1809133
1900	1809303
1901	1811535
1902	1811759
1903	1811984
1904	1814230
1905	1814344
1906	1814359
1907	1814371
1908	1814372
1909	1814440
1910	1814441
1911	1814540
1912	1815007
1913	1815017
1914	1815061
1915	1816824
1916	1817550
1917	1818417
1918	1819457
1919	1819771
1920	1820760
1921	1822448
1922	1825605
1923	1826580
1924	1827387
1925	1827465
1926	1827474
1927	1827482
1928	1827507
1929	1827528
1930	1827627
1931	1827630
1932	1827636
1933	1827654
1934	1827663
1935	1827717
1936	1827750
1937	1827816
1938	1827819
1939	1827837
1940	1827839
1941	1827840
1942	1827843
1943	1827846
1944	1828134
1945	1828592
1946	1830578
1947	1830866
1948	1831701
1949	1831749
1950	1832463
1951	1832690
1952	1832809
1953	1833394
1954	1834442
1955	1837828
1956	1838198
1957	1838950
1958	1842492
1959	1843693
1960	1843815
1961	1843902
1962	1844921
1963	1845391
1964	1847911
1965	1848246
1966	1850356
1967	1851572
1968	1853434
1969	1853830
1970	1854818
1971	1856339
1972	1856710
1973	1858832
1974	1859013
1975	1859115
1976	1859193
1977	1860008
1978	1860258
1979	1860335
1980	1861293
1981	1861419
1982	1861636
1983	1861794
1984	1862972
1985	1863848
1986	1865773
1987	1868959
1988	1870616
1989	1871361
1990	1871779
1991	1871795
1992	1875611
1993	1875741
1994	1876614
1995	1876619
1996	1878806
1997	1879472
1998	1879892
1999	1880456
2000	1881209
2001	1883111
2002	1883354
2003	1883428
2004	1884574
2005	1887471
2006	1887682
2007	1887767
2008	1889713
2009	1889905
2010	1889906
2011	1890057
2012	1890068
2013	1890185
2014	1890221
2015	1890303
2016	1890317
2017	1890328
2018	1891055
2019	1891078
2020	1891103
2021	1891135
2022	1891178
2023	1891262
2024	1891417
2025	1891556
2026	1891578
2027	1891818
2028	1891830
2029	1891918
2030	1892382
2031	1892402
2032	1893509
2033	1894334
2034	1894511
2035	1894536
2036	1894784
2037	1894950
2038	1896329
2039	1897137
2040	1899504
2041	1901498
2042	1903574
2043	1903576
2044	1904482
2045	1904509
2046	1905135
2047	1905579
2048	1905641
2049	1907655
2050	1908581
2051	1910004
2052	1910616
2053	1911036
2054	1921838
2055	1922264
2056	1923330
2057	1923930
2058	1925516
2059	1925533
2060	1925717
2061	1925813
2062	1926445
2063	1926471
2064	1926503
2065	1927160
2066	1927334
2067	1927380
2068	1929000
2069	1930938
2070	1933148
2071	1933642
2072	1935382
2073	1937188
2074	1937344
2075	1941778
2076	1942708
2077	1944173
2078	1944761
2079	1945083
2080	1946426
2081	1946555
2082	1949598
2083	1950388
2084	1952038
2085	1952095
2086	1952476
2087	1953208
2088	1955433
2089	1958401
2090	1958402
2091	1958546
2092	1959506
2093	1959823
2094	1960585
2095	1961015
2096	1963096
2097	1963729
2098	1963775
2099	1970593
2100	1978783
2101	1979001
2102	1980132
2103	1981503
2104	1981794
2105	1983854
2106	1984480
2107	1985569
2108	1985731
2109	1986125
2110	1986284
2111	1987909
2112	1988942
2113	1988997
2114	1989215
2115	1989484
2116	1989738
2117	1990699
2118	1990959
2119	1992607
2120	1995195
2121	1995380
2122	1995981
2123	1996398
2124	1996679
2125	1998122
2126	1998573
2127	1999642
2128	2000029
2129	2000308
2130	2002025
2131	2002118
2132	2002677
2133	2004079
2134	2004427
2135	2005682
2136	2007338
2137	2007448
2138	2008171
2139	2008315
2140	2008578
2141	2008608
2142	2011045
2143	2011058
2144	2011316
2145	2012473
2146	2012912
2147	2013429
2148	2014067
2149	2015398
2150	2015624
2151	2015906
2152	2018074
2153	2018083
2154	2018202
2155	2018320
2156	2019706
2157	2020051
2158	2020123
2159	2020750
2160	2020753
2161	2020991
2162	2022272
2163	2022318
2164	2022980
2165	2023629
2166	2024721
2167	2028355
2168	2032141
2169	2034191
2170	2034812
2171	2035119
2172	2035388
2173	2038005
2174	2039483
2175	2041414
2176	2042283
2177	2043454
2178	2043737
2179	2044537
2180	2044575
2181	2044579
2182	2044587
2183	2044592
2184	2044602
2185	2044616
2186	2044621
2187	2044622
2188	2044628
2189	2044629
2190	2044634
2191	2044635
2192	2044637
2193	2044638
2194	2044642
2195	2044643
2196	2044646
2197	2044647
2198	2044649
2199	2044654
2200	2044670
2201	2044674
2202	2044678
2203	2044683
2204	2044688
2205	2044692
2206	2044698
2207	2044749
2208	2044760
2209	2044761
2210	2044767
2211	2044772
2212	2044773
2213	2044775
2214	2044776
2215	2044778
2216	2044779
2217	2044781
2218	2044782
2219	2044787
2220	2044792
2221	2044793
2222	2044794
2223	2044796
2224	2044805
2225	2044806
2226	2044810
2227	2044843
2228	2044848
2229	2044850
2230	2044854
2231	2044927
2232	2044929
2233	2044943
2234	2044944
2235	2044968
2236	2044969
2237	2045005
2238	2045011
2239	2045012
2240	2045018
2241	2045020
2242	2045131
2243	2045199
2244	2045201
2245	2045520
2246	2045670
2247	2045697
2248	2045891
2249	2045896
2250	2045907
2251	2045979
2252	2046076
2253	2046179
2254	2046937
2255	2047366
2256	2047369
2257	2047427
2258	2047789
2259	2048218
2260	2050738
2261	2050828
2262	2051429
2263	2052102
2264	2052585
2265	2054850
2266	2061446
2267	2062473
2268	2064831
2269	2066170
2270	2066635
2271	2068105
2272	2068902
2273	2069143
2274	2070362
2275	2071252
2276	2072610
2277	2074706
2278	2075478
2279	2076003
2280	2076562
2281	2076717
2282	2077487
2283	2079074
2284	2079222
2285	2079668
2286	2079761
2287	2080726
2288	2081509
2289	2082122
2290	2083983
2291	2085550
2292	2085968
2293	2088154
2294	2088334
2295	2089581
2296	2090498
2297	2091395
2298	2091629
2299	2091719
2300	2093262
2301	2095560
2302	2095604
2303	2095726
2304	2095767
2305	2096310
2306	2097598
2307	2099880
2308	2101238
2309	2101360
2310	2104990
2311	2105572
2312	2105870
2313	2108405
2314	2112274
2315	2112571
2316	2113425
2317	2114365
2318	2114394
2319	2114396
2320	2114412
2321	2114416
2322	2114579
2323	2115446
2324	2115599
2325	2115618
2326	2116461
2327	2117441
2328	2117512
2329	2118607
2330	2120236
2331	2120813
2332	2120885
2333	2121841
2334	2124129
2335	2125375
2336	2125480
2337	2125940
2338	2126346
2339	2126677
2340	2127772
2341	2129085
2342	2129305
2343	2129391
2344	2129871
2345	2130381
2346	2136644
2347	2137689
2348	2137794
2349	2137795
2350	2138331
2351	2140521
2352	2140990
2353	2141022
2354	2143511
2355	2143595
2356	2143960
2357	2145256
2358	2147012
2359	2147250
2360	2147591
2361	2147594
2362	2148408
2363	2149018
2364	2151084
2365	2151091
2366	2151095
2367	2151387
2368	2154656
2369	2154786
2370	2154931
2371	2155099
2372	2157091
2373	2158889
2374	2159649
2375	2160471
2376	2160610
2377	2160659
2378	2160661
2379	2161907
2380	2162569
2381	2163201
2382	2164905
2383	2165358
2384	2166376
2385	2167366
2386	2169885
2387	2170302
2388	2170524
2389	2172302
2390	2173782
2391	2175154
2392	2176769
2393	2178251
2394	2178342
2395	2178846
2396	2180115
2397	2180269
2398	2180965
2399	2184361
2400	2186008
2401	2186534
2402	2187293
2403	2187844
2404	2189375
2405	2191386
2406	2192269
2407	2192561
2408	2193795
2409	2193801
2410	2193802
2411	2198054
2412	2198070
2413	2199500
2414	2199757
2415	2200944
2416	2202332
2417	2202732
2418	2203798
2419	2203890
2420	2205130
2421	2205131
2422	2208901
2423	2210912
2424	2213854
2425	2214006
2426	2218906
2427	2223310
2428	2223982
2429	2225269
2430	2225287
2431	2226977
2432	2229572
2433	2233353
2434	2238147
2435	2238342
2436	2238353
2437	2240362
2438	2240374
2439	2240376
2440	2240395
2441	2240628
2442	2240777
2443	2243465
2444	2244023
2445	2245922
2446	2246074
2447	2246647
2448	2247094
2449	2248110
2450	2248785
2451	2248797
2452	2250292
2453	2250374
2454	2250511
2455	2252435
2456	2253390
2457	2253652
