1	2831
2	3145
3	5977
4	6866
5	6867
6	6868
7	6879
8	9431
9	10293
10	12498
11	13835
12	15187
13	16251
14	23845
15	23870
16	23913
17	24307
18	26766
19	28480
20	31063
21	31740
22	38174
23	42177
24	42209
25	44097
26	46086
27	46318
28	48062
29	49505
30	51293
31	52548
32	53148
33	53678
34	54466
35	57554
36	57572
37	60230
38	60482
39	61663
40	61915
41	62185
42	62241
43	64299
44	66278
45	66667
46	67192
47	71824
48	71872
49	100402
50	100414
51	100433
52	101194
53	101569
54	101601
55	101686
56	101689
57	101722
58	101856
59	101916
60	102396
61	102611
62	102748
63	106496
64	106510
65	109256
66	111916
67	112639
68	114706
69	115308
70	116088
71	121338
72	121842
73	123761
74	124914
75	125712
76	127981
77	128306
78	128351
79	130867
80	131975
81	138557
82	141234
83	141831
84	142093
85	143236
86	143410
87	144514
88	144591
89	144592
90	144750
91	145048
92	146370
93	148856
94	150007
95	151302
96	152104
97	153502
98	156553
99	159354
100	159769
101	161398
102	161626
103	162120
104	162653
105	162687
106	166188
107	166297
108	170771
109	175514
110	176828
111	179480
112	179867
113	179943
114	181818
115	185967
116	186166
117	186730
118	187443
119	188981
120	189773
121	190640
122	192548
123	193618
124	193886
125	194612
126	195204
127	196699
128	196854
129	197911
130	198543
131	198735
132	200165
133	200735
134	200812
135	200818
136	201247
137	201565
138	204179
139	207553
140	208470
141	208562
142	208596
143	211826
144	213596
145	213810
146	216380
147	216636
148	219063
149	220707
150	221447
151	221929
152	223181
153	223869
154	224425
155	224707
156	225006
157	225622
158	226227
159	231588
160	233074
161	234191
162	235408
163	236482
164	236668
165	241829
166	241891
167	245313
168	247726
169	251240
170	251241
171	257536
172	258202
173	258425
174	258771
175	259444
176	260521
177	261566
178	261813
179	263281
180	263415
181	264232
182	268445
183	268793
184	269373
185	271526
186	271595
187	272195
188	280808
189	281484
190	282060
191	282556
192	282562
193	283574
194	283661
195	285485
196	286808
197	287329
198	287588
199	287952
200	295246
201	297811
202	297924
203	298545
204	301814
205	301836
206	302341
207	303494
208	304047
209	304444
210	305667
211	307103
212	308683
213	309068
214	309099
215	313469
216	316039
217	316778
218	317688
219	319500
220	319551
221	321673
222	322209
223	323414
224	323738
225	324118
226	325333
227	326396
228	326520
229	326856
230	327017
231	328056
232	328192
233	329490
234	331440
235	331688
236	331689
237	331913
238	332389
239	332520
240	332631
241	333638
242	333746
243	334133
244	334482
245	336984
246	338586
247	340481
248	340499
249	340538
250	340920
251	341152
252	341929
253	342854
254	343603
255	344395
256	345078
257	345571
258	346720
259	346911
260	347677
261	348457
262	348502
263	349622
264	351218
265	353578
266	355585
267	356846
268	357886
269	357915
270	361140
271	362101
272	364605
273	364901
274	365432
275	366900
276	371251
277	371528
278	371555
279	371817
280	374322
281	377904
282	378522
283	378840
284	380006
285	381445
286	382366
287	383882
288	384553
289	385292
290	387346
291	387359
292	388508
293	389289
294	389310
295	389436
296	392758
297	394426
298	394542
299	396728
300	399379
301	405203
302	406179
303	406295
304	407460
305	407633
306	407670
307	408384
308	409969
309	411187
310	411928
311	412765
312	412834
313	417197
314	446370
315	446887
316	446896
317	451056
318	481942
319	481978
320	483224
321	484840
322	484876
323	485293
324	497185
325	504163
326	510710
327	510754
328	515848
329	515856
330	516133
331	517331
332	523625
333	523626
334	524008
335	524598
336	525814
337	527449
338	532341
339	532951
340	535401
341	539374
342	542506
343	543562
344	544774
345	546888
346	548049
347	549723
348	549825
349	554699
350	555459
351	556832
352	557142
353	560124
354	560835
355	561022
356	562681
357	562826
358	563858
359	564461
360	566945
361	568572
362	568714
363	570223
364	571055
365	571236
366	573035
367	573052
368	574798
369	576411
370	578719
371	579082
372	579936
373	580803
374	585366
375	585834
376	588884
377	590847
378	593290
379	593320
380	597760
381	597869
382	598913
383	599534
384	599537
385	600238
386	601328
387	602398
388	602973
389	603587
390	605289
391	608427
392	608563
393	608895
394	611580
395	613440
396	613632
397	615385
398	615797
399	616112
400	616238
401	616636
402	618903
403	619471
404	620860
405	622520
406	622652
407	624703
408	626463
409	626614
410	629480
411	630565
412	631594
413	633233
414	634580
415	636507
416	637008
417	638059
418	638553
419	639097
420	639244
421	639453
422	641255
423	641476
424	643255
425	643904
426	643985
427	645569
428	645997
429	647616
430	649288
431	649334
432	649737
433	650306
434	650399
435	651389
436	652696
437	654611
438	655944
439	656223
440	659913
441	659941
442	660161
443	660505
444	662138
445	664504
446	665334
447	665593
448	665809
449	667347
450	668615
451	668722
452	668870
453	669875
454	671377
455	671479
456	673576
457	675388
458	675504
459	675667
460	675951
461	676004
462	676735
463	676905
464	678805
465	679786
466	681025
467	681465
468	681950
469	682217
470	682251
471	682278
472	683061
473	683536
474	683764
475	683893
476	685751
477	686578
478	686980
479	686992
480	687777
481	688873
482	688915
483	689322
484	690081
485	691648
486	694273
487	694689
488	694856
489	697148
490	697727
491	699212
492	701574
493	702088
494	702426
495	703249
496	704163
497	705775
498	710266
499	711766
500	715149
501	715170
502	715872
503	715908
504	716819
505	717511
506	718632
507	719415
508	721065
509	721276
510	722222
511	722493
512	723674
513	723727
514	725956
515	725998
516	726354
517	729128
518	729610
519	730666
520	730951
521	736590
522	736767
523	737065
524	737869
525	738134
526	738364
527	739142
528	740626
529	740908
530	741427
531	741622
532	743112
533	745215
534	746366
535	748376
536	748629
537	749617
538	749620
539	749734
540	750578
541	750909
542	751227
543	751814
544	754874
545	755023
546	757603
547	759183
548	760251
549	760383
550	760833
551	761273
552	762530
553	762915
554	763667
555	764704
556	764906
557	765031
558	766650
559	767593
560	767658
561	768553
562	770191
563	770703
564	771001
565	771419
566	771622
567	771844
568	772246
569	772765
570	773331
571	775815
572	776485
573	776631
574	776955
575	776983
576	777623
577	780507
578	781242
579	781302
580	781508
581	781856
582	782949
583	786906
584	787486
585	787811
586	788058
587	789396
588	790671
589	790892
590	792090
591	792354
592	795568
593	795591
594	796132
595	796246
596	796603
597	796763
598	796767
599	800540
600	800839
601	800845
602	802765
603	802922
604	803440
605	803915
606	804997
607	807375
608	807551
609	813117
610	814104
611	814241
612	814880
613	815229
614	816355
615	816596
616	817920
617	817923
618	819239
619	820970
620	822937
621	825116
622	826919
623	827625
624	828347
625	828506
626	830079
627	830924
628	832196
629	833023
630	833047
631	833544
632	841061
633	843005
634	848917
635	850612
636	852284
637	852352
638	855407
639	856247
640	856840
641	857908
642	859846
643	864772
644	868006
645	869804
646	870164
647	871246
648	873114
649	875695
650	877830
651	879229
652	880818
653	882785
654	884431
655	885359
656	885475
657	885551
658	887233
659	892539
660	895850
661	896276
662	897822
663	899023
664	899070
665	901045
666	901926
667	902318
668	904366
669	905601
670	912302
671	912341
672	912585
673	913228
674	913785
675	913890
676	913993
677	915262
678	915305
679	918182
680	919590
681	919778
682	922747
683	923061
684	924694
685	926036
686	927259
687	928523
688	929008
689	929170
690	929369
691	929687
692	930561
693	933277
694	933962
695	935814
696	935815
697	936161
698	936995
699	937045
700	937246
701	937637
702	937704
703	937840
704	937899
705	937997
706	938031
707	943550
708	944141
709	944669
710	947880
711	949030
712	949054
713	949056
714	949065
715	950920
716	951920
717	954371
718	956935
719	957952
720	959522
721	960093
722	963423
723	964040
724	964951
725	968419
726	968522
727	968532
728	968533
729	968540
730	969103
731	969385
732	970168
733	970457
734	973260
735	974419
736	974632
737	974674
738	976101
739	976483
740	976485
741	976891
742	977528
743	977630
744	977822
745	978067
746	978286
747	978288
748	978289
749	978408
750	978409
751	980674
752	980767
753	981355
754	981933
755	982268
756	984598
757	986624
758	986772
759	987464
760	987599
761	988046
762	988241
763	989191
764	989564
765	991683
766	992015
767	996144
768	997555
769	997629
770	998537
771	1001939
772	1002567
773	1002697
774	1003771
775	1006190
776	1006769
777	1008396
778	1009314
779	1009502
780	1009554
781	1009643
782	1010031
783	1010166
784	1010451
785	1012183
786	1013139
787	1013336
788	1013453
789	1016499
790	1017905
791	1019538
792	1019695
793	1020664
794	1020720
795	1022980
796	1027786
797	1028116
798	1029054
799	1030841
800	1031999
801	1033532
802	1036835
803	1041373
804	1042118
805	1042203
806	1043680
807	1044616
808	1047033
809	1051003
810	1052268
811	1053026
812	1056064
813	1057282
814	1057823
815	1057847
816	1060248
817	1060677
818	1060860
819	1061705
820	1065188
821	1066338
822	1066589
823	1067463
824	1068915
825	1071868
826	1073542
827	1074515
828	1074528
829	1074977
830	1075034
831	1075246
832	1075476
833	1075485
834	1075518
835	1076416
836	1077371
837	1080058
838	1080094
839	1080299
840	1080345
841	1081043
842	1084117
843	1084748
844	1088791
845	1089152
846	1089356
847	1089883
848	1090278
849	1091926
850	1092432
851	1094806
852	1095338
853	1095427
854	1095473
855	1096006
856	1096665
857	1101721
858	1104425
859	1104563
860	1104682
861	1105413
862	1108366
863	1108527
864	1109560
865	1109983
866	1111677
867	1111755
868	1112088
869	1112712
870	1116903
871	1117215
872	1117981
873	1119392
874	1119552
875	1121967
876	1123029
877	1123829
878	1124121
879	1124741
880	1125867
881	1126478
882	1129132
883	1129138
884	1130543
885	1131666
886	1132711
887	1133468
888	1135077
889	1136264
890	1137270
891	1137801
892	1138928
893	1138952
894	1139104
895	1139401
896	1140737
897	1141108
898	1143102
899	1143987
900	1144301
901	1145026
902	1145322
903	1147539
904	1148269
905	1149035
906	1149208
907	1149582
908	1150487
909	1151748
910	1152785
911	1153023
912	1153037
913	1153150
914	1153963
915	1156689
916	1157173
917	1158363
918	1158722
919	1159870
920	1159985
921	1165152
922	1165513
923	1165797
924	1167577
925	1168050
926	1168371
927	1172566
928	1175428
929	1176849
930	1177654
931	1178411
932	1179828
933	1181524
934	1181678
935	1183233
936	1185014
937	1187526
938	1187831
939	1188248
940	1190429
941	1190916
942	1191310
943	1193686
944	1193716
945	1194193
946	1195623
947	1199238
948	1199919
949	1200927
950	1201192
951	1202371
952	1202439
953	1202526
954	1203075
955	1204509
956	1205508
957	1209017
958	1211273
959	1211510
960	1211818
961	1214554
962	1216662
963	1217537
964	1217908
965	1218174
966	1229687
967	1230192
968	1230220
969	1230502
970	1231331
971	1232218
972	1232570
973	1232714
974	1232769
975	1233103
976	1234288
977	1234345
978	1236651
979	1237494
980	1239060
981	1241349
982	1242857
983	1245732
984	1246420
985	1246630
986	1246716
987	1246829
988	1247429
989	1249072
990	1249171
991	1250131
992	1251020
993	1252529
994	1252814
995	1253018
996	1253057
997	1253296
998	1253445
999	1253477
1000	1253617
1001	1254357
1002	1255918
1003	1256804
1004	1258419
1005	1259249
1006	1260550
1007	1261463
1008	1262601
1009	1262920
1010	1263405
1011	1263520
1012	1265570
1013	1265656
1014	1270128
1015	1270478
1016	1270578
1017	1270884
1018	1271769
1019	1271834
1020	1275000
1021	1276374
1022	1276633
1023	1276960
1024	1277292
1025	1277960
1026	1279274
1027	1280501
1028	1280686
1029	1283940
1030	1284169
1031	1284910
1032	1285527
1033	1286057
1034	1286061
1035	1286516
1036	1286708
1037	1286908
1038	1287237
1039	1292472
1040	1293362
1041	1294170
1042	1294631
1043	1295987
1044	1296991
1045	1297519
1046	1297561
1047	1297921
1048	1298324
1049	1299880
1050	1300050
1051	1300183
1052	1300202
1053	1300276
1054	1300949
1055	1303285
1056	1304476
1057	1306263
1058	1307015
1059	1307289
1060	1310284
1061	1313303
1062	1313698
1063	1314232
1064	1314249
1065	1314528
1066	1315965
1067	1319311
1068	1320632
1069	1320995
1070	1321883
1071	1323006
1072	1323039
1073	1325297
1074	1325381
1075	1325867
1076	1327382
1077	1328015
1078	1328617
1079	1329985
1080	1330839
1081	1333798
1082	1333828
1083	1333945
1084	1335339
1085	1337143
1086	1337168
1087	1337288
1088	1337361
1089	1338254
1090	1339738
1091	1340026
1092	1340383
1093	1340720
1094	1341364
1095	1342402
1096	1344575
1097	1344663
1098	1344669
1099	1347293
1100	1347746
1101	1348754
1102	1349012
1103	1349354
1104	1349451
1105	1349915
1106	1349996
1107	1350191
1108	1350212
1109	1350295
1110	1350675
1111	1351085
1112	1351753
1113	1352595
1114	1352615
1115	1354725
1116	1356161
1117	1356442
1118	1356715
1119	1358086
1120	1359699
1121	1359740
1122	1360896
1123	1362151
1124	1363875
1125	1364193
1126	1364780
1127	1366028
1128	1366644
1129	1367552
1130	1369215
1131	1371515
1132	1372787
1133	1372825
1134	1374248
1135	1374771
1136	1374782
1137	1376221
1138	1377585
1139	1378886
1140	1379147
1141	1379351
1142	1381187
1143	1381285
1144	1382350
1145	1383191
1146	1383435
1147	1383557
1148	1383899
1149	1385884
1150	1385916
1151	1388411
1152	1388657
1153	1389464
1154	1390126
1155	1390406
1156	1391161
1157	1393218
1158	1393726
1159	1394417
1160	1394483
1161	1399253
1162	1399529
1163	1399555
1164	1399818
1165	1400081
1166	1401789
1167	1401928
1168	1403093
1169	1405635
1170	1405999
1171	1407370
1172	1408135
1173	1409266
1174	1411141
1175	1412480
1176	1412852
1177	1414121
1178	1414149
1179	1414230
1180	1414944
1181	1417210
1182	1418178
1183	1419249
1184	1420589
1185	1421512
1186	1421984
1187	1422458
1188	1423586
1189	1423828
1190	1425477
1191	1426386
1192	1426801
1193	1427758
1194	1429761
1195	1431461
1196	1432080
1197	1432301
1198	1433893
1199	1435868
1200	1436379
1201	1438462
1202	1438728
1203	1438988
1204	1439162
1205	1439220
1206	1439270
1207	1439527
1208	1439822
1209	1440046
1210	1440077
1211	1440735
1212	1440960
1213	1441449
1214	1441775
1215	1442303
1216	1444517
1217	1444824
1218	1444979
1219	1445651
1220	1445797
1221	1448214
1222	1448755
1223	1449950
1224	1450550
1225	1450899
1226	1451155
1227	1452082
1228	1452524
1229	1453358
1230	1454670
1231	1455303
1232	1455465
1233	1455477
1234	1455722
1235	1457549
1236	1460494
1237	1460758
1238	1460824
1239	1460925
1240	1461005
1241	1461361
1242	1461469
1243	1461988
1244	1462874
1245	1466804
1246	1466953
1247	1467318
1248	1467503
1249	1468191
1250	1470310
1251	1470504
1252	1470552
1253	1472356
1254	1475664
1255	1475932
1256	1477277
1257	1477728
1258	1479623
1259	1481921
1260	1484176
1261	1485594
1262	1488211
1263	1492222
1264	1493482
1265	1495385
1266	1496965
1267	1497289
1268	1497568
1269	1500021
1270	1502145
1271	1503396
1272	1506118
1273	1506338
1274	1508567
1275	1509837
1276	1510251
1277	1512607
1278	1514355
1279	1516952
1280	1517757
1281	1518563
1282	1518757
1283	1521783
1284	1523532
1285	1523658
1286	1524048
1287	1524447
1288	1525258
1289	1525538
1290	1525778
1291	1526548
1292	1527379
1293	1528279
1294	1528585
1295	1530900
1296	1531333
1297	1531886
1298	1532239
1299	1532937
1300	1533382
1301	1534420
1302	1535388
1303	1535547
1304	1535934
1305	1536744
1306	1536809
1307	1538149
1308	1539851
1309	1540439
1310	1540933
1311	1541118
1312	1541376
1313	1542278
1314	1542402
1315	1544596
1316	1545211
1317	1546547
1318	1547807
1319	1548822
1320	1549338
1321	1551245
1322	1551521
1323	1552315
1324	1555460
1325	1557468
1326	1560455
1327	1560470
1328	1560885
1329	1562901
1330	1563557
1331	1565572
1332	1565704
1333	1567680
1334	1567770
1335	1568346
1336	1570082
1337	1570241
1338	1570898
1339	1573336
1340	1573497
1341	1573935
1342	1575894
1343	1575981
1344	1576169
1345	1576740
1346	1577097
1347	1577256
1348	1578172
1349	1580774
1350	1581805
1351	1582450
1352	1583951
1353	1585802
1354	1585884
1355	1586206
1356	1586580
1357	1588406
1358	1588603
1359	1588629
1360	1593064
1361	1593331
1362	1595639
1363	1595729
1364	1596703
1365	1599064
1366	1599227
1367	1600122
1368	1600137
1369	1600849
1370	1601939
1371	1603625
1372	1604463
1373	1605764
1374	1606546
1375	1608180
1376	1609867
1377	1610155
1378	1612502
1379	1612743
1380	1614174
1381	1614931
1382	1615449
1383	1615588
1384	1615844
1385	1618529
1386	1618790
1387	1620191
1388	1620247
1389	1620522
1390	1620825
1391	1621167
1392	1621250
1393	1622380
1394	1622539
1395	1622792
1396	1622864
1397	1623441
1398	1624486
1399	1624753
1400	1625945
1401	1627025
1402	1627119
1403	1629666
1404	1631087
1405	1634161
1406	1634619
1407	1636594
1408	1636828
1409	1638139
1410	1639095
1411	1639130
1412	1640127
1413	1641134
1414	1641808
1415	1642563
1416	1642924
1417	1643257
1418	1645288
1419	1645374
1420	1645650
1421	1649055
1422	1650313
1423	1650744
1424	1650791
1425	1652656
1426	1652889
1427	1656897
1428	1657096
1429	1658548
1430	1658622
1431	1658949
1432	1659401
1433	1659782
1434	1662236
1435	1663224
1436	1664871
1437	1665125
1438	1666033
1439	1667533
1440	1668451
1441	1668561
1442	1673255
1443	1674728
1444	1675008
1445	1675850
1446	1676859
1447	1677864
1448	1678546
1449	1678590
1450	1679222
1451	1682701
1452	1683165
1453	1683989
1454	1684523
1455	1686319
1456	1686925
1457	1687384
1458	1687600
1459	1687669
1460	1688494
1461	1691391
1462	1691807
1463	1691936
1464	1692231
1465	1694191
1466	1696211
1467	1698798
1468	1699628
1469	1700021
1470	1700224
1471	1701448
1472	1709488
1473	1711298
1474	1711715
1475	1713616
1476	1715226
1477	1717252
1478	1719147
1479	1719839
1480	1721637
1481	1721657
1482	1721661
1483	1721665
1484	1721897
1485	1722359
1486	1725196
1487	1725214
1488	1725803
1489	1727280
1490	1727496
1491	1727675
1492	1728588
1493	1730714
1494	1730786
1495	1732464
1496	1733842
1497	1735592
1498	1736108
1499	1739615
1500	1741423
1501	1741571
1502	1741805
1503	1742542
1504	1743239
1505	1743550
1506	1744169
1507	1744175
1508	1744797
1509	1745136
1510	1745305
1511	1745365
1512	1746424
1513	1750048
1514	1750860
1515	1751387
1516	1751531
1517	1756149
1518	1756832
1519	1758519
1520	1759518
1521	1759791
1522	1760338
1523	1760730
1524	1760733
1525	1762767
1526	1762881
1527	1763264
1528	1764512
1529	1764778
1530	1765415
1531	1765663
1532	1765815
1533	1766587
1534	1767835
1535	1767958
1536	1768205
1537	1768678
1538	1768801
1539	1769646
1540	1769832
1541	1769913
1542	1771669
1543	1771692
1544	1773166
1545	1773840
1546	1773976
1547	1775295
1548	1775798
1549	1775800
1550	1775825
1551	1775922
1552	1779363
1553	1779618
1554	1779863
1555	1781150
1556	1781280
1557	1783190
1558	1783584
1559	1784397
1560	1787052
1561	1787690
1562	1795621
1563	1795945
1564	1795956
1565	1796026
1566	1796066
1567	1797073
1568	1797139
1569	1797193
1570	1798919
1571	1803120
1572	1806741
1573	1808984
1574	1808993
1575	1810702
1576	1815032
1577	1815033
1578	1815045
1579	1815056
1580	1833815
1581	1834422
1582	1834483
1583	1837038
1584	1837795
1585	1837939
1586	1838971
1587	1840877
1588	1840940
1589	1844006
1590	1844301
1591	1845227
1592	1845381
1593	1849705
1594	1850707
1595	1851207
1596	1853973
1597	1854821
1598	1855465
1599	1855755
1600	1856218
1601	1856677
1602	1856689
1603	1857100
1604	1857438
1605	1858022
1606	1858584
1607	1858780
1608	1860775
1609	1860867
1610	1860970
1611	1861071
1612	1861079
1613	1862657
1614	1862884
1615	1863171
1616	1863876
1617	1865620
1618	1865924
1619	1866449
1620	1867015
1621	1867233
1622	1868241
1623	1868931
1624	1871334
1625	1873292
1626	1873698
1627	1874048
1628	1878069
1629	1879827
1630	1879876
1631	1880793
1632	1882314
1633	1882697
1634	1883184
1635	1884284
1636	1884723
1637	1885389
1638	1886077
1639	1886934
1640	1887595
1641	1887741
1642	1889423
1643	1890925
1644	1909349
1645	1909957
1646	1910023
1647	1910711
1648	1911121
1649	1911321
1650	1912068
1651	1913819
1652	1913897
1653	1914129
1654	1914343
1655	1915528
1656	1916315
1657	1916328
1658	1916469
1659	1916485
1660	1916759
1661	1917104
1662	1917855
1663	1918816
1664	1919195
1665	1920953
1666	1921449
1667	1923066
1668	1924053
1669	1928548
1670	1930440
1671	1930441
1672	1931370
1673	1931817
1674	1932399
1675	1932703
1676	1933806
1677	1941093
1678	1961974
1679	1962116
1680	1965696
1681	1965726
1682	1966576
1683	1967089
1684	1967101
1685	1968297
1686	1968298
1687	1968343
1688	1968346
1689	1968386
1690	1968392
1691	1969081
1692	1978236
1693	1979525
1694	1979626
1695	1979701
1696	1981491
1697	1982793
1698	1983347
1699	1984391
1700	1984893
1701	1985394
1702	1985871
1703	1987313
1704	1988656
1705	1989289
1706	1989505
1707	1989870
1708	1990198
1709	1991481
1710	1992830
1711	1992970
1712	1994012
1713	1994233
1714	1997888
1715	2000213
1716	2000994
1717	2001193
1718	2001515
1719	2001538
1720	2001663
1721	2002946
1722	2003688
1723	2003788
1724	2003825
1725	2004423
1726	2007907
1727	2010538
1728	2011217
1729	2013424
1730	2014090
1731	2018860
1732	2020260
1733	2020495
1734	2020649
1735	2020988
1736	2021576
1737	2021716
1738	2022080
1739	2024470
1740	2024786
1741	2026572
1742	2029800
1743	2030058
1744	2034519
1745	2034594
1746	2036357
1747	2036439
1748	2040572
1749	2042894
1750	2044713
1751	2044908
1752	2046655
1753	2047004
1754	2047299
1755	2048029
1756	2048418
1757	2048960
1758	2049383
1759	2049494
1760	2049523
1761	2050010
1762	2050215
1763	2050513
1764	2051715
1765	2052203
1766	2053208
1767	2053531
1768	2053608
1769	2054033
1770	2054574
1771	2055172
1772	2055905
1773	2056218
1774	2056432
1775	2058037
1776	2059980
1777	2065219
1778	2065595
1779	2070233
1780	2070766
1781	2071066
1782	2073103
1783	2073233
1784	2073781
1785	2077321
1786	2077567
1787	2078199
1788	2079073
1789	2080058
1790	2080374
1791	2080578
1792	2080661
1793	2082648
1794	2083268
1795	2083574
1796	2084795
1797	2086374
1798	2086757
1799	2087857
1800	2088091
1801	2088357
1802	2088652
1803	2089294
1804	2089803
1805	2092072
1806	2092331
1807	2092510
1808	2093176
1809	2093529
1810	2097672
1811	2098263
1812	2098468
1813	2099686
1814	2101952
1815	2102298
1816	2103628
1817	2103944
1818	2104367
1819	2105281
1820	2106383
1821	2107011
1822	2107604
1823	2108034
1824	2108412
1825	2109308
1826	2110761
1827	2111129
1828	2112693
1829	2113738
1830	2114143
1831	2114266
1832	2115488
1833	2119371
1834	2120376
1835	2122385
1836	2122467
1837	2122566
1838	2122572
1839	2122776
1840	2122959
1841	2122992
1842	2124427
1843	2124488
1844	2124708
1845	2126835
1846	2126838
1847	2127927
1848	2130272
1849	2130294
1850	2130304
1851	2131816
1852	2132035
1853	2132272
1854	2132916
1855	2133431
1856	2136097
1857	2136833
1858	2137128
1859	2138110
1860	2138629
1861	2143145
1862	2143831
1863	2143834
1864	2144602
1865	2146261
1866	2146731
1867	2147573
1868	2147801
1869	2148824
1870	2149066
1871	2149909
1872	2150127
1873	2150310
1874	2150795
1875	2151240
1876	2151320
1877	2152654
1878	2154589
1879	2157418
1880	2159198
1881	2160144
1882	2160287
1883	2161575
1884	2162124
1885	2162549
1886	2164279
1887	2164401
1888	2166405
1889	2166670
1890	2166706
1891	2167433
1892	2169855
1893	2172687
1894	2172956
1895	2174901
1896	2175016
1897	2176491
1898	2178652
1899	2179731
1900	2179815
1901	2180585
1902	2182106
1903	2183461
1904	2183974
1905	2184797
1906	2185505
1907	2187440
1908	2187521
1909	2187966
1910	2189001
1911	2189321
1912	2190265
1913	2190759
1914	2192997
1915	2193312
1916	2194171
1917	2195314
1918	2196164
1919	2199439
1920	2199836
1921	2201395
1922	2202478
1923	2203280
1924	2203554
1925	2203657
1926	2203853
1927	2205619
1928	2207549
1929	2207677
1930	2209841
1931	2211335
1932	2211572
1933	2211633
1934	2211830
1935	2212525
1936	2213364
1937	2213850
1938	2214134
1939	2219684
1940	2220700
1941	2223141
1942	2223980
1943	2225100
1944	2227341
1945	2231430
1946	2231612
1947	2231834
1948	2234813
1949	2236903
1950	2237869
1951	2239029
1952	2239596
1953	2241846
1954	2241948
1955	2243113
1956	2243236
1957	2244851
1958	2245128
1959	2245522
1960	2248294
1961	2248474
1962	2252521
1963	2255553
1964	2257252
1965	2257927
1966	2262540
1967	2262863
1968	2262878
1969	2264905
1970	2265088
1971	2266804
1972	2267737
1973	2268636
1974	2268946
1975	2270598
1976	2271307
1977	2272309
1978	2273133
1979	2274048
1980	2274090
1981	2274822
1982	2275081
1983	2275254
1984	2275258
1985	2276572
1986	2277424
1987	2279398
1988	2280098
1989	2283586
1990	2284945
1991	2285017
1992	2286131
1993	2287794
1994	2288591
1995	2288986
1996	2291397
1997	2292555
1998	2293896
1999	2297580
2000	2297607
2001	2297802
2002	2300274
2003	2303074
2004	2303231
2005	2303972
2006	2304738
2007	2305487
2008	2307150
2009	2307624
2010	2309211
2011	2309956
2012	2310264
2013	2310621
2014	2311292
2015	2311648
2016	2312269
2017	2312288
2018	2313123
2019	2314107
2020	2315180
2021	2316060
2022	2316874
2023	2317413
2024	2317637
2025	2318489
2026	2319366
2027	2319913
2028	2320537
2029	2322176
2030	2322633
2031	2322643
2032	2322759
2033	2323360
2034	2325784
2035	2333320
2036	2334416
2037	2341557
2038	2342403
2039	2342454
2040	2343496
2041	2347586
2042	2349303
2043	2349513
2044	2349912
2045	2351263
2046	2352118
2047	2353200
2048	2354460
2049	2358306
2050	2359292
2051	2361019
2052	2363171
2053	2363896
2054	2364882
2055	2365407
2056	2366244
2057	2366417
2058	2366991
2059	2368554
2060	2368640
2061	2372109
2062	2372398
2063	2373158
2064	2373238
2065	2375295
2066	2378351
2067	2379534
2068	2380399
2069	2381130
2070	2381969
2071	2382274
2072	2383380
2073	2385085
2074	2389768
2075	2389769
2076	2389849
2077	2389908
2078	2389909
2079	2390441
2080	2390596
2081	2393616
2082	2394706
2083	2395351
2084	2395703
2085	2395764
2086	2397030
2087	2398730
2088	2399405
2089	2400025
2090	2403467
2091	2407248
2092	2408860
2093	2408882
2094	2410258
2095	2411004
2096	2413996
2097	2414036
2098	2416286
2099	2416541
2100	2419274
2101	2426310
2102	2426847
2103	2426905
2104	2426909
2105	2428045
2106	2428355
2107	2429629
2108	2430557
2109	2435504
2110	2436635
2111	2437406
2112	2439157
2113	2439263
2114	2439380
2115	2440327
2116	2442852
2117	2443422
2118	2443573
2119	2445930
2120	2446546
2121	2449070
2122	2449459
2123	2454599
2124	2454970
2125	2455159
2126	2455493
2127	2460261
2128	2460667
2129	2461092
2130	2463628
2131	2465028
2132	2465552
2133	2470004
2134	2470602
2135	2470796
2136	2471648
2137	2471785
2138	2472985
2139	2473530
2140	2473691
2141	2473886
2142	2477689
2143	2477766
2144	2477892
2145	2478074
2146	2479187
2147	2483415
2148	2483989
2149	2486304
2150	2490273
2151	2490387
2152	2493724
2153	2493963
2154	2494459
2155	2495380
2156	2495455
2157	2496262
2158	2498369
2159	2499468
2160	2499707
2161	2502448
2162	2503058
2163	2505132
2164	2506346
2165	2506363
2166	2507862
2167	2509144
2168	2510177
2169	2510967
2170	2513025
2171	2513318
2172	2513462
2173	2514224
2174	2514377
2175	2514424
2176	2515330
2177	2516436
2178	2518541
2179	2518976
2180	2519167
2181	2519240
2182	2524471
2183	2587123
2184	2587571
2185	2587661
2186	2595127
2187	2596311
2188	2597117
2189	2597571
2190	2599856
2191	2604842
2192	2615539
2193	2616971
2194	2618385
2195	2629638
2196	2629961
2197	2631136
2198	2631201
2199	2631518
2200	2636978
2201	2638385
2202	2642133
2203	2646280
2204	2648745
2205	2654446
2206	2654826
2207	2657848
2208	2658091
2209	2658139
2210	2660533
2211	2661162
2212	2666201
2213	2668665
2214	2668833
2215	2669128
2216	2669553
2217	2669892
2218	2670244
2219	2671923
2220	2675210
2221	2675794
2222	2678988
2223	2679423
2224	2680007
2225	2681630
2226	2684141
2227	2685203
2228	2685886
2229	2693861
2230	2693862
2231	2693863
2232	2695933
2233	2696146
2234	2696548
2235	2697838
2236	2698138
2237	2698154
2238	2698435
2239	2698542
2240	2698654
2241	2698855
2242	2699226
2243	2700618
2244	2700794
2245	2700982
2246	2702758
2247	2705904
2248	2707060
2249	2707118
2250	2712186
2251	2712725
2252	2713582
2253	2713641
2254	2714107
2255	2714109
2256	2714262
2257	2714293
2258	2718054
2259	2718222
2260	2719870
2261	2720172
2262	2723246
2263	2725792
2264	2725823
2265	2726300
2266	2732000
2267	2734796
2268	2736819
2269	2737165
2270	2737925
2271	2738216
2272	2742840
2273	2743536
2274	2744911
2275	2746616
2276	2746981
2277	2752487
2278	2752860
2279	2753340
2280	2754523
2281	2755228
2282	2756057
2283	2756224
2284	2756917
2285	2759103
2286	2760640
2287	2761111
2288	2762447
2289	2762618
2290	2763178
2291	2765118
2292	2769572
2293	2773566
2294	2776336
2295	2776510
2296	2776680
2297	2777446
2298	2780056
2299	2782525
2300	2783020
2301	2787314
2302	2787693
2303	2787818
2304	2799552
2305	2800492
2306	2801437
2307	2804967
2308	2805842
2309	2806455
2310	2806757
2311	2807011
2312	2808716
2313	2810192
2314	2810240
2315	2811159
2316	2816093
2317	2820046
2318	2825938
2319	2826285
2320	2829070
2321	2829428
2322	2830056
2323	2830745
2324	2834847
2325	2836125
2326	2837352
2327	2838649
2328	2841094
2329	2841991
2330	2842769
2331	2845870
2332	2848141
2333	2850191
2334	2850653
2335	2851041
2336	2851506
2337	2853074
2338	2859359
2339	2859946
2340	2860296
2341	2860782
2342	2860792
2343	2861613
2344	2862114
2345	2863985
2346	2864934
2347	2867413
2348	2868490
2349	2869825
2350	2870399
2351	2871590
2352	2871905
2353	2872629
2354	2874150
2355	2874621
2356	2876759
2357	2880491
2358	2883403
2359	2883803
2360	2884552
2361	2888479
2362	2889758
2363	2890743
2364	2898314
2365	2900582
2366	2900637
2367	2900638
2368	2901694
2369	2906342
