1	1319
2	4846
3	6537
4	8511
5	10588
6	12639
7	14420
8	14529
9	19472
10	20190
11	20367
12	20379
13	20535
14	20560
15	20784
16	21042
17	21044
18	27661
19	27666
20	27667
21	27694
22	28066
23	29083
24	37557
25	38906
26	38987
27	41640
28	41649
29	41652
30	41658
31	41661
32	41742
33	41909
34	42639
35	42701
36	42717
37	43500
38	46141
39	48909
40	50997
41	51127
42	55995
43	56032
44	60112
45	61512
46	63306
47	69266
48	69280
49	75089
50	75862
51	77027
52	77723
53	78282
54	80284
55	81165
56	81543
57	81630
58	82197
59	83274
60	84032
61	85650
62	87013
63	89936
64	90185
65	91475
66	92389
67	92924
68	105790
69	106120
70	106146
71	106347
72	106351
73	106353
74	106360
75	106764
76	107223
77	107330
78	110134
79	111490
80	111648
81	112040
82	119308
83	125706
84	126050
85	126087
86	126119
87	126234
88	132013
89	132022
90	132045
91	132049
92	132052
93	133594
94	133605
95	133621
96	139151
97	150186
98	151319
99	151794
100	153240
101	162796
102	163447
103	163667
104	164433
105	164757
106	166443
107	167704
108	171620
109	173977
110	175035
111	178329
112	180110
113	181235
114	181364
115	182333
116	188015
117	191024
118	192413
119	193120
120	199665
121	199877
122	200014
123	200203
124	202912
125	210757
126	216168
127	226747
128	231637
129	235779
130	241848
131	247987
132	251542
133	253243
134	253476
135	261650
136	261691
137	261728
138	261760
139	267654
140	267663
141	267686
142	267690
143	267693
144	267701
145	267702
146	267711
147	267713
148	270656
149	286126
150	292268
151	292594
152	295932
153	296117
154	296796
155	297689
156	298710
157	298777
158	298891
159	298939
160	300783
161	300908
162	302593
163	303843
164	303911
165	304714
166	306079
167	309070
168	313947
169	314300
170	314955
171	321138
172	323188
173	323705
174	328661
175	329045
176	329109
177	331653
178	331655
179	331656
180	331664
181	333361
182	336151
183	336934
184	340372
185	343099
186	343819
187	351594
188	351855
189	352291
190	352296
191	352302
192	352330
193	352398
194	352659
195	352877
196	352904
197	353365
198	353423
199	353426
200	353429
201	353431
202	353487
203	353489
204	353508
205	353521
206	356205
207	356927
208	359773
209	361598
210	361608
211	361610
212	361617
213	362208
214	364289
215	366096
216	366619
217	381270
218	381470
219	382728
220	382850
221	383714
222	383843
223	388387
224	389688
225	390465
226	394476
227	395878
228	398593
229	399324
230	400246
231	401397
232	402638
233	408277
234	408699
235	409356
236	412804
237	412883
238	412941
239	412958
240	412966
241	412980
242	413282
243	413448
244	413496
245	413507
246	413512
247	413723
248	414041
249	414366
250	414376
251	414395
252	414613
253	414654
254	414745
255	414757
256	414792
257	419153
258	419206
259	419351
260	419352
261	421032
262	422964
263	423426
264	423716
265	424457
266	424478
267	424587
268	425480
269	429036
270	429104
271	431985
272	432771
273	434093
274	434810
275	435015
276	439892
277	440601
278	440734
279	440774
280	440786
281	440876
282	440933
283	440936
284	441731
285	442721
286	444037
287	445861
288	445866
289	445872
290	451358
291	451402
292	452836
293	453704
294	455652
295	456957
296	457615
297	462157
298	465710
299	465723
300	465724
301	465728
302	465920
303	467769
304	467782
305	469050
306	476491
307	478645
308	480349
309	485305
310	485932
311	486625
312	487657
313	488366
314	495574
315	495841
316	495850
317	496639
318	496726
319	497952
320	498442
321	498455
322	498457
323	498520
324	498521
325	498559
326	520183
327	520253
328	521436
329	521731
330	525995
331	526231
332	526344
333	540292
334	540592
335	540915
336	542895
337	545664
338	551268
339	551737
340	552190
341	552422
342	556213
343	556237
344	556272
345	556312
346	558631
347	560946
348	560982
349	561039
350	561111
351	561171
352	561175
353	561279
354	563944
355	564433
356	566052
357	566054
358	566063
359	566070
360	566218
361	566534
362	572180
363	575740
364	577268
365	579379
366	579425
367	579546
368	579549
369	579551
370	580438
371	583662
372	586539
373	587412
374	590336
375	592044
376	593152
377	593744
378	595930
379	595948
380	596072
381	606270
382	606276
383	606714
384	606720
385	607133
386	607134
387	607146
388	608361
389	608877
390	609391
391	611619
392	615419
393	615741
394	619311
395	620559
396	620686
397	621510
398	621521
399	622815
400	623916
401	624388
402	627693
403	627916
404	629047
405	629049
406	629197
407	629447
408	629770
409	629778
410	631066
411	631677
412	637705
413	638292
414	642705
415	642721
416	642722
417	642790
418	642889
419	643276
420	644757
421	644921
422	645821
423	646085
424	649388
425	652691
426	652749
427	652857
428	656749
429	661863
430	663347
431	665972
432	666110
433	666229
434	668978
435	670953
436	671027
437	673415
438	675471
439	683757
440	683777
441	683982
442	684011
443	684036
444	684071
445	684208
446	685003
447	686065
448	687452
449	687455
450	687482
451	687492
452	692771
453	693501
454	693507
455	693735
456	693762
457	693966
458	693990
459	694035
460	694065
461	694257
462	694282
463	694675
464	694851
465	696845
466	697467
467	700768
468	703259
469	703870
470	704753
471	712079
472	712080
473	712104
474	725543
475	731732
476	733722
477	739479
478	740137
479	742238
480	743030
481	743232
482	744014
483	744373
484	747707
485	750874
486	753673
487	754239
488	768597
489	768618
490	769033
491	770046
492	770229
493	770331
494	770389
495	770909
496	770924
497	770943
498	770946
499	770953
500	771176
501	771178
502	771179
503	771333
504	771372
505	771394
506	771559
507	772832
508	772838
509	773102
510	773177
511	773397
512	773586
513	773838
514	774033
515	780036
516	782801
517	785378
518	787915
519	790051
520	790210
521	790655
522	790657
523	790667
524	790685
525	790694
526	790695
527	790748
528	791434
529	791683
530	791684
531	792757
532	793351
533	794691
534	794965
535	802876
536	805230
537	807043
538	808640
539	812781
540	813072
541	814932
542	817093
543	821299
544	821300
545	821305
546	821308
547	821312
548	824917
549	825655
550	825764
551	827648
552	827698
553	827702
554	828538
555	829215
556	832970
557	833674
558	836913
559	837119
560	837989
561	839209
562	840769
563	842119
564	850228
565	850283
566	850302
567	850949
568	851861
569	858101
570	858255
571	858653
572	858896
573	859141
574	859458
575	859459
576	859465
577	859466
578	862715
579	863372
580	864033
581	865045
582	865050
583	865084
584	865103
585	865104
586	865138
587	866678
588	867990
589	868393
590	868423
591	868576
592	868594
593	869223
594	870006
595	871479
596	872244
597	874023
598	876814
599	877847
600	878814
601	879970
602	881042
603	881087
604	882152
605	883499
606	885675
607	887572
608	887616
609	889109
610	891027
611	893823
612	895343
613	901086
614	901624
615	904871
616	910703
617	911735
618	913192
619	914993
620	915190
621	916268
622	921118
623	925348
624	928518
625	929388
626	929424
627	930746
628	932483
629	934769
630	937568
631	938499
632	940103
633	942939
634	943854
635	956031
636	958656
637	967390
638	978568
639	980362
640	980689
641	981737
642	982063
643	990888
644	993399
645	994040
646	996445
647	1011867
648	1013841
649	1014540
650	1016688
651	1023050
652	1027644
653	1029151
654	1029626
655	1030723
656	1030787
657	1030967
658	1032779
659	1032908
660	1033783
661	1035736
662	1038346
663	1041321
664	1041358
665	1042719
666	1042775
667	1042781
668	1043352
669	1043790
670	1047719
671	1050558
672	1056093
673	1059595
674	1059747
675	1060245
676	1061458
677	1063594
678	1064959
679	1066600
680	1066932
681	1067958
682	1070617
683	1074200
684	1075077
685	1076160
686	1077688
687	1078120
688	1079631
689	1080138
690	1081564
691	1083910
692	1085726
693	1086293
694	1086784
695	1087338
696	1088498
697	1090760
698	1091265
699	1094234
700	1096948
701	1097063
702	1097219
703	1097248
704	1097817
705	1100859
706	1100968
707	1101666
708	1101837
709	1102974
710	1104733
711	1104981
712	1104992
713	1104994
714	1105603
715	1105976
716	1106250
717	1110799
718	1115842
719	1117872
720	1122403
721	1122416
722	1122425
723	1122442
724	1122444
725	1122446
726	1122502
727	1125062
728	1125649
729	1128817
730	1132059
731	1133167
732	1133218
733	1138135
734	1139755
735	1140402
736	1142400
737	1142648
738	1142749
739	1142766
740	1142797
741	1142899
742	1144096
743	1148224
744	1149052
745	1149602
746	1149701
747	1151139
748	1151769
749	1152388
750	1155263
751	1156558
752	1157666
753	1158165
754	1161106
755	1161166
756	1164497
757	1165666
758	1167769
759	1171457
760	1171830
761	1171902
762	1173766
763	1179285
764	1180378
765	1186346
766	1187143
767	1193277
768	1195813
769	1198797
770	1199600
771	1199630
772	1199680
773	1199718
774	1199762
775	1202630
776	1202750
777	1203416
778	1205042
779	1205429
780	1206462
781	1211732
782	1212304
783	1212318
784	1214210
785	1217567
786	1217823
787	1219874
788	1221233
789	1221725
790	1227116
791	1229481
792	1229543
793	1229927
794	1230520
795	1233855
796	1234344
797	1234350
798	1234854
799	1234893
800	1234914
801	1234926
802	1234980
803	1235067
804	1235109
805	1235115
806	1235117
807	1235127
808	1235157
809	1235346
810	1236414
811	1237680
812	1242303
813	1242306
814	1242313
815	1244001
816	1244107
817	1244878
818	1246583
819	1246642
820	1247049
821	1253248
822	1254959
823	1255223
824	1257147
825	1257208
826	1257249
827	1257289
828	1261904
829	1265642
830	1266643
831	1267549
832	1273079
833	1273686
834	1274556
835	1276346
836	1277663
837	1278710
838	1279034
839	1279384
840	1280156
841	1281597
842	1282801
843	1283651
844	1283669
845	1283688
846	1283696
847	1283817
848	1283857
849	1284129
850	1284414
851	1284427
852	1286861
853	1286914
854	1288331
855	1293144
856	1294819
857	1295533
858	1296992
859	1297211
860	1298259
861	1298374
862	1300679
863	1303347
864	1303744
865	1303754
866	1303766
867	1305380
868	1306895
869	1306898
870	1306907
871	1306938
872	1307072
873	1307075
874	1313276
875	1314949
876	1318090
877	1319210
878	1319310
879	1322501
880	1323024
881	1325111
882	1326502
883	1326802
884	1329263
885	1330608
886	1331877
887	1332307
888	1334142
889	1339155
890	1344796
891	1346845
892	1347983
893	1348158
894	1348216
895	1349007
896	1349363
897	1349871
898	1350432
899	1350779
900	1351759
901	1352408
902	1353300
903	1356504
904	1358840
905	1361244
906	1361376
907	1362679
908	1363866
909	1364597
910	1364598
911	1365423
912	1365985
913	1366904
914	1368854
915	1370279
916	1370345
917	1370467
918	1370470
919	1371108
920	1376505
921	1376995
922	1378538
923	1380529
924	1382725
925	1383063
926	1388291
927	1390290
928	1390823
929	1390837
930	1390845
931	1394156
932	1409164
933	1412949
934	1414795
935	1416035
936	1416518
937	1417047
938	1418650
939	1419896
940	1419905
941	1419921
942	1421006
943	1421533
944	1424503
945	1426312
946	1426597
947	1426649
948	1431542
949	1433100
950	1434667
951	1437387
952	1439451
953	1440920
954	1440950
955	1445399
956	1445828
957	1446947
958	1447418
959	1449654
960	1450098
961	1450152
962	1451428
963	1451526
964	1453364
965	1453855
966	1453912
967	1457113
968	1457117
969	1457120
970	1461309
971	1463427
972	1474663
973	1475299
974	1480569
975	1481989
976	1484407
977	1485228
978	1495268
979	1495372
980	1499987
981	1500065
982	1500533
983	1500784
984	1502011
985	1503752
986	1508997
987	1512552
988	1512764
989	1513890
990	1515596
991	1517360
992	1517649
993	1517650
994	1521371
995	1521460
996	1523953
997	1523954
998	1525040
999	1525207
1000	1526093
1001	1530314
1002	1533094
1003	1537132
1004	1537314
1005	1537519
1006	1538680
1007	1538832
1008	1539174
1009	1539253
1010	1558656
1011	1561623
1012	1562764
1013	1564066
1014	1564068
1015	1564069
1016	1564077
1017	1564178
1018	1564183
1019	1565704
1020	1565707
1021	1565718
1022	1565719
1023	1565721
1024	1565743
1025	1569362
1026	1573012
1027	1573202
1028	1575268
1029	1575277
1030	1575322
1031	1575323
1032	1575614
1033	1577702
1034	1577873
1035	1578892
1036	1578922
1037	1579992
1038	1580434
1039	1581935
1040	1583686
1041	1584125
1042	1586825
1043	1588286
1044	1590820
1045	1592248
1046	1595425
1047	1598971
1048	1599975
1049	1600033
1050	1600069
1051	1600575
1052	1601145
1053	1601217
1054	1602673
1055	1603800
1056	1607138
1057	1608410
1058	1608895
1059	1610549
1060	1612634
1061	1613155
1062	1613945
1063	1614225
1064	1614875
1065	1618189
1066	1618310
1067	1619443
1068	1620133
1069	1621035
1070	1621170
1071	1625842
1072	1626748
1073	1627005
1074	1627527
1075	1629858
1076	1629941
1077	1631114
1078	1631594
1079	1631674
1080	1631714
1081	1632159
1082	1632808
1083	1634602
1084	1634609
1085	1634612
1086	1635246
1087	1636742
1088	1636935
1089	1636976
1090	1637008
1091	1637514
1092	1638380
1093	1638399
1094	1638492
1095	1638510
1096	1638614
1097	1642296
1098	1643201
1099	1644522
1100	1645880
1101	1649345
1102	1649420
1103	1649936
1104	1652806
1105	1654922
1106	1655590
1107	1656652
1108	1657129
1109	1660396
1110	1661957
1111	1664717
1112	1665331
1113	1665688
1114	1667489
1115	1668331
1116	1668344
1117	1668478
1118	1668947
1119	1669008
1120	1669068
1121	1669072
1122	1671128
1123	1678922
1124	1685342
1125	1686104
1126	1690611
1127	1694979
1128	1695001
1129	1695133
1130	1700058
1131	1702545
1132	1703194
1133	1706800
1134	1709397
1135	1710216
1136	1710625
1137	1714491
1138	1715953
1139	1717005
1140	1717210
1141	1719992
1142	1724002
1143	1724062
1144	1728244
1145	1733433
1146	1735658
1147	1735678
1148	1735684
1149	1736104
1150	1737324
1151	1757454
1152	1757804
1153	1760254
1154	1760549
1155	1760999
1156	1761004
1157	1762345
1158	1762679
1159	1764686
1160	1764758
1161	1764798
1162	1765053
1163	1772571
1164	1772719
1165	1774226
1166	1774550
1167	1774585
1168	1774730
1169	1775137
1170	1775955
1171	1776948
1172	1779550
1173	1780690
1174	1784681
1175	1784867
1176	1785408
1177	1788596
1178	1791588
1179	1792420
1180	1793391
1181	1794809
1182	1795263
1183	1795265
1184	1795336
1185	1795363
1186	1797492
1187	1798503
1188	1799796
1189	1801133
1190	1801683
1191	1801872
1192	1807364
1193	1810010
1194	1810759
1195	1812625
1196	1812668
1197	1813213
1198	1813214
1199	1813215
1200	1813547
1201	1814226
1202	1814248
1203	1814265
1204	1817257
1205	1818032
1206	1827462
1207	1831262
1208	1840056
1209	1844662
1210	1844927
1211	1848334
1212	1850817
1213	1856700
1214	1858654
1215	1859217
1216	1862131
1217	1866192
1218	1866474
1219	1867678
1220	1870393
1221	1870418
1222	1871618
1223	1871676
1224	1873892
1225	1878758
1226	1879826
1227	1879834
1228	1885303
1229	1885523
1230	1885598
1231	1885911
1232	1886314
1233	1887419
1234	1889403
1235	1889694
1236	1895908
1237	1897878
1238	1898614
1239	1904037
1240	1904043
1241	1904045
1242	1904046
1243	1904054
1244	1905749
1245	1910700
1246	1914825
1247	1916051
1248	1919105
1249	1921661
1250	1923293
1251	1925191
1252	1925597
1253	1933361
1254	1934014
1255	1934467
1256	1934760
1257	1934808
1258	1934814
1259	1934832
1260	1934835
1261	1935991
1262	1939650
1263	1940389
1264	1943279
1265	1946591
1266	1952766
1267	1957759
1268	1959581
1269	1961154
1270	1962131
1271	1965672
1272	1965724
1273	1965738
1274	1967812
1275	1969521
1276	1969527
1277	1969576
1278	1969783
1279	1969826
1280	1969868
1281	1969873
1282	1969881
1283	1969936
1284	1970097
1285	1970112
1286	1970253
1287	1970255
1288	1970265
1289	1970875
1290	1972208
1291	1975508
1292	1976654
1293	1977665
1294	1985272
1295	1988195
1296	1989678
1297	1989689
1298	1989690
1299	1989724
1300	1989725
1301	1989726
1302	1989908
1303	1991334
1304	1992914
1305	1993554
1306	1993795
1307	1999881
1308	2000045
1309	2003262
1310	2003272
1311	2003292
1312	2003301
1313	2003492
1314	2003570
1315	2004262
1316	2005154
1317	2005735
1318	2007214
1319	2009115
1320	2009972
1321	2014491
1322	2014542
1323	2014584
1324	2014616
1325	2014812
1326	2023083
1327	2023167
1328	2024289
1329	2024296
1330	2024721
1331	2024824
1332	2025683
1333	2025689
1334	2026037
1335	2026336
1336	2026492
1337	2027740
1338	2028973
1339	2029295
1340	2029737
1341	2030518
1342	2032880
1343	2033504
1344	2036185
1345	2038137
1346	2042349
1347	2043605
1348	2043616
1349	2043618
1350	2043621
1351	2044058
1352	2071247
1353	2071296
1354	2071594
1355	2071766
1356	2071784
1357	2071966
1358	2072173
1359	2072325
1360	2072477
1361	2072559
1362	2072739
1363	2072899
1364	2072902
1365	2072911
1366	2072965
1367	2073331
1368	2073451
1369	2073637
1370	2074318
1371	2084909
1372	2086030
1373	2087135
1374	2092436
1375	2095153
1376	2108292
1377	2108340
1378	2108351
1379	2108452
1380	2108580
1381	2108589
1382	2108598
1383	2109411
1384	2109670
1385	2109965
1386	2110623
1387	2116487
1388	2117208
1389	2118168
1390	2118805
1391	2118918
1392	2120128
1393	2120910
1394	2120923
1395	2121465
1396	2122443
1397	2124074
1398	2124095
1399	2124104
1400	2124113
1401	2124152
1402	2124501
1403	2124609
1404	2126321
1405	2128871
1406	2130272
1407	2130892
1408	2136570
1409	2136886
1410	2137364
1411	2139724
1412	2139849
1413	2139974
1414	2140426
1415	2140531
1416	2141010
1417	2141125
1418	2141160
1419	2141418
1420	2141503
1421	2141574
1422	2141710
1423	2141908
1424	2142024
1425	2142156
1426	2143283
1427	2148918
1428	2148921
1429	2148927
1430	2148929
1431	2148996
1432	2150399
1433	2150862
1434	2150874
1435	2150878
1436	2151178
1437	2151560
1438	2151584
1439	2151596
1440	2151650
1441	2151680
1442	2151683
1443	2153669
1444	2153806
1445	2153810
1446	2153868
1447	2164168
1448	2165229
1449	2166207
1450	2169104
1451	2170576
1452	2174075
1453	2174226
1454	2175030
1455	2177489
1456	2179670
1457	2180174
1458	2182851
1459	2183085
1460	2184225
1461	2184532
1462	2185745
1463	2185946
1464	2186116
1465	2186164
1466	2187601
1467	2187737
1468	2189349
1469	2192216
1470	2193920
1471	2193998
1472	2195601
1473	2198691
1474	2201923
1475	2203074
1476	2203234
