1	1299
2	4658
3	5050
4	5166
5	6158
6	7255
7	7257
8	7267
9	7547
10	7899
11	8396
12	8798
13	9188
14	9220
15	10257
16	10371
17	12878
18	13000
19	14135
20	14593
21	14600
22	14605
23	14635
24	15102
25	16167
26	16919
27	17484
28	17867
29	18601
30	18783
31	19645
32	19871
33	20468
34	21149
35	21821
36	22056
37	22205
38	23969
39	24584
40	25928
41	26523
42	26885
43	27336
44	27383
45	27767
46	28694
47	28840
48	28994
49	29653
50	31436
51	31583
52	31627
53	31870
54	32843
55	33110
56	33474
57	33486
58	33509
59	33830
60	34165
61	34168
62	34174
63	34315
64	36027
65	36384
66	36471
67	36486
68	36490
69	36504
70	36810
71	37041
72	37046
73	37736
74	37866
75	37946
76	37970
77	37986
78	38005
79	38021
80	38066
81	38076
82	38109
83	38118
84	38129
85	38130
86	38146
87	38181
88	38183
89	38198
90	39173
91	39308
92	39499
93	39664
94	39822
95	40937
96	41004
97	41026
98	41066
99	41293
100	41303
101	41566
102	41747
103	41760
104	44222
105	47907
106	47908
107	50184
108	50568
109	51237
110	52125
111	52958
112	53242
113	53690
114	55705
115	55932
116	56171
117	57890
118	58181
119	58517
120	58694
121	58927
122	59334
123	60889
124	62889
125	64183
126	66546
127	66560
128	67516
129	68200
130	69165
131	69637
132	70278
133	72351
134	72389
135	72958
136	73367
137	73909
138	75906
139	76825
140	77133
141	77277
142	78471
143	79065
144	79923
145	83060
146	83086
147	83605
148	83709
149	84063
150	85807
151	85997
152	86113
153	86463
154	86609
155	86613
156	87097
157	87596
158	88166
159	88644
160	89595
161	89814
162	90912
163	91042
164	91611
165	93046
166	93467
167	95638
168	95861
169	96157
170	98556
171	98558
172	98568
173	98571
174	98586
175	98628
176	98640
177	98643
178	98652
179	98676
180	98715
181	98725
182	98748
183	98757
184	99072
185	99128
186	99228
187	99804
188	99848
189	99879
190	99934
191	100105
192	100494
193	101058
194	101119
195	101201
196	103268
197	103850
198	104343
199	105177
200	108870
201	111422
202	113065
203	113893
204	113927
205	114587
206	115438
207	115926
208	117830
209	118230
210	118234
211	118258
212	118285
213	119814
214	122743
215	124433
216	126130
217	126304
218	127286
219	128014
220	128239
221	128291
222	128378
223	129973
224	130226
225	131039
226	131978
227	132313
228	133981
229	133987
230	133988
231	134018
232	134073
233	134161
234	135589
235	136372
236	136832
237	136862
238	138836
239	139953
240	139987
241	141044
242	142543
243	144791
244	144809
245	145143
246	146937
247	148448
248	148551
249	149606
250	149885
251	150060
252	150322
253	154350
254	154378
255	154525
256	155314
257	156318
258	156946
259	157981
260	158001
261	158405
262	158795
263	158970
264	159651
265	159723
266	160667
267	161759
268	161833
269	163591
270	163599
271	164227
272	164398
273	164482
274	164486
275	165446
276	165728
277	165795
278	166431
279	167550
280	167585
281	167775
282	168037
283	168423
284	168496
285	170656
286	171272
287	171502
288	172361
289	172644
290	173762
291	173984
292	174384
293	174631
294	174653
295	174669
296	175347
297	175681
298	176622
299	176665
300	178413
301	179098
302	180127
303	180684
304	181340
305	181460
306	181928
307	182681
308	184126
309	184145
310	185634
311	187339
312	187459
313	188055
314	188339
315	189242
316	189858
317	190885
318	191651
319	192095
320	192909
321	192973
322	194348
323	194456
324	194771
325	194869
326	195272
327	195778
328	195820
329	197264
330	198392
331	199578
332	199616
333	200498
334	201693
335	205677
336	206615
337	206646
338	207055
339	207492
340	207657
341	208435
342	208708
343	209364
344	209556
345	211105
346	211647
347	212648
348	215070
349	215961
350	216120
351	216541
352	216795
353	216939
354	217788
355	219375
356	220914
357	221811
358	222783
359	223672
360	224436
361	224521
362	225004
363	225671
364	226980
365	227535
366	228161
367	229207
368	229757
369	230905
370	230984
371	232525
372	233563
373	234625
374	235368
375	235488
376	236298
377	236868
378	236943
379	237020
380	237023
381	237711
382	238736
383	238765
384	240118
385	241472
386	242422
387	242715
388	242741
389	242843
390	242883
391	244696
392	244712
393	245320
394	245518
395	245875
396	245993
397	247580
398	247892
399	249146
400	249160
401	250050
402	250161
403	251919
404	253225
405	255733
406	255961
407	256154
408	256431
409	256653
410	257552
411	258743
412	259870
413	260664
414	260918
415	261117
416	262465
417	262712
418	263272
419	263598
420	264584
421	266054
422	266385
423	267571
424	268354
425	269536
426	269561
427	271655
428	273116
429	273602
430	274862
431	275157
432	276144
433	276505
434	279753
435	279847
436	280039
437	280652
438	280751
439	280754
440	282080
441	282641
442	282747
443	283144
444	284478
445	284781
446	289047
447	290025
448	290792
449	291967
450	293140
451	293419
452	296295
453	297445
454	298276
455	299803
456	300466
457	300586
458	302088
459	302159
460	302600
461	305138
462	306017
463	306218
464	306573
465	306746
466	307089
467	307858
468	307973
469	309145
470	309693
471	311084
472	312547
473	315156
474	318701
475	318934
476	319017
477	319500
478	319531
479	319858
480	320725
481	321078
482	321247
483	322141
484	322873
485	323213
486	323267
487	324471
488	324933
489	326169
490	326336
491	326804
492	327826
493	327949
494	327982
495	328254
496	328381
497	329079
498	329433
499	330020
500	330743
501	331222
502	331256
503	331460
504	331726
505	331829
506	332211
507	333804
508	335352
509	335596
510	335868
511	336278
512	336370
513	336434
514	336566
515	336617
516	338322
517	338912
518	339062
519	340502
520	341548
521	342172
522	342783
523	343473
524	344383
525	344391
526	344489
527	345221
528	345308
529	345400
530	345592
531	346471
532	346693
533	346710
534	347297
535	348091
536	348113
537	348224
538	349919
539	350977
540	352302
541	352696
542	353682
543	353765
544	353774
545	354565
546	355338
547	355764
548	356468
549	357001
550	357089
551	357600
552	357866
553	358445
554	359315
555	359847
556	359939
557	361651
558	361665
559	361694
560	362644
561	362801
562	364237
563	365024
564	365542
565	366364
566	367570
567	367871
568	368957
569	369702
570	369713
571	370358
572	370383
573	370840
574	371547
575	372514
576	372732
577	373672
578	375408
579	376575
580	376803
581	377118
582	377182
583	378558
584	379113
585	379267
586	379541
587	380150
588	380294
589	380864
590	381544
591	381821
592	382822
593	385182
594	385220
595	385261
596	385698
597	386193
598	386650
599	388375
600	388914
601	389611
602	389681
603	391993
604	392247
605	392299
606	392466
607	392712
608	392842
609	393485
610	394228
611	395053
612	396015
613	396047
614	396818
615	397787
616	398472
617	398938
618	398966
619	399081
620	399974
621	400836
622	401197
623	401798
624	402284
625	402513
626	403679
627	404349
628	404530
629	404763
630	407776
631	408334
632	409484
633	412450
634	414392
635	414547
636	414918
637	414964
638	415273
639	416713
640	417612
641	417726
642	418390
643	420024
644	420133
645	420903
646	421067
647	422291
648	422658
649	423259
650	423450
651	424068
652	424838
653	425379
654	425481
655	426470
656	428994
657	429149
658	429253
659	430207
660	431114
661	431561
662	431924
663	433841
664	435569
665	435782
666	437154
667	438726
668	438785
669	440220
670	441977
671	443489
672	444116
673	445963
674	446584
675	447063
676	447184
677	448602
678	448990
679	449526
680	449751
681	450004
682	450207
683	450219
684	450262
685	450676
686	451077
687	452020
688	452726
689	453062
690	453063
691	454202
692	457853
693	458354
694	459215
695	459374
696	459647
697	460048
698	461762
699	463182
700	466090
701	468037
702	468265
703	469007
704	469485
705	470417
706	470856
707	471586
708	471805
709	472614
710	473692
711	474088
712	474113
713	474164
714	474329
715	479797
716	479894
717	479908
718	480066
719	480076
720	481286
721	481653
722	481958
723	481977
724	482484
725	482657
726	482712
727	482872
728	485465
729	485859
730	485922
731	486617
732	486965
733	488107
734	488360
735	488556
736	489105
737	490831
738	491208
739	491849
740	494047
741	494627
742	494791
743	494855
744	494881
745	495455
746	497385
747	498126
748	498703
749	498736
750	498916
751	503777
752	503943
753	504291
754	504885
755	505252
756	505741
757	506390
758	506757
759	506924
760	507031
761	507531
762	508222
763	510937
764	511589
765	511660
766	513490
767	514507
768	517733
769	517998
770	518137
771	518172
772	518197
773	518331
774	518583
775	529986
776	530414
777	530424
778	533059
779	533977
780	534259
781	535055
782	535070
783	535462
784	535739
785	540804
786	541280
787	542392
788	543338
789	544264
790	545125
791	545527
792	545600
793	545623
794	545919
795	546712
796	548249
797	549192
798	549232
799	549412
800	549422
801	549921
802	549922
803	550258
804	550688
805	551134
806	551925
807	552821
808	552911
809	552963
810	553295
811	555061
812	555069
813	555447
814	555739
815	557836
816	559051
817	560815
818	562625
819	562965
820	563507
821	563573
822	563687
823	563728
824	563739
825	564346
826	566258
827	566810
828	567276
829	567519
830	569917
831	570293
832	570503
833	571051
834	571701
835	571870
836	573107
837	574085
838	574170
839	574883
840	576005
841	577108
842	578319
843	578913
844	578921
845	578938
846	579028
847	580304
848	580316
849	581016
850	581273
851	581309
852	581345
853	581443
854	581491
855	581500
856	581533
857	581535
858	581587
859	581593
860	581659
861	581677
862	581684
863	582014
864	582169
865	582200
866	582259
867	582265
868	585597
869	585612
870	585639
871	585739
872	585745
873	585754
874	585757
875	585810
876	585811
877	585835
878	585868
879	585871
880	585877
881	585889
882	585943
883	585955
884	585961
885	585967
886	586072
887	586075
888	586090
889	586093
890	586111
891	586120
892	586123
893	586165
894	586207
895	586213
896	586228
897	586237
898	586260
899	586273
900	586565
901	586590
902	586750
903	586754
904	587345
905	588734
906	589026
907	589294
908	589477
909	589570
910	589647
911	589780
912	589976
913	590060
914	590084
915	590087
916	590354
917	591127
918	591187
919	591377
920	591387
921	591507
922	593821
923	594272
924	594959
925	594971
926	595124
927	596102
928	597773
929	598227
930	598556
931	598888
932	598926
933	601554
934	603011
935	603050
936	603432
937	604187
938	604406
939	605432
940	606927
941	607003
942	607375
943	608339
944	609083
945	610920
946	611369
947	611590
948	612448
949	613355
950	613376
951	613742
952	616273
953	616376
954	621714
955	621739
956	621856
957	622501
958	623240
959	623729
960	623914
961	625755
962	625986
963	628523
964	629221
965	630379
966	630532
967	633152
968	633191
969	633972
970	634072
971	634126
972	634133
973	636402
974	637094
975	638680
976	640737
977	640741
978	640748
979	640754
980	641126
981	642397
982	645889
983	646415
984	646596
985	648691
986	650432
987	651025
988	651451
989	652940
990	655558
991	655737
992	655836
993	656104
994	656234
995	656486
996	657341
997	657392
998	657818
999	657906
1000	659942
1001	660888
1002	661406
1003	661991
1004	664325
1005	665369
1006	665624
1007	665698
1008	665807
1009	666874
1010	667484
1011	667846
1012	668555
1013	669195
1014	669373
1015	669612
1016	670713
1017	671027
1018	672937
1019	673526
1020	673816
1021	674566
1022	675024
1023	675486
1024	675498
1025	675852
1026	676017
1027	677284
1028	678200
1029	679759
1030	682010
1031	683028
1032	683148
1033	683273
1034	683599
1035	683617
1036	683622
1037	684029
1038	684700
1039	685322
1040	685557
1041	686991
1042	687275
1043	688003
1044	688264
1045	688588
1046	688963
1047	690097
1048	690214
1049	690364
1050	690783
1051	690958
1052	691242
1053	691354
1054	691973
1055	692466
1056	693443
1057	693597
1058	694237
1059	695102
1060	695517
1061	695825
1062	696436
1063	696768
1064	696772
1065	696803
1066	696805
1067	696868
1068	697858
1069	697866
1070	697987
1071	698381
1072	698876
1073	699228
1074	700461
1075	701923
1076	701932
1077	703613
1078	704735
1079	705082
1080	705679
1081	705730
1082	705787
1083	706157
1084	706884
1085	706934
1086	707398
1087	707844
1088	708131
1089	708573
1090	709327
1091	709705
1092	709926
1093	710595
1094	711076
1095	711416
1096	711583
1097	712022
1098	712163
1099	714567
1100	715293
1101	716345
1102	716354
1103	716686
1104	717010
1105	717282
1106	717369
1107	719085
1108	719146
1109	724101
1110	726640
1111	728930
1112	729903
1113	730675
1114	731016
1115	731204
1116	732074
1117	732874
1118	733099
1119	733167
1120	733495
1121	733830
1122	733872
1123	735882
1124	737404
1125	738541
1126	740241
1127	740421
1128	741082
1129	741103
1130	742593
1131	744197
1132	744406
1133	745035
1134	745246
1135	747530
1136	747803
1137	747905
1138	747906
1139	748447
1140	748630
1141	748662
1142	749522
1143	749593
1144	750007
1145	751697
1146	753002
1147	754265
1148	754739
1149	755108
1150	755395
1151	755416
1152	757268
1153	757714
1154	761160
1155	761313
1156	761334
1157	762702
1158	763754
1159	763810
1160	764091
1161	764859
1162	765731
1163	766880
1164	768697
1165	769321
1166	769636
1167	772227
1168	774575
1169	774764
1170	774953
1171	775735
1172	775886
1173	776688
1174	778796
1175	779083
1176	779461
1177	779749
1178	780702
1179	781659
1180	782534
1181	782722
1182	782862
1183	782879
1184	783172
1185	783358
1186	783665
1187	784105
1188	784242
1189	785004
1190	785837
1191	789882
1192	790984
1193	793041
1194	793390
1195	795332
1196	795467
1197	795591
1198	795598
1199	798093
1200	798277
1201	798413
1202	798812
1203	799794
1204	800088
1205	800645
1206	801142
1207	803379
1208	803412
1209	803606
1210	803633
1211	804272
1212	804445
1213	804504
1214	804763
1215	804865
1216	805012
1217	805066
1218	805351
1219	807200
1220	807486
1221	807707
1222	808102
1223	808389
1224	809831
1225	810389
1226	811185
1227	813876
1228	814154
1229	815189
1230	816140
1231	816177
1232	816417
1233	816795
1234	817556
1235	817586
1236	817830
1237	817925
1238	818052
1239	818090
1240	821120
1241	821132
1242	821339
1243	823983
1244	824027
1245	824513
1246	824767
1247	824869
1248	824893
1249	824896
1250	824941
1251	824944
1252	825010
1253	825142
1254	825148
1255	825151
1256	825388
1257	825418
1258	825424
1259	825496
1260	825666
1261	825720
1262	826615
1263	826733
1264	826911
1265	828858
1266	829121
1267	829290
1268	830119
1269	831421
1270	831506
1271	832055
1272	832166
1273	832794
1274	832991
1275	833318
1276	833725
1277	834713
1278	835305
1279	835921
1280	836014
1281	836455
1282	837929
1283	838436
1284	839284
1285	840008
1286	840043
1287	840793
1288	841251
1289	841424
1290	841573
1291	841645
1292	842971
1293	843303
1294	843671
1295	843982
1296	844726
1297	844899
1298	845087
1299	845099
1300	845766
1301	847438
1302	848829
1303	849042
1304	849073
1305	849822
1306	851072
1307	852168
1308	852765
1309	853796
1310	854549
1311	855033
1312	856602
1313	857003
1314	857644
1315	860687
1316	863029
1317	863039
1318	865334
1319	865765
1320	867324
1321	868291
1322	868295
1323	868351
1324	868574
1325	868997
1326	869192
1327	869202
1328	869531
1329	873683
1330	874553
1331	875357
1332	875870
1333	877715
1334	878818
1335	880598
1336	881627
1337	881878
1338	882355
1339	884858
1340	886702
1341	886998
1342	887000
1343	887206
1344	887250
1345	888330
1346	888363
1347	891347
1348	891424
1349	893372
1350	894128
1351	895331
1352	896672
1353	896982
1354	897830
1355	898389
1356	898741
1357	899688
1358	901154
1359	902412
1360	903476
1361	904015
1362	904389
1363	906841
1364	907282
1365	907616
1366	908030
1367	908177
1368	909851
1369	910117
1370	911393
1371	911850
1372	912086
1373	912466
1374	912986
1375	913691
1376	918117
1377	919436
1378	922750
1379	923684
1380	923881
1381	923959
1382	925382
1383	926126
1384	927497
1385	927554
1386	928158
1387	928260
1388	928310
1389	928311
1390	928839
1391	928891
1392	930018
1393	930364
1394	932059
1395	933598
1396	935555
1397	935913
1398	936790
1399	936948
1400	937070
1401	938796
1402	939736
1403	939849
1404	940606
1405	941040
1406	941791
1407	942483
1408	942510
1409	942793
1410	942966
1411	943707
1412	944836
1413	945518
1414	945597
1415	946307
1416	946924
1417	947453
1418	948176
1419	948483
1420	949673
1421	950034
1422	950035
1423	951423
1424	951425
1425	951498
1426	951730
1427	954303
1428	954567
1429	954669
1430	956532
1431	956759
1432	957276
1433	957910
1434	959631
1435	959779
1436	959934
1437	960107
1438	962306
1439	963270
1440	967022
1441	967590
1442	967913
1443	967944
1444	969208
1445	970344
1446	971053
1447	971072
1448	971122
1449	971202
1450	971424
1451	971494
1452	973496
1453	974368
1454	976262
1455	979817
1456	980548
1457	980692
1458	980813
1459	981439
1460	981617
1461	981870
1462	982897
1463	983287
1464	983962
1465	984650
1466	984886
1467	985798
1468	986700
1469	987822
1470	988179
1471	988202
1472	988892
1473	989081
1474	989721
1475	989997
1476	991334
1477	991841
1478	992005
1479	992023
1480	992079
1481	992154
1482	992331
1483	992454
1484	992707
1485	992791
1486	993970
1487	994870
1488	995332
1489	995977
1490	998152
1491	1000598
1492	1001349
1493	1001648
1494	1002115
1495	1002452
1496	1003647
1497	1003886
1498	1004606
1499	1006065
1500	1008496
1501	1010788
1502	1011232
1503	1012916
1504	1016507
1505	1017054
1506	1018460
1507	1019858
1508	1019972
1509	1019984
1510	1020119
1511	1020615
1512	1020972
1513	1022037
1514	1022065
1515	1022066
1516	1023314
1517	1024231
1518	1024440
1519	1024964
1520	1024972
1521	1025642
1522	1025909
1523	1026047
1524	1028287
1525	1028679
1526	1030111
1527	1030309
1528	1030334
1529	1030732
1530	1030847
1531	1031193
1532	1031310
1533	1031559
1534	1032194
1535	1032934
1536	1033828
1537	1034181
1538	1035344
1539	1035445
1540	1035487
1541	1035684
1542	1036722
1543	1037725
1544	1037825
1545	1038034
1546	1038942
1547	1039013
1548	1039341
1549	1039342
1550	1039798
1551	1040777
1552	1041412
1553	1044817
1554	1045609
1555	1045764
1556	1046680
1557	1046921
1558	1047322
1559	1047664
1560	1048736
1561	1049922
1562	1050220
1563	1052518
1564	1052867
1565	1053025
1566	1053036
1567	1054794
1568	1055334
1569	1056378
1570	1057581
1571	1058012
1572	1058252
1573	1058630
1574	1060571
1575	1061353
1576	1061881
1577	1061931
1578	1063522
1579	1064254
1580	1066248
1581	1067048
1582	1067979
1583	1068234
1584	1068495
1585	1069095
1586	1069581
1587	1070371
1588	1072639
1589	1072689
1590	1073484
1591	1073808
1592	1074162
1593	1074361
1594	1075836
1595	1075886
1596	1076129
1597	1077935
1598	1078217
1599	1079348
1600	1079546
1601	1080166
1602	1082004
1603	1082284
1604	1083936
1605	1084266
1606	1085037
1607	1086623
1608	1086696
1609	1086906
1610	1086947
1611	1087001
1612	1088103
1613	1088490
1614	1089539
1615	1089765
1616	1090256
1617	1093715
1618	1094202
1619	1094567
1620	1096622
1621	1098775
1622	1098992
1623	1100225
1624	1100412
1625	1100916
1626	1101551
1627	1102074
1628	1103441
1629	1103527
1630	1103564
1631	1104362
1632	1104587
1633	1107480
1634	1107590
1635	1107979
1636	1109090
1637	1109937
1638	1110680
1639	1110753
1640	1110966
1641	1111001
1642	1111197
1643	1111805
1644	1111859
1645	1112011
1646	1113165
1647	1113701
1648	1113989
1649	1114235
1650	1114431
1651	1114645
1652	1115577
1653	1116147
1654	1116435
1655	1117083
1656	1118114
1657	1118136
1658	1118298
1659	1118472
1660	1119526
1661	1119892
1662	1120096
1663	1121958
1664	1122232
1665	1122445
1666	1123004
1667	1123309
1668	1123923
1669	1124971
1670	1125070
1671	1125086
1672	1125131
1673	1127140
1674	1127535
1675	1127696
1676	1128189
1677	1128259
1678	1132221
1679	1132582
1680	1133168
1681	1133494
1682	1133564
1683	1136259
1684	1136709
1685	1137632
1686	1137858
1687	1138726
1688	1139609
1689	1139644
1690	1139803
1691	1139869
1692	1141176
1693	1142064
1694	1142109
1695	1143892
1696	1143954
1697	1144082
1698	1144209
1699	1144296
1700	1144419
1701	1145487
1702	1145759
1703	1146613
1704	1148094
1705	1151869
1706	1152606
1707	1153552
1708	1156215
1709	1156343
1710	1156555
1711	1156611
1712	1157134
1713	1157624
1714	1158007
1715	1158456
1716	1159208
1717	1161706
1718	1162688
1719	1163031
1720	1163972
1721	1164893
1722	1165011
1723	1165027
1724	1165035
1725	1165041
1726	1165044
1727	1165132
1728	1165438
1729	1165951
1730	1166239
1731	1166574
1732	1166773
1733	1167455
1734	1170015
1735	1170487
1736	1171764
1737	1172683
1738	1172990
1739	1173832
1740	1174716
1741	1174764
1742	1174892
1743	1175717
1744	1179146
1745	1179780
1746	1180531
1747	1180591
1748	1180979
1749	1181666
1750	1181716
1751	1181935
1752	1182230
1753	1182275
1754	1182502
1755	1183247
1756	1183364
1757	1183634
1758	1183677
1759	1183858
1760	1184872
1761	1184877
1762	1185398
1763	1185943
1764	1186616
1765	1186846
1766	1187208
1767	1187269
1768	1187735
1769	1188432
1770	1188478
1771	1189015
1772	1189406
1773	1189422
1774	1189518
1775	1189870
1776	1190614
1777	1192692
1778	1193250
1779	1194616
1780	1195638
1781	1195691
1782	1195973
1783	1200614
1784	1200759
1785	1202632
1786	1203824
1787	1204227
1788	1205120
1789	1207460
1790	1207925
1791	1208307
1792	1208347
1793	1209786
1794	1210052
1795	1210565
1796	1212325
1797	1213029
1798	1213277
1799	1213497
1800	1213981
1801	1215789
1802	1216794
1803	1218751
1804	1218898
1805	1221390
1806	1221951
1807	1222371
1808	1223152
1809	1224198
1810	1224456
1811	1224575
1812	1224912
1813	1225451
1814	1227547
1815	1227613
1816	1229084
1817	1231541
1818	1233460
1819	1233742
1820	1234404
1821	1234707
1822	1235358
1823	1235838
1824	1236315
1825	1237830
1826	1237834
1827	1239426
1828	1240701
1829	1241759
1830	1242168
1831	1242464
1832	1242696
1833	1243210
1834	1246102
1835	1246607
1836	1247636
1837	1248510
1838	1249144
1839	1251008
1840	1252436
1841	1253044
1842	1253124
1843	1254317
1844	1255860
1845	1255974
1846	1256086
1847	1257544
1848	1258898
1849	1261078
1850	1261684
1851	1261858
1852	1262112
1853	1262192
1854	1262665
1855	1264057
1856	1265065
1857	1265456
1858	1265610
1859	1266013
1860	1266479
1861	1266558
1862	1267124
1863	1268365
1864	1272255
1865	1273565
1866	1274224
1867	1275623
1868	1275671
1869	1276977
1870	1279942
1871	1280104
1872	1280386
1873	1280406
1874	1280519
1875	1282289
1876	1282381
1877	1282979
1878	1282997
1879	1283784
1880	1286252
1881	1286682
1882	1287243
1883	1287247
1884	1287705
1885	1288072
1886	1289308
1887	1289687
1888	1289938
1889	1290179
1890	1290476
1891	1291867
1892	1292565
1893	1293505
1894	1293558
1895	1295688
1896	1296469
1897	1296475
1898	1296515
1899	1296643
1900	1297722
1901	1298739
1902	1299677
1903	1299713
1904	1299795
1905	1301515
1906	1301548
1907	1302969
1908	1303062
1909	1304002
1910	1304324
1911	1306561
1912	1308495
1913	1308956
1914	1309382
1915	1309471
1916	1309723
1917	1310234
1918	1312058
1919	1312233
1920	1312280
1921	1312993
1922	1313111
1923	1313679
1924	1313988
1925	1314754
1926	1314768
1927	1314887
1928	1314944
1929	1315552
1930	1317291
1931	1317707
1932	1317916
1933	1318086
1934	1319254
1935	1319292
1936	1319601
1937	1319661
1938	1320598
1939	1324433
1940	1324619
1941	1325311
1942	1325403
1943	1325582
1944	1327900
1945	1328567
1946	1328699
1947	1329724
1948	1330039
1949	1330215
1950	1330381
1951	1330428
1952	1331463
1953	1331494
1954	1331833
1955	1332353
1956	1332935
1957	1334092
1958	1334093
1959	1334111
1960	1334129
1961	1334267
1962	1334551
1963	1334640
1964	1335028
1965	1335030
1966	1335039
1967	1335040
1968	1336566
1969	1337053
1970	1337158
1971	1338308
1972	1338840
1973	1339030
1974	1339098
1975	1341645
1976	1342134
1977	1342960
1978	1342976
1979	1342998
1980	1343016
1981	1344186
1982	1345488
1983	1346800
1984	1347357
1985	1347475
1986	1347957
1987	1347959
1988	1348417
1989	1348758
1990	1349845
1991	1351052
1992	1351713
1993	1352353
1994	1353102
1995	1353361
1996	1353384
1997	1354097
1998	1354102
1999	1354534
2000	1355413
2001	1355445
2002	1355471
2003	1355641
2004	1355794
2005	1356095
2006	1356132
2007	1356579
2008	1356697
2009	1357758
2010	1359613
2011	1360387
2012	1360942
2013	1361021
2014	1361168
2015	1361586
2016	1362335
2017	1363303
2018	1363462
2019	1363563
2020	1363759
2021	1364468
2022	1365878
2023	1367655
2024	1367720
2025	1368806
2026	1369365
2027	1369449
2028	1369647
2029	1370255
2030	1371287
2031	1372142
2032	1372193
2033	1373059
2034	1375854
2035	1375903
2036	1376344
2037	1376679
2038	1377047
2039	1377372
2040	1377570
2041	1380740
2042	1380823
2043	1382366
2044	1382872
2045	1383157
2046	1384344
2047	1384368
2048	1384417
2049	1384543
2050	1384800
2051	1385948
2052	1386132
2053	1386225
2054	1386558
2055	1386833
2056	1387861
2057	1390936
2058	1392256
2059	1393057
2060	1393571
2061	1395450
2062	1397088
2063	1397228
2064	1397291
2065	1398258
2066	1398367
2067	1399166
2068	1399616
2069	1401472
2070	1401527
2071	1402020
2072	1402834
2073	1403105
2074	1403448
2075	1404425
2076	1404614
2077	1405145
2078	1405936
2079	1406140
2080	1408005
2081	1408417
2082	1409066
2083	1409585
2084	1410061
2085	1411217
2086	1412804
2087	1414204
2088	1414242
2089	1415816
2090	1416102
2091	1416145
2092	1416219
2093	1417067
2094	1417675
2095	1418344
2096	1418786
2097	1420015
2098	1422599
2099	1422703
2100	1423516
2101	1423660
2102	1424156
2103	1424393
2104	1424504
2105	1424505
2106	1424546
2107	1424719
2108	1424751
2109	1424769
2110	1426575
2111	1427192
2112	1427302
2113	1427788
2114	1427897
2115	1429059
2116	1429414
2117	1429732
2118	1429844
2119	1430322
2120	1430498
2121	1431235
2122	1431274
2123	1431625
2124	1432059
2125	1432301
2126	1432391
2127	1432478
2128	1432594
2129	1432813
2130	1432928
2131	1433050
2132	1433928
2133	1434589
2134	1435346
2135	1435412
2136	1435569
2137	1435576
2138	1435694
2139	1435705
2140	1435864
2141	1436407
2142	1436862
2143	1436995
2144	1437674
2145	1438132
2146	1438548
2147	1439301
2148	1439833
2149	1442197
2150	1442852
2151	1443330
2152	1443354
2153	1443736
2154	1443857
2155	1444158
2156	1444500
2157	1445553
2158	1446753
2159	1446809
2160	1446837
2161	1447197
2162	1447885
2163	1447943
2164	1448227
2165	1448684
2166	1450534
2167	1451154
2168	1452324
2169	1452583
2170	1452821
2171	1453473
2172	1453530
2173	1454513
2174	1455156
2175	1455256
2176	1455649
2177	1455992
2178	1456374
2179	1456856
2180	1457612
2181	1459389
2182	1459520
2183	1460381
2184	1461068
2185	1461929
2186	1462202
2187	1462330
2188	1462353
2189	1462492
2190	1463850
2191	1464257
2192	1467456
2193	1467725
2194	1467744
2195	1467965
2196	1470031
2197	1470196
2198	1470685
2199	1471714
2200	1472172
2201	1472514
2202	1472902
2203	1474876
2204	1474927
2205	1474973
2206	1475088
2207	1475618
2208	1475868
2209	1476424
2210	1477499
2211	1478434
2212	1478535
2213	1478921
2214	1479004
2215	1479055
2216	1479356
2217	1479401
2218	1479423
2219	1480822
2220	1480897
2221	1480902
2222	1480974
2223	1481979
2224	1482810
2225	1483652
2226	1487202
2227	1487682
2228	1488186
2229	1489152
2230	1490523
2231	1490663
2232	1490942
2233	1492370
2234	1493213
2235	1493362
2236	1493439
2237	1493594
2238	1494021
2239	1494204
2240	1494418
2241	1494451
2242	1495333
2243	1496484
2244	1496683
2245	1497048
2246	1497121
2247	1497130
2248	1497612
2249	1498365
2250	1498818
2251	1499048
2252	1499127
2253	1499342
2254	1499616
2255	1499875
2256	1500713
2257	1500927
2258	1501221
2259	1503474
2260	1504186
2261	1506224
2262	1506373
2263	1506488
2264	1506530
2265	1506791
2266	1506807
2267	1507648
2268	1508637
2269	1510049
2270	1511174
2271	1511436
2272	1512159
2273	1513767
2274	1514630
2275	1515004
2276	1515022
2277	1515721
2278	1516501
2279	1516937
2280	1517228
2281	1517351
2282	1517360
2283	1517765
2284	1519302
2285	1519313
2286	1519446
2287	1519557
2288	1519728
2289	1519731
2290	1519737
2291	1519865
2292	1519867
2293	1519879
2294	1520498
2295	1520820
2296	1521656
2297	1521805
2298	1522082
2299	1523120
2300	1524905
2301	1526680
2302	1526859
2303	1526861
2304	1527024
2305	1527906
2306	1528097
2307	1528231
2308	1528293
2309	1531081
2310	1531201
2311	1531516
2312	1532757
2313	1532924
2314	1533067
2315	1533170
2316	1533430
2317	1535271
2318	1536434
2319	1536476
2320	1536825
2321	1537075
2322	1539090
2323	1539880
2324	1540916
2325	1541289
2326	1542251
2327	1542608
2328	1542824
2329	1542858
2330	1542983
2331	1543305
2332	1544116
2333	1546147
2334	1546377
2335	1546436
2336	1546437
2337	1546481
2338	1546831
2339	1547222
2340	1548576
2341	1548742
2342	1549249
2343	1549260
2344	1550101
2345	1550132
2346	1550138
2347	1550793
2348	1551137
2349	1551285
2350	1552187
2351	1552351
2352	1552502
2353	1553579
2354	1553753
2355	1553939
2356	1554191
2357	1554431
2358	1554557
2359	1556145
2360	1557550
2361	1557638
2362	1558400
2363	1558728
2364	1561712
2365	1561945
2366	1562048
2367	1562454
2368	1562699
2369	1563006
2370	1563038
2371	1563806
2372	1564633
2373	1566240
2374	1566314
2375	1566328
2376	1566337
2377	1566342
2378	1569829
2379	1571148
2380	1573056
2381	1574598
2382	1574966
2383	1575166
2384	1575966
2385	1576422
2386	1576686
2387	1578104
2388	1578987
2389	1580424
2390	1581059
2391	1581737
2392	1582305
2393	1583226
2394	1583446
2395	1583661
2396	1586274
2397	1587731
2398	1587790
2399	1588302
2400	1588872
2401	1591160
2402	1591573
2403	1593217
2404	1593241
2405	1595670
2406	1596304
2407	1596946
2408	1597971
2409	1598024
2410	1598050
2411	1598280
2412	1599430
2413	1599559
2414	1600418
2415	1601368
2416	1601605
2417	1602455
2418	1604735
2419	1604791
2420	1605410
2421	1606384
2422	1606619
2423	1607600
2424	1607895
2425	1608572
2426	1608799
2427	1609756
2428	1610147
2429	1610500
2430	1612410
2431	1612629
2432	1614797
2433	1615846
2434	1615899
2435	1615948
2436	1616330
2437	1616964
2438	1617062
2439	1617589
2440	1618264
2441	1618564
2442	1623484
2443	1623569
2444	1625295
2445	1626144
2446	1626355
2447	1626529
2448	1627094
2449	1627479
2450	1628304
2451	1630280
2452	1630924
2453	1631783
2454	1631831
2455	1631849
2456	1632643
2457	1633213
2458	1634371
2459	1635280
2460	1635737
2461	1638281
2462	1639038
2463	1639044
2464	1639373
2465	1639408
2466	1639464
2467	1639472
2468	1639580
2469	1639824
2470	1640754
2471	1640832
2472	1641418
2473	1641600
2474	1641603
2475	1641737
2476	1642136
2477	1642673
2478	1642872
2479	1643858
2480	1645957
2481	1646607
2482	1646984
2483	1648204
2484	1648445
2485	1648506
2486	1650503
2487	1650975
2488	1651262
2489	1651532
2490	1652161
2491	1652177
2492	1652195
2493	1653676
2494	1654176
2495	1655433
2496	1655485
2497	1656513
2498	1657694
2499	1657807
2500	1657875
2501	1658089
2502	1658626
2503	1659542
2504	1661920
2505	1662471
2506	1662630
2507	1663155
2508	1663441
2509	1665805
2510	1667321
2511	1668315
2512	1668891
2513	1669249
2514	1670763
2515	1671044
2516	1672529
2517	1672594
2518	1674458
2519	1674797
2520	1676990
2521	1677011
2522	1677049
2523	1677668
2524	1677848
2525	1679162
2526	1679881
2527	1679975
2528	1682862
2529	1683167
2530	1683198
2531	1684019
2532	1684327
2533	1684918
2534	1685053
2535	1685826
2536	1685903
2537	1686092
2538	1687861
2539	1688173
2540	1690668
2541	1691773
2542	1691885
2543	1692020
2544	1692316
2545	1692542
2546	1693456
2547	1694511
2548	1695701
2549	1695779
2550	1697176
2551	1698164
2552	1698470
2553	1699456
2554	1700012
2555	1700532
2556	1701187
2557	1702754
2558	1702889
2559	1702954
2560	1703069
2561	1703546
2562	1703881
2563	1703891
2564	1704050
2565	1704632
2566	1704856
2567	1704983
2568	1706107
2569	1706485
2570	1707984
2571	1708312
2572	1708524
2573	1709327
2574	1710578
2575	1711260
2576	1711333
2577	1711704
2578	1712187
2579	1712343
2580	1715808
2581	1717335
2582	1717577
2583	1717676
2584	1717885
2585	1719195
2586	1719500
2587	1719907
2588	1719954
2589	1720499
2590	1720662
2591	1720900
2592	1721335
2593	1721336
2594	1723982
2595	1724446
2596	1724764
2597	1725072
2598	1726194
2599	1727575
2600	1728228
2601	1729171
2602	1729989
2603	1730120
2604	1730205
2605	1730253
2606	1730396
2607	1731227
2608	1732317
2609	1732566
2610	1733700
2611	1733858
2612	1734168
2613	1735000
2614	1735620
2615	1736714
2616	1736864
2617	1737643
2618	1737724
2619	1738847
2620	1738996
2621	1739605
2622	1740268
2623	1741001
2624	1741168
2625	1742295
2626	1742531
2627	1744282
2628	1746188
2629	1746839
2630	1747194
2631	1747783
2632	1748342
2633	1748351
2634	1749021
2635	1749038
2636	1749087
2637	1749314
2638	1750754
2639	1752594
2640	1752673
2641	1753474
2642	1753847
2643	1754545
2644	1754613
2645	1755648
2646	1757699
2647	1758274
2648	1758457
2649	1759333
2650	1759726
2651	1760202
2652	1762010
2653	1763106
2654	1763141
2655	1763350
2656	1763362
2657	1763588
2658	1763841
2659	1764121
2660	1764400
2661	1765532
2662	1767167
2663	1767175
2664	1767494
2665	1767521
2666	1767920
2667	1768772
2668	1769229
2669	1769615
2670	1769705
2671	1770054
2672	1770633
2673	1770644
2674	1771593
2675	1771603
2676	1771957
2677	1772402
2678	1773829
2679	1774414
2680	1777466
2681	1777606
2682	1778796
2683	1778827
2684	1779053
2685	1779281
2686	1779534
2687	1780199
2688	1780527
2689	1782297
2690	1782913
2691	1784080
2692	1784441
2693	1785705
2694	1787178
2695	1788420
2696	1788745
2697	1789654
2698	1790189
2699	1790288
2700	1791402
2701	1791789
2702	1793517
2703	1794393
2704	1795093
2705	1795295
2706	1796320
2707	1797691
2708	1798028
2709	1798601
2710	1798983
2711	1799238
2712	1799946
2713	1800618
2714	1800716
2715	1801706
2716	1801908
2717	1803810
2718	1803855
2719	1803909
2720	1804290
2721	1805055
2722	1805827
2723	1806089
2724	1806877
2725	1806892
2726	1808311
2727	1808486
2728	1808696
2729	1808913
2730	1809996
2731	1810362
2732	1811875
2733	1812439
2734	1813324
2735	1813997
2736	1814746
2737	1814956
2738	1816215
2739	1816280
2740	1816829
2741	1817277
2742	1817581
2743	1817641
2744	1818078
2745	1818145
2746	1818561
2747	1818963
2748	1819060
2749	1819654
2750	1819682
2751	1820810
2752	1821267
2753	1823060
2754	1823246
2755	1823259
2756	1823513
2757	1823945
2758	1824805
2759	1824873
2760	1825888
2761	1825989
2762	1826931
2763	1827272
2764	1827756
2765	1828104
2766	1831128
2767	1831183
2768	1831315
2769	1831651
2770	1831684
2771	1833175
2772	1834327
2773	1834781
2774	1835301
2775	1836439
2776	1836702
2777	1837869
2778	1838598
2779	1839038
2780	1839098
2781	1839272
2782	1839464
2783	1839736
2784	1840078
2785	1840187
2786	1841037
2787	1841884
2788	1842605
2789	1842664
2790	1843245
2791	1843841
2792	1845429
2793	1845694
2794	1846073
2795	1847208
2796	1848319
2797	1851048
2798	1852160
2799	1852203
2800	1852214
2801	1853485
2802	1854876
2803	1855136
2804	1856176
2805	1857546
2806	1858169
2807	1858559
2808	1860063
2809	1861598
2810	1861699
2811	1861880
2812	1861881
2813	1862015
2814	1862231
2815	1862779
2816	1863580
2817	1864162
2818	1864345
2819	1864442
2820	1864667
2821	1865438
2822	1866424
2823	1867173
2824	1867651
2825	1867906
2826	1871042
2827	1872123
2828	1872535
2829	1872826
2830	1872973
2831	1873504
2832	1873595
2833	1875148
2834	1875187
2835	1877052
2836	1878015
2837	1878301
2838	1878303
2839	1878814
2840	1881142
2841	1881864
2842	1881905
2843	1882732
2844	1883295
2845	1883767
2846	1884222
2847	1885063
2848	1886377
2849	1886845
2850	1887133
2851	1887165
2852	1888629
2853	1888975
2854	1889131
2855	1890424
2856	1893006
2857	1893018
2858	1893198
2859	1894703
2860	1895358
2861	1896008
2862	1896504
2863	1897257
2864	1897447
2865	1897490
2866	1900274
2867	1903971
2868	1904357
2869	1904391
2870	1904463
2871	1904645
2872	1904842
2873	1906937
2874	1906949
2875	1906984
2876	1907242
2877	1907692
2878	1907787
2879	1910067
2880	1910891
2881	1914320
2882	1914522
2883	1914845
2884	1915666
2885	1915919
2886	1915927
2887	1916114
2888	1916664
2889	1917581
2890	1917600
2891	1918975
2892	1919726
2893	1919976
2894	1920522
2895	1921151
2896	1921998
2897	1924415
2898	1925741
2899	1925810
2900	1926268
2901	1928832
2902	1930349
2903	1930451
2904	1930643
2905	1930931
2906	1931174
2907	1931717
2908	1931875
2909	1932540
2910	1932636
2911	1932713
2912	1933334
2913	1935927
2914	1936043
2915	1936214
2916	1936271
2917	1936275
2918	1936331
2919	1937435
2920	1938632
2921	1941368
2922	1941499
2923	1942155
2924	1942609
2925	1943043
2926	1943234
2927	1945336
2928	1945381
2929	1945451
2930	1945454
2931	1945461
2932	1945514
2933	1945955
2934	1946376
2935	1946482
2936	1946505
2937	1946511
2938	1946590
2939	1947189
2940	1947359
2941	1947377
2942	1947379
2943	1947528
2944	1950994
2945	1951122
2946	1952876
2947	1953188
2948	1953283
2949	1953643
2950	1953848
2951	1954102
2952	1954955
2953	1955295
2954	1956041
2955	1956579
2956	1957456
2957	1958715
2958	1958967
2959	1959054
2960	1960579
2961	1961402
2962	1964736
2963	1965690
2964	1965846
2965	1966850
2966	1967080
2967	1967726
2968	1968025
2969	1968745
2970	1968974
2971	1969725
2972	1971423
2973	1971521
2974	1971552
2975	1972096
2976	1972294
2977	1974075
2978	1976355
2979	1976633
2980	1979343
2981	1979551
2982	1981046
2983	1981871
2984	1983660
2985	1984090
2986	1984184
2987	1985945
2988	1986430
2989	1987491
2990	1988810
2991	1989214
2992	1989337
2993	1990327
2994	1990345
2995	1990375
2996	1990461
2997	1991749
2998	1992794
2999	1993080
3000	1994537
3001	1995808
3002	1998185
3003	1998508
3004	2000865
3005	2002561
3006	2004596
3007	2004914
3008	2004957
3009	2004964
3010	2005602
3011	2007023
3012	2007382
3013	2009732
3014	2009865
3015	2011765
3016	2012248
3017	2013643
3018	2014049
3019	2014300
3020	2014329
3021	2014884
3022	2016337
3023	2016370
3024	2016863
3025	2018552
3026	2019500
3027	2019815
3028	2020228
3029	2020236
3030	2020539
3031	2021612
3032	2022943
3033	2023847
3034	2024809
3035	2024812
3036	2026301
3037	2029846
3038	2030050
3039	2030895
3040	2030962
3041	2031845
3042	2035375
3043	2035880
3044	2036839
3045	2038632
3046	2038638
3047	2038641
3048	2039360
3049	2040382
3050	2041053
3051	2041397
3052	2041924
3053	2043691
3054	2043874
3055	2044009
3056	2044359
3057	2046102
3058	2046411
3059	2046668
3060	2047326
3061	2047330
3062	2047367
3063	2047433
3064	2048844
3065	2049250
3066	2050519
3067	2054399
3068	2055420
3069	2055964
3070	2057095
3071	2057998
3072	2058428
3073	2059594
3074	2059804
3075	2060354
3076	2060911
3077	2060958
3078	2062455
3079	2063448
3080	2064468
3081	2064816
3082	2064834
3083	2065201
3084	2065444
3085	2066485
3086	2067451
3087	2067722
3088	2067820
3089	2067890
3090	2067973
3091	2068394
3092	2068927
3093	2070235
3094	2070723
3095	2073368
3096	2073401
3097	2073765
3098	2073946
3099	2073961
3100	2073985
3101	2075186
3102	2075464
3103	2075481
3104	2075575
3105	2075576
3106	2075712
3107	2076383
3108	2078383
3109	2078758
3110	2079811
3111	2081498
3112	2081615
3113	2082166
3114	2082171
3115	2082274
3116	2083247
3117	2083262
3118	2083304
3119	2084152
3120	2084193
3121	2084453
3122	2084755
3123	2085149
3124	2085158
3125	2086903
3126	2088989
3127	2089075
3128	2089315
3129	2090184
3130	2090908
3131	2091028
3132	2091876
3133	2093213
3134	2094018
3135	2094742
3136	2094858
3137	2095034
3138	2095048
3139	2097042
3140	2097336
3141	2098000
3142	2098351
3143	2099610
3144	2100945
3145	2101880
3146	2102619
3147	2103744
3148	2103759
3149	2103798
3150	2103837
3151	2103983
3152	2104397
3153	2104523
3154	2106301
3155	2106432
3156	2106494
3157	2107368
3158	2108006
3159	2108068
3160	2108183
3161	2108562
3162	2108686
3163	2108814
3164	2108854
3165	2109013
3166	2109349
3167	2109392
3168	2109437
3169	2110130
3170	2110913
3171	2114516
3172	2114552
3173	2114868
3174	2115118
3175	2115212
3176	2115271
3177	2115283
3178	2115309
3179	2116599
3180	2117706
3181	2120116
3182	2121865
3183	2124861
3184	2126215
3185	2127643
3186	2127645
3187	2128538
3188	2129307
3189	2131153
3190	2131463
3191	2131828
3192	2132279
3193	2132913
3194	2133069
3195	2133771
3196	2133950
3197	2134636
3198	2136369
3199	2142231
3200	2144136
3201	2144222
3202	2144460
3203	2144698
3204	2144796
3205	2145867
3206	2146449
3207	2147121
3208	2147506
3209	2148476
3210	2148596
3211	2149495
3212	2150400
3213	2154607
3214	2155062
3215	2155083
3216	2155503
3217	2155915
3218	2157796
3219	2158359
3220	2158592
3221	2159288
3222	2160288
3223	2160451
3224	2160607
3225	2161395
3226	2162614
3227	2163307
3228	2165057
3229	2165591
3230	2166919
3231	2167104
3232	2170886
3233	2172973
3234	2173921
3235	2174528
3236	2175021
3237	2175204
3238	2177251
3239	2177467
3240	2178170
3241	2178862
3242	2178915
3243	2179338
3244	2180650
3245	2180821
3246	2181285
3247	2181585
3248	2181655
3249	2182364
3250	2185040
3251	2185343
3252	2187112
3253	2187212
3254	2188144
3255	2188674
3256	2189377
3257	2189653
3258	2189950
3259	2190072
3260	2191293
3261	2191482
3262	2191679
3263	2191965
3264	2193940
3265	2194297
3266	2194514
3267	2195919
3268	2198336
3269	2198949
3270	2199621
3271	2199707
3272	2202488
3273	2203462
3274	2205115
3275	2206202
3276	2207036
3277	2208775
3278	2208776
3279	2210031
3280	2210033
3281	2211521
3282	2211932
3283	2213383
3284	2214219
3285	2215820
3286	2216122
3287	2216173
3288	2216502
3289	2217263
3290	2217722
3291	2217835
3292	2218205
3293	2219125
3294	2219236
3295	2219818
3296	2220016
3297	2220051
3298	2221307
3299	2221935
3300	2222304
3301	2223818
3302	2224097
3303	2224213
3304	2224314
3305	2224642
3306	2225059
3307	2225912
3308	2227140
3309	2227603
3310	2227783
3311	2227905
3312	2229115
3313	2229809
3314	2234480
3315	2235006
3316	2235310
3317	2236645
3318	2238086
3319	2238128
3320	2238573
3321	2238709
3322	2243843
3323	2243965
3324	2244245
3325	2245755
3326	2246118
3327	2247171
3328	2247259
3329	2249155
3330	2249477
3331	2250134
3332	2251437
3333	2252207
3334	2257342
3335	2257845
3336	2258953
3337	2258964
3338	2259639
3339	2260424
3340	2261185
3341	2261264
3342	2261652
3343	2262062
3344	2262613
3345	2263301
3346	2263755
3347	2264417
3348	2265339
3349	2265627
3350	2266791
3351	2267926
3352	2270276
3353	2270476
3354	2272106
3355	2273420
3356	2273792
3357	2273864
3358	2275301
3359	2275916
3360	2275998
3361	2276271
3362	2277100
3363	2277616
3364	2278501
3365	2279873
3366	2282211
3367	2283224
3368	2284048
3369	2284339
3370	2286008
3371	2286074
3372	2286589
3373	2286830
3374	2288252
3375	2289697
3376	2291150
3377	2291732
3378	2292167
3379	2292604
3380	2292928
3381	2294188
3382	2294376
3383	2294866
3384	2295414
3385	2295453
3386	2295560
3387	2295607
3388	2295634
3389	2296512
3390	2296654
3391	2297257
3392	2297415
3393	2297936
3394	2298611
3395	2299275
3396	2299915
3397	2300317
3398	2300824
3399	2302257
3400	2304264
3401	2304508
3402	2305196
3403	2305567
3404	2305844
3405	2306144
3406	2306306
3407	2306512
3408	2306854
3409	2307297
3410	2307661
3411	2308017
3412	2308052
3413	2308242
3414	2308480
3415	2308975
3416	2309501
3417	2309577
3418	2310663
3419	2311249
3420	2311962
3421	2311983
3422	2313239
3423	2313306
3424	2313351
3425	2313875
3426	2317592
3427	2319540
3428	2319655
3429	2320805
3430	2321900
3431	2321969
3432	2322687
3433	2322996
3434	2325071
3435	2325376
3436	2326189
3437	2327196
3438	2327279
3439	2327457
3440	2327479
3441	2329248
3442	2329420
3443	2330756
3444	2331135
3445	2333071
3446	2333105
3447	2334149
3448	2334375
3449	2334856
3450	2335156
3451	2337161
3452	2337258
3453	2338816
3454	2338842
3455	2339656
3456	2339670
3457	2340469
3458	2341771
3459	2342801
3460	2344809
3461	2344810
3462	2344818
3463	2344838
3464	2344848
3465	2345043
3466	2345511
3467	2345755
3468	2348396
3469	2348474
3470	2348802
3471	2349250
3472	2350035
3473	2350171
3474	2352987
3475	2353335
3476	2353979
3477	2354400
3478	2355247
3479	2355286
3480	2355580
3481	2356246
3482	2356469
3483	2356869
3484	2357588
3485	2357895
3486	2361118
3487	2361283
3488	2361445
3489	2361448
3490	2363277
3491	2363307
3492	2363537
3493	2364321
3494	2364756
3495	2365084
3496	2367114
3497	2367761
3498	2367797
3499	2368454
3500	2369797
3501	2369859
3502	2370461
3503	2370950
3504	2371013
3505	2371121
3506	2371397
3507	2371712
3508	2371885
3509	2372077
3510	2372087
3511	2372724
3512	2372917
3513	2373027
3514	2373976
3515	2375018
3516	2376095
3517	2376361
3518	2376608
3519	2376616
3520	2377140
3521	2377478
3522	2377904
3523	2378277
3524	2379186
3525	2380761
3526	2381068
3527	2381104
3528	2381364
3529	2381586
3530	2386594
3531	2386693
3532	2386765
3533	2387101
3534	2387721
3535	2389826
3536	2389853
3537	2389876
3538	2391171
3539	2391202
3540	2391792
3541	2391793
3542	2393212
3543	2393504
3544	2393736
3545	2394560
3546	2394786
3547	2395095
3548	2397167
3549	2398147
3550	2398664
3551	2398993
3552	2400164
3553	2400611
3554	2401435
3555	2401788
3556	2402167
3557	2402242
3558	2402476
3559	2404509
3560	2404570
3561	2407475
3562	2408196
3563	2408338
3564	2411259
3565	2411328
3566	2411582
3567	2412025
3568	2412098
3569	2412737
3570	2412809
3571	2412915
3572	2414916
3573	2415121
3574	2415776
3575	2417689
3576	2417695
3577	2418191
3578	2418276
3579	2418794
3580	2419666
3581	2419870
3582	2420723
3583	2421472
3584	2422695
3585	2424127
3586	2425678
3587	2425771
3588	2425871
3589	2426762
3590	2427203
3591	2427767
3592	2428655
3593	2428984
3594	2429531
3595	2429748
3596	2430415
3597	2430869
3598	2431058
3599	2431341
3600	2431648
3601	2432824
3602	2434261
3603	2435453
3604	2435877
3605	2436378
3606	2437302
3607	2438293
3608	2439368
3609	2439856
3610	2441227
3611	2442696
3612	2442916
3613	2445821
3614	2446614
3615	2447216
3616	2448286
3617	2448626
3618	2449153
3619	2449532
3620	2449718
3621	2449974
3622	2451803
3623	2452061
3624	2453082
3625	2453244
3626	2453421
3627	2454643
3628	2455118
3629	2455482
3630	2457492
3631	2458907
3632	2459017
3633	2459032
3634	2459053
3635	2459318
3636	2459879
3637	2460020
3638	2460649
3639	2460707
3640	2461609
3641	2461835
3642	2462009
3643	2462618
3644	2462739
3645	2463872
3646	2465675
3647	2466601
3648	2468423
3649	2468695
3650	2469615
3651	2470808
3652	2472439
3653	2472508
3654	2473179
3655	2473389
3656	2473924
3657	2474600
3658	2474868
3659	2475854
3660	2476385
3661	2476581
3662	2477183
3663	2478543
3664	2478735
3665	2480190
3666	2480996
3667	2482193
3668	2482955
3669	2483081
3670	2483498
3671	2484294
3672	2485176
3673	2485503
3674	2487415
3675	2487888
3676	2488869
3677	2489826
3678	2490104
3679	2490141
3680	2492060
3681	2493223
3682	2493621
3683	2494023
3684	2494317
3685	2494753
3686	2494789
3687	2495068
3688	2495150
3689	2495745
3690	2498353
3691	2498534
3692	2498769
3693	2499450
3694	2500103
3695	2500381
3696	2500478
3697	2500700
3698	2501554
3699	2501751
3700	2504642
3701	2505098
3702	2505566
3703	2506304
3704	2506559
3705	2507656
3706	2508347
3707	2508727
3708	2508901
3709	2509388
3710	2509589
3711	2509902
3712	2511638
3713	2511643
3714	2513009
3715	2513442
3716	2514787
3717	2514804
3718	2514811
3719	2515369
3720	2516455
3721	2517856
3722	2517872
3723	2518402
3724	2518662
3725	2519598
3726	2520011
3727	2521490
3728	2522594
3729	2522698
3730	2523600
3731	2523888
3732	2525017
3733	2525084
3734	2525484
3735	2525636
3736	2526328
3737	2526344
3738	2528795
3739	2528960
3740	2529782
3741	2530697
3742	2531014
3743	2531548
3744	2531748
3745	2531749
3746	2531932
3747	2533503
3748	2533794
3749	2534995
3750	2536944
3751	2537024
3752	2542922
3753	2543415
3754	2543582
3755	2544406
3756	2544820
3757	2546671
3758	2547315
3759	2548188
3760	2548609
3761	2549384
3762	2549616
3763	2550433
3764	2552025
3765	2552651
3766	2553223
3767	2553541
3768	2553874
3769	2553954
3770	2555091
3771	2555378
3772	2557062
3773	2558219
3774	2558442
3775	2559026
3776	2560372
3777	2560500
3778	2560564
3779	2561201
3780	2561502
3781	2561829
3782	2561948
3783	2562074
3784	2562778
3785	2564813
3786	2564820
3787	2565400
3788	2567848
3789	2571551
3790	2571556
3791	2572380
3792	2572920
3793	2573471
3794	2574323
3795	2574333
3796	2574552
3797	2574558
3798	2574630
3799	2575198
3800	2575534
3801	2575715
3802	2575954
3803	2576417
3804	2579362
3805	2579863
3806	2583554
3807	2584528
3808	2584680
3809	2585093
3810	2586263
3811	2586320
3812	2586732
3813	2587378
3814	2587856
3815	2588210
3816	2588215
3817	2588746
3818	2588962
3819	2588975
3820	2589392
3821	2589523
3822	2589768
3823	2591492
3824	2592159
3825	2592175
3826	2592943
3827	2593287
3828	2593600
3829	2594286
3830	2594304
3831	2594380
3832	2594447
3833	2594463
3834	2594768
3835	2594858
3836	2595463
3837	2595527
3838	2596944
3839	2596974
3840	2598004
3841	2598603
3842	2599501
3843	2599661
3844	2600240
3845	2602983
3846	2603968
3847	2606120
3848	2606979
3849	2607867
3850	2607890
3851	2609214
3852	2610103
3853	2611572
3854	2611692
3855	2615897
3856	2617369
3857	2617378
3858	2617429
3859	2617444
3860	2617602
3861	2617648
3862	2617691
3863	2617721
3864	2617744
3865	2617797
3866	2618944
3867	2620197
3868	2620247
3869	2620553
3870	2620678
3871	2621187
3872	2622452
3873	2622775
3874	2623641
3875	2624112
3876	2624313
3877	2624574
3878	2625686
3879	2626724
3880	2627378
3881	2627436
3882	2627461
3883	2627950
3884	2629530
3885	2630226
3886	2631148
3887	2631151
3888	2631298
3889	2631531
3890	2632557
3891	2633465
3892	2633949
3893	2634618
3894	2636082
3895	2636711
3896	2638292
3897	2638534
3898	2638649
3899	2640013
3900	2640214
3901	2641828
3902	2644160
3903	2644853
3904	2646342
3905	2647838
3906	2648882
3907	2649335
3908	2649351
3909	2650483
3910	2650493
3911	2650914
3912	2651937
3913	2654690
3914	2654853
3915	2656028
3916	2656835
3917	2658217
3918	2658227
3919	2658815
3920	2659818
3921	2660269
3922	2660949
3923	2660953
3924	2661419
3925	2662570
3926	2664174
3927	2664368
3928	2665410
3929	2665469
3930	2666174
3931	2666859
3932	2667115
3933	2667305
3934	2668148
3935	2668189
3936	2669102
3937	2672487
3938	2672869
3939	2672944
3940	2673873
3941	2673922
3942	2674010
3943	2674123
3944	2674324
3945	2676324
3946	2676581
3947	2676914
3948	2677340
3949	2678046
3950	2678197
3951	2678320
3952	2678785
3953	2678959
3954	2680386
3955	2681942
3956	2682662
3957	2682885
3958	2683281
3959	2683597
3960	2683886
3961	2684361
3962	2685246
3963	2685247
3964	2685431
3965	2685438
3966	2685640
3967	2686195
3968	2686747
3969	2687160
3970	2687536
3971	2687571
3972	2689131
3973	2691263
3974	2691598
3975	2692699
3976	2693544
3977	2693988
3978	2694122
3979	2696184
3980	2696448
3981	2697689
3982	2698935
3983	2701574
3984	2701958
3985	2701985
3986	2702384
3987	2702720
3988	2702741
3989	2702941
3990	2703046
3991	2703047
3992	2703148
3993	2703461
3994	2705462
3995	2707085
3996	2709447
3997	2710004
3998	2710509
3999	2710566
4000	2711306
4001	2713505
4002	2714367
4003	2714566
4004	2714818
4005	2716054
4006	2717514
4007	2718890
4008	2719352
4009	2719436
4010	2720416
4011	2721773
4012	2722184
4013	2723652
4014	2724193
4015	2724645
4016	2725050
4017	2725085
4018	2725737
4019	2726530
4020	2726874
4021	2727046
4022	2730018
4023	2730214
4024	2731231
4025	2731543
4026	2732030
4027	2732191
4028	2732402
4029	2732597
4030	2735544
4031	2736698
4032	2737385
4033	2737394
4034	2737422
4035	2737439
4036	2737445
4037	2737448
4038	2737454
4039	2737457
4040	2737499
4041	2737514
4042	2737517
4043	2737526
4044	2737557
4045	2737595
4046	2737934
4047	2737949
4048	2738081
4049	2738135
4050	2738141
4051	2738147
4052	2738159
4053	2739076
4054	2739398
4055	2739955
4056	2742470
4057	2744343
4058	2745747
4059	2745945
4060	2745958
4061	2745973
4062	2746746
4063	2747203
4064	2748010
4065	2748574
4066	2749506
4067	2749992
4068	2751765
4069	2752764
4070	2753866
4071	2754313
4072	2755603
4073	2758410
4074	2760107
4075	2760930
4076	2761037
4077	2761473
4078	2762977
4079	2763369
4080	2764115
4081	2764183
4082	2764356
4083	2764931
4084	2765454
4085	2765464
4086	2766589
4087	2766616
4088	2767103
4089	2767219
4090	2767377
4091	2767415
4092	2769067
4093	2769891
4094	2770008
4095	2770418
4096	2770556
4097	2771196
4098	2772144
4099	2774861
4100	2774889
4101	2775241
4102	2775262
4103	2775425
4104	2775955
4105	2776434
4106	2776650
4107	2777042
4108	2777155
4109	2777182
4110	2777203
4111	2777209
4112	2777217
4113	2777335
4114	2777462
4115	2777644
4116	2777648
4117	2777665
4118	2777950
4119	2780285
4120	2781150
4121	2781309
4122	2783780
4123	2784819
4124	2785862
4125	2786444
4126	2787953
4127	2788085
4128	2788097
4129	2788712
4130	2789346
4131	2789480
4132	2789985
4133	2790273
4134	2791001
4135	2791002
4136	2792982
4137	2795601
4138	2797493
4139	2798802
4140	2799147
4141	2799388
4142	2800185
4143	2802498
4144	2803412
4145	2803429
4146	2803539
4147	2804143
4148	2804829
4149	2804840
4150	2805143
4151	2806176
4152	2806357
4153	2808418
4154	2810344
4155	2811156
4156	2811166
4157	2811170
4158	2811262
4159	2811491
4160	2811692
4161	2812582
4162	2812653
4163	2813623
4164	2815072
4165	2815251
4166	2815907
4167	2816097
4168	2816325
4169	2816807
4170	2816825
4171	2816906
4172	2817941
4173	2817944
4174	2818035
4175	2818707
4176	2819341
4177	2819510
4178	2820105
4179	2821919
4180	2822078
4181	2822387
4182	2822623
4183	2823320
4184	2825315
4185	2825532
4186	2826003
4187	2826670
4188	2827582
4189	2827637
4190	2827687
4191	2831430
4192	2832020
4193	2832167
