1	125
2	1820
3	2029
4	2488
5	3349
6	4407
7	4529
8	4603
9	13141
10	14848
11	16512
12	24834
13	26291
14	27992
15	29951
16	30998
17	31744
18	34856
19	34995
20	35246
21	35643
22	36911
23	36977
24	37900
25	38649
26	40393
27	41025
28	41611
29	42106
30	43116
31	47972
32	48938
33	50303
34	51261
35	52139
36	54443
37	54958
38	55764
39	57864
40	58039
41	59393
42	61841
43	64729
44	64897
45	67529
46	68030
47	68957
48	69650
49	70098
50	72018
51	72265
52	79835
53	83646
54	90538
55	90619
56	90634
57	90856
58	91000
59	91468
60	94853
61	95281
62	96431
63	97085
64	103827
65	105694
66	106187
67	109572
68	110560
69	110703
70	110752
71	110991
72	111010
73	111028
74	111030
75	111035
76	111087
77	111170
78	111281
79	112734
80	113000
81	113032
82	114807
83	118208
84	123948
85	124173
86	130665
87	131321
88	134476
89	136584
90	136804
91	137192
92	155859
93	157793
94	159346
95	159855
96	163682
97	163750
98	163997
99	164297
100	165503
101	168586
102	170488
103	174054
104	174840
105	175352
106	177853
107	179268
108	179858
109	180161
110	185256
111	187299
112	188145
113	190529
114	191079
115	191147
116	192424
117	193391
118	194808
119	197045
120	198077
121	198420
122	199314
123	200947
124	203356
125	203874
126	204216
127	204255
128	209041
129	209082
130	211971
131	213293
132	218416
133	218718
134	218852
135	220877
136	220950
137	221763
138	221955
139	222794
140	224370
141	224619
142	225467
143	225634
144	228075
145	232103
146	232427
147	233259
148	235008
149	235545
150	235547
151	235549
152	235922
153	236630
154	237092
155	240213
156	246268
157	247101
158	248070
159	250244
160	251286
161	257443
162	259530
163	261912
164	262017
165	268988
166	272887
167	274010
168	274100
169	276404
170	277133
171	279626
172	280507
173	282283
174	289411
175	290015
176	290714
177	290795
178	292672
179	293361
180	293871
181	294656
182	295585
183	300721
184	305359
185	306174
186	309572
187	310524
188	310670
189	311641
190	312821
191	314077
192	319828
193	321553
194	323058
195	328763
196	328911
197	330162
198	331809
199	335891
200	336293
201	336546
202	337928
203	338709
204	338819
205	339874
206	340030
207	340064
208	340237
209	341999
210	342161
211	342386
212	345344
213	346800
214	348865
215	351276
216	351607
217	352323
218	354469
219	354479
220	356828
221	357629
222	357845
223	357846
224	358913
225	359870
226	360821
227	360823
228	361381
229	361405
230	361594
231	361655
232	361657
233	362669
234	364162
235	364581
236	365900
237	366323
238	366428
239	366436
240	366607
241	366745
242	370484
243	371367
244	373167
245	373829
246	375695
247	375919
248	376906
249	377267
250	380574
251	380617
252	383722
253	385707
254	388758
255	391385
256	393083
257	394765
258	396807
259	397382
260	401130
261	403254
262	403286
263	404303
264	405042
265	405210
266	405240
267	417571
268	417726
269	423633
270	425340
271	425734
272	426081
273	432142
274	434719
275	434856
276	435672
277	436417
278	437694
279	438983
280	443074
281	446686
282	447548
283	447722
284	448146
285	449694
286	450844
287	451355
288	454328
289	455633
290	455943
291	457496
292	460185
293	460428
294	460539
295	460917
296	461192
297	461289
298	463107
299	465707
300	466312
301	466423
302	466626
303	467645
304	474179
305	474962
306	476955
307	477522
308	478089
309	479047
310	480034
311	484794
312	486063
313	486863
314	488888
315	490567
316	494268
317	498635
318	500071
319	500937
320	502536
321	504086
322	504287
323	504332
324	505696
325	506530
326	506566
327	506615
328	506618
329	506829
330	507097
331	509046
332	509363
333	516071
334	519214
335	519939
336	519970
337	520182
338	520809
339	522947
340	525737
341	527239
342	528162
343	528173
344	528421
345	529269
346	529742
347	530372
348	531429
349	532423
350	533537
351	534640
352	534649
353	535115
354	535714
355	536765
356	537066
357	538377
358	538995
359	539749
360	539923
361	541570
362	541581
363	542472
364	542883
365	542884
366	543511
367	543779
368	549323
369	549332
370	549335
371	549455
372	549458
373	549461
374	550092
375	550503
376	553245
377	556140
378	556335
379	558175
380	561347
381	563639
382	566410
383	568744
384	572560
385	573070
386	579698
387	583420
388	584901
389	587705
390	588086
391	588635
392	591156
393	591682
394	593463
395	594743
396	596061
397	598832
398	599318
399	600133
400	600246
401	602064
402	602975
403	603181
404	609666
405	611046
406	611720
407	611977
408	613378
409	616341
410	616766
411	619118
412	619445
413	620360
414	620897
415	621749
416	624099
417	624389
418	625700
419	627097
420	629665
421	630418
422	630815
423	631159
424	639857
425	645775
426	647890
427	648299
428	649557
429	651045
430	653315
431	656994
432	657938
433	661477
434	661712
435	664615
436	665021
437	665727
438	666600
439	668071
440	673888
441	674157
442	674943
443	675819
444	678758
445	682083
446	682671
447	689637
448	689861
449	689862
450	690567
451	691334
452	691549
453	691615
454	692529
455	697664
456	702539
457	704434
458	704660
459	705926
460	706335
461	706410
462	710600
463	710710
464	710776
465	711034
466	712988
467	713085
468	714964
469	717608
470	719118
471	720558
472	722268
473	723145
474	723443
475	724754
476	725267
477	726051
478	726573
479	726833
480	727126
481	728772
482	730696
483	731502
484	734842
485	735649
486	737639
487	737831
488	740840
489	744110
490	745344
491	745413
492	746352
493	747616
494	748111
495	748380
496	754157
497	756074
498	756415
499	760451
500	760684
501	761979
502	762225
503	763001
504	764409
505	764784
506	765676
507	767224
508	771798
509	772934
510	773195
511	774434
512	777937
513	779410
514	779625
515	780343
516	780851
517	787309
518	788693
519	791114
520	792673
521	793869
522	793949
523	794134
524	794136
525	794172
526	794188
527	794190
528	794747
529	796138
530	796440
531	797462
532	799417
533	799582
534	800231
535	801411
536	804410
537	810683
538	811716
539	815126
540	816136
541	816146
542	819054
543	821917
544	822744
545	822880
546	825264
547	825568
548	826257
549	828781
550	832549
551	841170
552	842122
553	843020
554	843332
555	843463
556	845438
557	845792
558	846748
559	847699
560	847702
561	848095
562	849707
563	850727
564	852492
565	854176
566	855592
567	861769
568	862678
569	865113
570	869630
571	870606
572	870806
573	870912
574	872053
575	872544
576	872763
577	875308
578	875321
579	877028
580	881593
581	887800
582	888835
583	889726
584	894777
585	897842
586	897851
587	898005
588	898217
589	899827
590	899901
591	899963
592	900127
593	905285
594	905488
595	905533
596	906715
597	909064
598	909517
599	911351
600	911631
601	911808
602	913210
603	915648
604	915698
605	916202
606	919481
607	920851
608	925179
609	925822
610	927220
611	929022
612	929149
613	930158
614	930295
615	930660
616	930827
617	931067
618	931109
619	933842
620	935753
621	935981
622	942024
623	946739
624	948780
625	952360
626	957460
627	957596
628	958009
629	960306
630	961446
631	962176
632	965971
633	966689
634	967831
635	968744
636	969979
637	977695
638	991188
639	992050
640	992938
641	993159
642	995630
643	996100
644	998166
645	998223
646	999925
647	1000789
648	1005445
649	1006362
650	1014975
651	1016229
652	1018112
653	1018553
654	1019468
655	1020990
656	1021863
657	1022200
658	1022999
659	1025745
660	1026691
661	1027140
662	1027306
663	1028181
664	1028612
665	1029311
666	1032258
667	1033386
668	1034582
669	1035267
670	1035277
671	1037062
672	1037267
673	1037669
674	1039861
675	1040601
676	1042354
677	1043631
678	1043675
679	1044814
680	1045354
681	1045363
682	1045464
683	1046664
684	1046747
685	1053598
686	1054556
687	1054559
688	1054563
689	1054568
690	1055663
691	1056457
692	1057660
693	1063695
694	1064297
695	1067499
696	1069388
697	1070662
698	1070789
699	1072440
700	1073261
701	1076895
702	1077708
703	1079022
704	1079027
705	1079030
706	1079048
707	1079049
708	1079304
709	1079822
710	1079903
711	1082327
712	1084903
713	1084958
714	1088207
715	1089051
716	1090307
717	1090687
718	1094138
719	1095333
720	1095436
721	1095962
722	1096393
723	1100381
724	1102831
725	1103396
726	1103747
727	1104660
728	1104947
729	1106523
730	1107248
731	1109919
732	1111887
733	1114227
734	1115853
735	1117647
736	1118484
737	1120101
738	1123278
739	1123643
740	1126792
741	1131207
742	1132395
743	1133271
744	1134141
745	1134992
746	1135049
747	1135258
748	1137919
749	1139665
750	1140686
751	1140746
752	1142898
753	1143025
754	1143692
755	1146505
756	1153474
757	1156390
758	1161174
759	1161601
760	1161607
761	1161813
762	1161968
763	1162009
764	1164697
765	1165496
766	1165504
767	1167079
768	1167592
769	1169283
770	1169925
771	1170564
772	1174668
773	1175134
774	1178579
775	1180878
776	1181206
777	1182379
778	1182890
779	1184228
780	1186943
781	1187883
782	1190406
783	1193824
784	1194647
785	1196311
786	1197778
787	1198544
788	1200923
789	1202082
790	1202093
791	1203322
792	1205119
793	1206909
794	1208375
795	1210275
796	1212397
797	1212801
798	1214806
799	1216969
800	1218637
801	1218643
802	1218887
803	1219459
804	1220487
805	1221170
806	1225657
807	1227766
808	1228050
809	1229020
810	1234943
811	1237888
812	1242385
813	1244405
814	1245314
815	1246399
816	1252964
817	1253952
818	1256008
819	1257707
820	1257776
821	1260052
822	1261982
823	1264120
824	1267308
825	1268317
826	1271362
827	1272158
828	1274083
829	1277073
830	1279115
831	1279764
832	1281779
833	1283194
834	1287188
835	1288205
836	1289242
837	1289859
838	1289943
839	1293607
840	1297243
841	1297507
842	1298120
843	1302186
844	1304748
845	1305362
846	1306091
847	1306765
848	1309622
849	1310076
850	1310157
851	1310611
852	1311321
853	1311365
854	1311645
855	1315889
856	1316765
857	1317209
858	1317315
859	1317941
860	1318701
861	1320127
862	1320169
863	1320258
864	1321277
865	1323042
866	1323339
867	1325167
868	1328936
869	1330992
870	1331949
871	1333373
872	1335402
873	1336230
874	1337377
875	1338212
876	1340075
877	1342069
878	1346045
879	1351191
880	1354082
881	1355437
882	1357947
883	1360453
884	1361525
885	1361976
886	1362470
887	1362577
888	1365432
889	1366058
890	1367375
891	1372229
892	1374646
893	1377789
894	1381578
895	1386560
896	1388305
897	1391361
898	1394975
899	1395373
900	1396956
901	1397339
902	1400362
903	1400793
904	1404206
905	1405765
906	1405998
907	1406032
908	1406190
909	1406678
910	1407020
911	1407406
912	1409002
913	1410560
914	1410754
915	1411418
916	1412144
917	1412350
918	1412860
919	1412887
920	1413284
921	1413970
922	1420282
923	1421259
924	1425977
925	1427418
926	1427718
927	1428141
928	1428274
929	1428842
930	1431421
931	1438177
932	1438342
933	1444202
934	1444240
935	1446642
936	1449227
937	1450012
938	1451161
939	1452700
940	1454111
941	1456538
942	1465428
943	1465479
944	1466988
945	1467708
946	1468128
947	1469371
948	1473847
949	1474451
950	1475038
951	1475640
952	1484018
953	1485099
954	1488101
955	1490182
956	1494678
957	1495182
958	1498327
959	1499364
960	1499826
961	1500427
962	1500742
963	1502317
964	1502587
965	1502933
966	1504968
967	1505157
968	1510069
969	1511180
970	1512258
971	1513562
972	1519986
973	1520436
974	1520450
975	1521091
976	1522200
977	1523255
978	1523633
979	1525821
980	1527948
981	1528595
982	1528640
983	1529584
984	1532665
985	1532963
986	1533980
987	1535173
988	1536624
989	1537218
990	1537642
991	1539431
992	1544512
993	1544917
994	1545546
995	1547268
996	1547954
997	1552344
998	1552575
999	1552581
1000	1552586
1001	1552593
1002	1552638
1003	1552646
1004	1552898
1005	1552912
1006	1553438
1007	1553919
1008	1554447
1009	1558161
1010	1560425
1011	1561571
1012	1564361
1013	1566553
1014	1567257
1015	1568012
1016	1568552
1017	1571432
1018	1572861
1019	1574271
1020	1575733
1021	1575874
1022	1576489
1023	1576548
1024	1576683
1025	1577115
1026	1578529
1027	1580081
1028	1580845
1029	1580947
1030	1581114
1031	1581152
1032	1581529
1033	1582808
1034	1583730
1035	1584892
1036	1584938
1037	1585748
1038	1593480
1039	1593509
1040	1593861
1041	1595063
1042	1596106
1043	1596429
1044	1596987
1045	1598422
1046	1598434
1047	1598482
1048	1598485
1049	1598501
1050	1598510
1051	1598516
1052	1598528
1053	1598551
1054	1598556
1055	1598639
1056	1598648
1057	1598994
1058	1599222
1059	1599636
1060	1599831
1061	1599937
1062	1600018
1063	1600029
1064	1600587
1065	1600588
1066	1601638
1067	1603407
1068	1605215
1069	1605681
1070	1605738
1071	1605829
1072	1605922
1073	1605930
1074	1606087
1075	1606462
1076	1606468
1077	1606478
1078	1606576
1079	1606577
1080	1617162
1081	1623680
1082	1626377
1083	1627681
1084	1627811
1085	1629801
1086	1629802
1087	1631029
1088	1631143
1089	1637089
1090	1638255
1091	1641488
1092	1642219
1093	1643240
1094	1643501
1095	1643939
1096	1646970
1097	1647538
1098	1648574
1099	1649821
1100	1650493
1101	1652966
1102	1653992
1103	1654376
1104	1656827
1105	1657006
1106	1657396
1107	1659875
1108	1664283
1109	1666143
1110	1666793
1111	1669402
1112	1669616
1113	1669924
1114	1670016
1115	1672185
1116	1674064
1117	1674199
1118	1679865
1119	1680857
1120	1680967
1121	1681739
1122	1682712
1123	1684225
1124	1685164
1125	1689235
1126	1689484
1127	1695297
1128	1696116
1129	1696624
1130	1697722
1131	1698345
1132	1698799
1133	1699655
1134	1701965
1135	1703501
1136	1713197
1137	1715500
1138	1716920
1139	1719018
1140	1719090
1141	1721276
1142	1727459
1143	1732674
1144	1734379
1145	1734993
1146	1735221
1147	1735474
1148	1737095
1149	1738114
1150	1738127
1151	1738157
1152	1738937
