1	225
2	234
3	235
4	246
5	946
6	1023
7	1453
8	1499
9	1551
10	1589
11	1731
12	1859
13	1984
14	2053
15	2192
16	4457
17	4498
18	5103
19	5178
20	5315
21	7355
22	7418
23	8140
24	8327
25	8362
26	8364
27	9836
28	11004
29	12815
30	12855
31	13771
32	15005
33	16180
34	16205
35	16252
36	16271
37	16276
38	16576
39	19243
40	22296
41	23032
42	23690
43	24681
44	25188
45	25856
46	25990
47	26290
48	26859
49	26943
50	27580
51	28814
52	28817
53	28818
54	28823
55	30332
56	31812
57	32819
58	35541
59	37201
60	38983
61	38996
62	39746
63	40075
64	40158
65	41834
66	43623
67	44511
68	44784
69	47221
70	50297
71	53121
72	56724
73	59955
74	59985
75	59987
76	60019
77	62146
78	62417
79	62489
80	62701
81	65468
82	66486
83	66696
84	69096
85	70210
86	72305
87	72665
88	73810
89	73861
90	74181
91	74910
92	75076
93	75356
94	76293
95	76822
96	78256
97	80159
98	80473
99	80601
100	81158
101	83748
102	83892
103	85552
104	86465
105	90099
106	90103
107	90646
108	91982
109	93101
110	94399
111	94415
112	95935
113	96206
114	97273
115	98253
116	99290
117	100330
118	100730
119	101704
120	101887
121	103329
122	104501
123	104715
124	105678
125	107324
126	108040
127	108185
128	108415
129	112049
130	115614
131	115725
132	117153
133	117156
134	117771
135	118503
136	121012
137	122722
138	123120
139	124219
140	125440
141	127012
142	127916
143	128318
144	131258
145	131578
146	132020
147	132306
148	132445
149	132568
150	132767
151	132823
152	132929
153	133405
154	133986
155	134006
156	134171
157	134414
158	134585
159	134589
160	134627
161	135132
162	135685
163	136721
164	137383
165	138059
166	138175
167	138858
168	141484
169	142207
170	143657
171	144424
172	147531
173	148400
174	149368
175	150342
176	150454
177	150538
178	150539
179	150653
180	151560
181	153663
182	153874
183	155120
184	155740
185	157115
186	159005
187	159749
188	160966
189	161307
190	161517
191	166472
192	167049
193	167124
194	167320
195	168310
196	168538
197	169033
198	170952
199	171746
200	172754
201	173155
202	173721
203	174801
204	175292
205	175652
206	175757
207	177928
208	179704
209	180008
210	180021
211	183393
212	184283
213	185222
214	185640
215	186609
216	187362
217	188925
218	189448
219	191524
220	192119
221	192326
222	192809
223	193509
224	193742
225	194036
226	194061
227	197165
228	197311
229	197765
230	198352
231	199171
232	199879
233	199938
234	200177
235	200472
236	200517
237	209519
238	211312
239	211479
240	211582
241	212652
242	213169
243	216435
244	216613
245	216769
246	217173
247	217200
248	219409
249	220687
250	220881
251	222042
252	223457
253	223788
254	224080
255	224204
256	228082
257	230779
258	231204
259	233894
260	234814
261	235623
262	238937
263	240460
264	240765
265	241812
266	242151
267	242361
268	242494
269	242730
270	243439
271	244183
272	244185
273	245343
274	245522
275	245691
276	246092
277	246147
278	247330
279	248159
280	248805
281	249118
282	249353
283	249762
284	249897
285	250535
286	250609
287	250642
288	251823
289	252119
290	252886
291	255995
292	256222
293	256271
294	257071
295	257074
296	257347
297	257504
298	259210
299	259662
300	260538
301	260930
302	260949
303	261024
304	261027
305	261833
306	262178
307	263604
308	264127
309	264399
310	264729
311	265040
312	266464
313	269846
314	271854
315	271885
316	272066
317	272106
318	272217
319	272323
320	272490
321	272748
322	272808
323	272889
324	273107
325	273192
326	274356
327	275740
328	276655
329	278737
330	280501
331	281867
332	282135
333	282781
334	283274
335	283476
336	284355
337	284967
338	285341
339	286922
340	287395
341	288599
342	288742
343	289878
344	289943
345	290112
346	290508
347	290638
348	291028
349	291150
350	291970
351	292104
352	292305
353	294287
354	294631
355	295180
356	295589
357	295780
358	296708
359	296714
360	297454
361	297635
362	298817
363	298895
364	300282
365	300347
366	300452
367	300774
368	301192
369	301496
370	301594
371	303177
372	303236
373	303534
374	303542
375	305902
376	306135
377	307151
378	307502
379	308568
380	308570
381	308722
382	310860
383	311772
384	311782
385	313614
386	314041
387	314650
388	316520
389	317316
390	318491
391	318586
392	318639
393	318923
394	319029
395	320411
396	320471
397	321603
398	322816
399	322818
400	322819
401	323313
402	323682
403	324194
404	324458
405	325403
406	325506
407	325820
408	326187
409	326196
410	326921
411	327022
412	327056
413	328897
414	329719
415	330437
416	331400
417	331591
418	332363
419	333728
420	334100
421	334661
422	335047
423	335991
424	336849
425	338969
426	338980
427	341323
428	341941
429	342178
430	346037
431	346532
432	346894
433	347855
434	347893
435	351447
436	351564
437	351898
438	351920
439	351923
440	352348
441	355153
442	356364
443	356514
444	357374
445	357441
446	357492
447	357653
448	360492
449	360522
450	360548
451	360657
452	360664
453	360668
454	360782
455	360912
456	360913
457	361178
458	362543
459	362583
460	363318
461	364097
462	364280
463	365475
464	366082
465	366390
466	366443
467	366532
468	367785
469	369318
470	369343
471	369558
472	372081
473	372310
474	373256
475	374826
476	376372
477	376560
478	376616
479	376894
480	377364
481	378330
482	379183
483	379308
484	380348
485	380668
486	381194
487	381210
488	381427
489	381691
490	382011
491	382129
492	382295
493	382313
494	382471
495	382862
496	382937
497	383047
498	384874
499	384906
500	385788
501	387156
502	387715
503	388265
504	388963
505	390137
506	390172
507	392869
508	392970
509	393951
510	394351
511	396061
512	396288
513	396426
514	396609
515	396650
516	396724
517	396752
518	397436
519	397513
520	397526
521	397671
522	398213
523	398424
524	399375
525	399465
526	400200
527	400479
528	402828
529	406478
530	406902
531	407015
532	407399
533	408843
534	409337
535	409348
536	411147
537	411879
538	411902
539	412309
540	412815
541	412864
542	412991
543	413108
544	413370
545	413724
546	414978
547	414992
548	415053
549	415471
550	415493
551	416844
552	419578
553	420522
554	420536
555	422137
556	422168
557	422184
558	422470
559	422514
560	424375
561	424534
562	425983
563	426264
564	426287
565	426775
566	426998
567	427655
568	427684
569	428430
570	428621
571	429783
572	429829
573	431689
574	432500
575	432916
576	433184
577	433232
578	433576
579	434575
580	436056
581	436489
582	436952
583	439451
584	440927
585	441053
586	441438
587	442485
588	442491
589	442533
590	442656
591	443478
592	444524
593	445827
594	446493
595	447520
596	447526
597	447602
598	448947
599	448987
600	449378
601	450829
602	451025
603	451329
604	452225
605	453018
606	453155
607	453635
608	454013
609	454495
610	455827
611	456077
612	456397
613	457516
614	457576
615	457690
616	457936
617	458143
618	458180
619	458442
620	458572
621	458987
622	460987
623	461185
624	461464
625	462103
626	462248
627	462783
628	463471
629	464291
630	464699
631	464716
632	465189
633	466374
634	466604
635	467852
636	468189
637	468298
638	469045
639	469171
640	469684
641	470090
642	470143
643	471410
644	472376
645	473522
646	473945
647	474134
648	475075
649	475434
650	476033
651	476199
652	476308
653	478227
654	478728
655	480007
656	480436
657	482533
658	483618
659	483643
660	483857
661	484284
662	484416
663	484785
664	485997
665	486046
666	487724
667	487771
668	488350
669	489336
670	490694
671	490748
672	492892
673	492966
674	493529
675	494175
676	494297
677	494734
678	495190
679	495222
680	495289
681	495777
682	496220
683	496595
684	497027
685	497081
686	497106
687	500027
688	501024
689	501213
690	504277
691	504432
692	504716
693	505258
694	505796
695	505953
696	506022
697	506311
698	507902
699	507930
700	508662
701	509122
702	509253
703	509802
704	512151
705	512245
706	512314
707	513064
708	514378
709	514432
710	515807
711	517414
712	518128
713	518227
714	518396
715	520711
716	520832
717	520850
718	520856
719	521344
720	521605
721	521763
722	522271
723	522557
724	522796
725	523175
726	523787
727	525047
728	526867
729	526902
730	527512
731	528583
732	529190
733	531095
734	531161
735	531221
736	531383
737	531423
738	531477
739	531515
740	531518
741	531567
742	531636
743	531719
744	531749
745	531956
746	532005
747	532049
748	532080
749	532092
750	532251
751	532572
752	532589
753	532704
754	532738
755	532766
756	532802
757	532811
758	532847
759	533000
760	533084
761	533188
762	533290
763	533297
764	533915
765	534030
766	534067
767	534295
768	534302
769	534391
770	534394
771	534419
772	534590
773	534618
774	534657
775	534809
776	534885
777	534927
778	534966
779	535068
780	535122
781	535166
782	535167
783	535281
784	535293
785	535338
786	535399
787	535413
788	535651
789	535797
790	537263
791	537316
792	537447
793	538265
794	539462
795	541015
796	542119
797	543794
798	545900
799	546469
800	546480
801	546562
802	546617
803	547388
804	548109
805	548708
806	550335
807	551452
808	551498
809	553230
810	554446
811	556010
812	557925
813	558345
814	558918
815	560344
816	561867
817	561877
818	562154
819	562296
820	562669
821	562848
822	563879
823	564257
824	569846
825	571564
826	572544
827	572938
828	574330
829	574479
830	574583
831	574975
832	575297
833	575382
834	575546
835	575591
836	575630
837	575699
838	575739
839	576011
840	576212
841	576319
842	576731
843	577055
844	578471
845	578552
846	578607
847	578619
848	578632
849	578679
850	579116
851	579174
852	579561
853	579608
854	580005
855	580122
856	580473
857	580681
858	580743
859	580876
860	580937
861	583290
862	584018
863	584226
864	584343
865	585546
866	586417
867	586675
868	587481
869	587513
870	588513
871	588691
872	588749
873	589066
874	589196
875	589276
876	589323
877	589787
878	590056
879	590548
880	590671
881	590708
882	590828
883	590871
884	591371
885	591604
886	592412
887	593007
888	593354
889	593600
890	593638
891	593798
892	594033
893	594161
894	594192
895	594283
896	594766
897	594993
898	595083
899	595484
900	595722
901	595726
902	595732
903	596123
904	596867
905	597072
906	597165
907	597404
908	597498
909	598241
910	598353
911	598624
912	598627
913	599016
914	599342
915	599503
916	599531
917	601167
918	602032
919	607065
920	607585
921	607967
922	610951
923	614453
924	614682
925	615329
926	615461
927	617028
928	619067
929	620050
930	620130
931	620244
932	620735
933	620916
934	621706
935	621817
936	631359
937	632068
938	632723
939	633224
940	634077
941	634160
942	635236
943	636438
944	636660
945	636905
946	637186
947	637443
948	637864
949	637917
950	638529
951	638826
952	638858
953	639673
954	640540
955	641404
956	641514
957	642908
958	643064
959	643244
960	644758
961	644833
962	645467
963	645764
964	645768
965	645873
966	646538
967	646893
968	648828
969	648909
970	650287
971	650656
972	650657
973	651001
974	653662
975	655471
976	657505
977	658054
978	659398
979	659492
980	660267
981	662032
982	664205
983	666735
984	667570
985	667765
986	667895
987	668412
988	668685
989	669191
990	670185
991	670252
992	672189
993	673277
994	673651
995	674139
996	674261
997	674403
998	674521
999	675555
1000	675652
1001	675667
1002	676002
1003	676435
1004	676548
1005	676597
1006	676751
1007	676826
1008	677241
1009	677269
1010	677331
1011	677334
1012	677488
1013	677893
1014	678073
1015	678434
1016	678614
1017	679190
1018	680285
1019	681880
1020	682644
1021	682916
1022	684354
1023	687185
1024	687820
1025	688989
1026	688990
1027	689969
1028	690175
1029	690882
1030	691280
1031	691340
1032	692576
1033	693356
1034	693438
1035	694039
1036	694990
1037	695041
1038	695234
1039	697397
1040	699249
1041	700260
1042	701180
1043	701462
1044	702012
1045	702529
1046	703082
1047	704759
1048	705503
1049	708722
1050	709349
1051	710080
1052	710658
1053	711432
1054	711593
1055	712010
1056	712487
1057	712774
1058	713179
1059	714386
1060	715964
1061	717335
1062	718761
1063	718864
1064	719802
1065	720430
1066	720966
1067	721111
1068	721470
1069	722124
1070	722801
1071	722818
1072	723536
1073	724051
1074	724622
1075	724652
1076	724951
1077	725385
1078	725911
1079	726077
1080	726400
1081	728101
1082	728606
1083	728830
1084	729807
1085	730607
1086	730686
1087	731590
1088	731596
1089	732699
1090	732742
1091	733320
1092	733915
1093	734657
1094	735177
1095	735891
1096	735999
1097	736273
1098	736875
1099	737191
1100	738434
1101	739674
1102	740043
1103	740400
1104	741135
1105	743552
1106	743569
1107	744272
1108	744468
1109	744604
1110	744706
1111	746605
1112	747682
1113	748874
1114	750496
1115	751512
1116	751686
1117	752301
1118	752470
1119	753490
1120	753858
1121	754743
1122	754827
1123	755561
1124	757443
1125	757593
1126	757603
1127	757883
1128	758665
1129	760045
1130	760133
1131	760676
1132	761476
1133	763595
1134	764122
1135	764136
1136	764221
1137	764222
1138	766135
1139	768588
1140	768715
1141	770285
1142	770588
1143	772233
1144	772261
1145	772877
1146	773157
1147	775254
1148	776725
1149	776906
1150	777416
1151	780324
1152	781044
1153	781491
1154	781533
1155	782234
1156	783814
1157	784930
1158	785415
1159	788380
1160	789072
1161	789645
1162	789703
1163	790352
1164	790959
1165	791307
1166	791315
1167	791556
1168	791572
1169	791892
1170	791972
1171	794412
1172	795063
1173	796171
1174	796367
1175	796374
1176	801020
1177	801042
1178	801338
1179	801733
1180	802583
1181	803477
1182	804637
1183	804642
1184	804717
1185	804860
1186	805789
1187	806145
1188	806402
1189	806455
1190	806962
1191	807162
1192	812165
1193	812167
1194	812189
1195	812786
1196	813441
1197	813476
1198	814015
1199	814184
1200	814224
1201	815107
1202	816050
1203	816203
1204	816542
1205	817066
1206	817723
1207	817962
1208	819495
1209	821780
1210	821862
1211	821930
1212	822115
1213	823265
1214	823449
1215	824321
1216	827312
1217	827857
1218	828232
1219	828584
1220	829537
1221	832418
1222	832646
1223	832862
1224	834099
1225	835876
1226	836013
1227	836304
1228	838540
1229	838937
1230	839339
1231	839437
1232	839474
1233	839533
1234	839543
1235	840414
1236	840613
1237	843228
1238	844957
1239	846086
1240	846087
1241	847646
1242	847716
1243	848375
1244	848861
1245	849047
1246	849367
1247	850278
1248	852022
1249	854753
1250	855896
1251	856949
1252	857084
1253	857191
1254	860072
1255	861030
1256	861859
1257	862130
1258	862236
1259	863469
1260	863518
1261	864144
1262	865134
1263	865513
1264	865705
1265	866668
1266	866736
1267	866980
1268	868675
1269	868797
1270	870442
1271	870566
1272	870738
1273	870845
1274	872760
1275	873031
1276	873318
1277	874537
1278	874869
1279	875506
1280	875851
1281	875926
1282	876604
1283	876796
1284	877320
1285	878807
1286	879845
1287	880116
1288	882507
1289	883382
1290	884080
1291	884613
1292	884905
1293	885584
1294	887122
1295	887293
1296	887298
1297	888990
1298	889131
1299	889206
1300	895571
1301	895659
1302	899421
1303	901986
1304	903444
1305	903665
1306	903669
1307	904561
1308	906592
1309	908780
1310	909266
1311	909430
1312	909581
1313	909598
1314	909600
1315	909642
1316	909684
1317	909696
1318	909697
1319	914433
1320	916290
1321	917815
1322	918122
1323	921007
1324	921584
1325	921817
1326	922904
1327	923212
1328	923500
1329	925401
1330	928646
1331	928662
1332	930155
1333	930932
1334	931670
1335	933384
1336	934042
1337	934205
1338	935938
1339	937832
1340	938164
1341	938185
1342	938659
1343	939505
1344	940188
1345	941315
1346	941592
1347	942061
1348	942425
1349	942641
1350	943334
1351	943731
1352	946083
1353	948418
1354	949319
1355	950356
1356	951376
1357	951722
1358	951852
1359	952179
1360	952825
1361	954451
1362	955809
1363	955938
1364	956190
1365	957900
1366	957993
1367	958227
1368	958404
1369	959047
1370	959424
1371	959654
1372	959989
1373	962397
1374	963139
1375	964980
1376	964997
1377	965003
1378	965162
1379	965225
1380	965228
1381	965233
1382	966195
1383	967282
1384	967482
1385	969586
1386	969651
1387	970262
1388	970477
1389	971199
1390	971546
1391	973935
1392	974035
1393	975251
1394	975677
1395	975678
1396	975939
1397	976020
1398	976028
1399	977640
1400	979501
1401	979530
1402	980281
1403	981667
1404	982695
1405	982778
1406	982879
1407	983049
1408	983146
1409	984679
1410	985000
1411	985258
1412	986099
1413	986510
1414	986617
1415	986731
1416	987054
1417	987292
1418	988241
1419	988364
1420	989117
1421	990323
1422	991304
1423	991528
1424	992231
1425	992594
1426	994533
1427	994854
1428	994901
1429	995065
1430	996504
1431	998902
1432	1000599
1433	1001135
1434	1001693
1435	1002017
1436	1003546
1437	1003902
1438	1004228
1439	1004302
1440	1006454
1441	1006875
1442	1007193
1443	1007323
1444	1007472
1445	1007993
1446	1008782
1447	1009607
1448	1010558
1449	1011303
1450	1011783
1451	1012395
1452	1012710
1453	1013518
1454	1013679
1455	1014098
1456	1014581
1457	1014896
1458	1014976
1459	1015828
1460	1016180
1461	1017588
1462	1019543
1463	1019861
1464	1020353
1465	1022870
1466	1023081
1467	1024247
1468	1025261
1469	1026208
1470	1026373
1471	1026592
1472	1026616
1473	1026617
1474	1026621
1475	1026625
1476	1026776
1477	1026777
1478	1027075
1479	1027077
1480	1027201
1481	1027230
1482	1027395
1483	1027404
1484	1027547
1485	1028301
1486	1028608
1487	1028617
1488	1028739
1489	1029351
1490	1030292
1491	1030931
1492	1031000
1493	1032835
1494	1035122
1495	1035215
1496	1035219
1497	1035250
1498	1035444
1499	1036220
1500	1037175
1501	1037248
1502	1037273
1503	1037394
1504	1037641
1505	1037943
1506	1038306
1507	1038344
1508	1038415
1509	1038448
1510	1038732
1511	1039198
1512	1040266
1513	1041039
1514	1041106
1515	1041113
1516	1041625
1517	1042094
1518	1042227
1519	1042714
1520	1043504
1521	1043533
1522	1047268
1523	1048282
1524	1049677
1525	1050275
1526	1050680
1527	1050683
1528	1051086
1529	1051607
1530	1054140
1531	1055097
1532	1055457
1533	1056497
1534	1057129
1535	1057292
1536	1057564
1537	1058720
1538	1059604
1539	1060303
1540	1060961
1541	1061207
1542	1061869
1543	1062670
1544	1064003
1545	1065322
1546	1065348
1547	1065358
1548	1065517
1549	1065720
1550	1065759
1551	1065819
1552	1066027
1553	1066389
1554	1066797
1555	1066858
1556	1067419
1557	1068736
1558	1068839
1559	1068895
1560	1069248
1561	1069261
1562	1069393
1563	1071637
1564	1072079
1565	1073592
1566	1074679
1567	1075027
1568	1077202
1569	1077374
1570	1080481
1571	1081064
1572	1083766
1573	1085669
1574	1086047
1575	1086262
1576	1086643
1577	1086914
1578	1086986
1579	1087443
1580	1087970
1581	1089899
1582	1090857
1583	1091237
1584	1091712
1585	1092430
1586	1093120
1587	1095535
1588	1096434
1589	1097088
1590	1097857
1591	1101113
1592	1101323
1593	1101744
1594	1101782
1595	1102262
1596	1102610
1597	1103117
1598	1103303
1599	1103398
1600	1105597
1601	1106341
1602	1106930
1603	1107627
1604	1110259
1605	1112286
1606	1114097
1607	1114331
1608	1115572
1609	1116382
1610	1116618
1611	1116707
1612	1117020
1613	1117059
1614	1118159
1615	1120402
1616	1120839
1617	1122508
1618	1124525
1619	1125358
1620	1125414
1621	1126041
1622	1126255
1623	1127771
1624	1127979
1625	1128952
1626	1129031
1627	1129817
1628	1129965
1629	1130049
1630	1130064
1631	1130070
1632	1130127
1633	1130128
1634	1130129
1635	1130148
1636	1130161
1637	1130355
1638	1130455
1639	1130550
1640	1130552
1641	1130979
1642	1132421
1643	1133582
1644	1133666
1645	1133797
1646	1133889
1647	1135034
1648	1135349
1649	1135522
1650	1135885
1651	1136234
1652	1138439
1653	1141518
1654	1142047
1655	1142062
1656	1142463
1657	1143459
1658	1143599
1659	1144632
1660	1145351
1661	1145579
1662	1147047
1663	1147178
1664	1147413
1665	1147808
1666	1148133
1667	1148261
1668	1149334
1669	1149765
1670	1149779
1671	1149791
1672	1150105
1673	1150183
1674	1150210
1675	1150247
1676	1150467
1677	1150562
1678	1150865
1679	1150982
1680	1151728
1681	1151880
1682	1152228
1683	1152686
1684	1152995
1685	1154104
1686	1155160
1687	1155167
1688	1155233
1689	1155237
1690	1155339
1691	1155650
1692	1155822
1693	1155865
1694	1156038
1695	1156041
1696	1156307
1697	1156603
1698	1158075
1699	1158186
1700	1158365
1701	1158735
1702	1158751
1703	1158933
1704	1159264
1705	1159279
1706	1160723
1707	1161547
1708	1162803
1709	1163036
1710	1164327
1711	1165671
1712	1166839
1713	1166947
1714	1167586
1715	1168028
1716	1169350
1717	1170037
1718	1170519
1719	1176349
1720	1181615
1721	1182699
1722	1182720
1723	1183285
1724	1186632
1725	1186806
1726	1188716
1727	1188763
1728	1188880
1729	1188895
1730	1188934
1731	1188945
1732	1188952
1733	1189167
1734	1189194
1735	1189239
1736	1189318
1737	1189338
1738	1189362
1739	1189420
1740	1189425
1741	1189435
1742	1189453
1743	1189573
1744	1189634
1745	1189749
1746	1189780
1747	1189969
1748	1190017
1749	1190167
1750	1190257
1751	1190380
1752	1190479
1753	1190544
1754	1190653
1755	1190682
1756	1190842
1757	1191649
1758	1192193
1759	1195007
1760	1198526
1761	1198832
1762	1199739
1763	1200037
1764	1200524
1765	1201953
1766	1202203
1767	1202381
1768	1202854
1769	1204138
1770	1204743
1771	1205368
1772	1205912
1773	1206143
1774	1206343
1775	1208340
1776	1208368
1777	1208405
1778	1208477
1779	1209647
1780	1210151
1781	1210169
1782	1210295
1783	1210484
1784	1210718
1785	1212655
1786	1213760
1787	1214561
1788	1217342
1789	1218241
1790	1219094
1791	1220306
1792	1220389
1793	1220900
1794	1221805
1795	1222238
1796	1224264
1797	1225495
1798	1226140
1799	1226568
1800	1227333
1801	1228290
1802	1228851
1803	1229628
1804	1229808
1805	1229863
1806	1229957
1807	1233545
1808	1233678
1809	1236140
1810	1236923
1811	1238001
1812	1239067
1813	1240030
1814	1240370
1815	1240376
1816	1241913
1817	1242612
1818	1242766
1819	1242980
1820	1244184
1821	1244491
1822	1246227
1823	1247751
1824	1249111
1825	1250952
1826	1251886
1827	1252223
1828	1252260
1829	1253233
1830	1254329
1831	1254614
1832	1254707
1833	1255681
1834	1256254
1835	1256659
1836	1256959
1837	1257161
1838	1259397
1839	1259426
1840	1259740
1841	1261303
1842	1261723
1843	1262502
1844	1262893
1845	1263141
1846	1263590
1847	1263810
1848	1264786
1849	1264870
1850	1265971
1851	1266282
1852	1268769
1853	1269773
1854	1270865
1855	1271463
1856	1271712
1857	1272098
1858	1273813
1859	1274728
1860	1275706
1861	1276077
1862	1276534
1863	1277309
1864	1277486
1865	1277487
1866	1277831
1867	1278081
1868	1278228
1869	1278502
1870	1279458
1871	1282199
1872	1283670
1873	1284957
1874	1286352
1875	1286741
1876	1287124
1877	1287450
1878	1287542
1879	1287645
1880	1288192
1881	1288246
1882	1288324
1883	1288634
1884	1289580
1885	1291600
1886	1291822
1887	1291828
1888	1291830
1889	1292164
1890	1293877
1891	1296019
1892	1296255
1893	1296920
1894	1297941
1895	1298898
1896	1299396
1897	1303166
1898	1304524
1899	1306160
1900	1307600
1901	1309075
1902	1309129
1903	1309874
1904	1310037
1905	1310443
1906	1311041
1907	1312706
1908	1312844
1909	1313475
1910	1314111
1911	1314541
1912	1314637
1913	1316963
1914	1317126
1915	1317640
1916	1318247
1917	1321534
1918	1323115
1919	1324783
1920	1325524
1921	1325837
1922	1325953
1923	1327350
1924	1327463
1925	1328936
1926	1333851
1927	1336012
1928	1336094
1929	1336201
1930	1337805
1931	1339105
1932	1341240
1933	1341269
1934	1341440
1935	1341652
1936	1341967
1937	1342321
1938	1343068
1939	1343379
1940	1345392
1941	1345967
1942	1345981
1943	1346166
1944	1347982
1945	1347985
1946	1348007
1947	1348015
1948	1348283
1949	1348288
1950	1348343
1951	1348350
1952	1349394
1953	1349822
1954	1349989
1955	1350128
1956	1350289
1957	1351438
1958	1351700
1959	1352391
1960	1353947
1961	1355745
1962	1357005
1963	1357017
1964	1359539
1965	1360401
1966	1361458
1967	1361815
1968	1361942
1969	1362479
1970	1363027
1971	1363150
1972	1363167
1973	1363859
1974	1363891
1975	1363949
1976	1364140
1977	1364156
1978	1364164
1979	1364319
1980	1364390
1981	1364494
1982	1364547
1983	1364549
1984	1365012
1985	1365320
1986	1365484
1987	1366162
1988	1366407
1989	1366408
1990	1366842
1991	1369240
1992	1370543
1993	1371142
1994	1372324
1995	1372759
1996	1373475
1997	1373517
1998	1375211
1999	1376393
2000	1376519
2001	1376902
2002	1377566
2003	1377780
2004	1377995
2005	1378564
2006	1379074
2007	1379111
2008	1380208
2009	1380846
2010	1380993
2011	1381657
2012	1382119
2013	1383075
2014	1383996
2015	1385445
2016	1386582
2017	1387446
2018	1388623
2019	1388849
2020	1389345
2021	1390275
2022	1390517
2023	1390561
2024	1390631
2025	1391063
2026	1391497
2027	1391528
2028	1391911
2029	1392488
2030	1393856
2031	1394771
2032	1395141
2033	1396113
2034	1396522
2035	1396558
2036	1396652
2037	1396997
2038	1397025
2039	1397384
2040	1397726
2041	1398358
2042	1398397
2043	1398432
2044	1400299
2045	1401191
2046	1401450
2047	1401652
2048	1402226
2049	1402778
2050	1404147
2051	1404680
2052	1404979
2053	1405440
2054	1407391
2055	1407396
2056	1408838
2057	1409985
2058	1410460
2059	1410705
2060	1411674
2061	1411702
2062	1413279
2063	1413824
2064	1415186
2065	1415362
2066	1415570
2067	1416016
2068	1416071
2069	1416293
2070	1416723
2071	1417166
2072	1417302
2073	1418049
2074	1419250
2075	1419392
2076	1420451
2077	1420455
2078	1422031
2079	1422899
2080	1423160
2081	1423634
2082	1424486
2083	1425121
2084	1425585
2085	1425887
2086	1425888
2087	1426315
2088	1428129
2089	1428282
2090	1428602
2091	1429060
2092	1429067
2093	1430104
2094	1430770
2095	1430976
2096	1431450
2097	1431927
2098	1432002
2099	1433197
2100	1433568
2101	1434231
2102	1434583
2103	1434980
2104	1435421
2105	1435453
2106	1435638
2107	1436387
2108	1436402
2109	1437817
2110	1438433
2111	1438955
2112	1439561
2113	1440031
2114	1440171
2115	1440175
2116	1440364
2117	1440595
2118	1440803
2119	1440904
2120	1441060
2121	1441243
2122	1442295
2123	1442544
2124	1443984
2125	1444212
2126	1447318
2127	1447474
2128	1447691
2129	1449345
2130	1450167
2131	1450496
2132	1451244
2133	1452787
2134	1452868
2135	1453911
2136	1454135
2137	1454589
2138	1454645
2139	1454863
2140	1455435
2141	1455843
2142	1455895
2143	1455949
2144	1457763
2145	1457989
2146	1458728
2147	1458934
2148	1459778
2149	1460162
2150	1460708
2151	1462092
2152	1462904
2153	1464769
2154	1465635
2155	1466558
2156	1467459
2157	1468742
2158	1468969
2159	1470013
2160	1470717
2161	1470816
2162	1471526
2163	1471907
2164	1473050
2165	1474307
2166	1474809
2167	1474816
2168	1475802
2169	1476624
2170	1477415
2171	1477666
2172	1477918
2173	1478069
2174	1478604
2175	1478863
2176	1479339
2177	1479493
2178	1480221
2179	1480568
2180	1480656
2181	1480948
2182	1481173
2183	1481253
2184	1481344
2185	1481440
2186	1481655
2187	1483211
2188	1483227
2189	1484920
2190	1485355
2191	1485923
2192	1486652
2193	1487151
2194	1487512
2195	1488166
2196	1488634
2197	1489152
2198	1489541
2199	1490865
2200	1490899
2201	1491073
2202	1491531
2203	1491625
2204	1491774
2205	1492141
2206	1492448
2207	1493304
2208	1493656
2209	1494270
2210	1494335
2211	1494497
2212	1498388
2213	1499607
2214	1499775
2215	1500263
2216	1501981
2217	1502798
2218	1503179
2219	1503259
2220	1504304
2221	1504512
2222	1504567
2223	1504727
2224	1505038
2225	1506754
2226	1506916
2227	1507040
2228	1507485
2229	1507909
2230	1507954
2231	1508398
2232	1509714
2233	1509789
2234	1509830
2235	1513057
2236	1514206
2237	1514248
2238	1514748
2239	1514983
2240	1515183
2241	1516719
2242	1516824
2243	1517018
2244	1517530
2245	1518199
2246	1518542
2247	1518562
2248	1518625
2249	1518987
2250	1519227
2251	1520509
2252	1520542
2253	1521114
2254	1521123
2255	1521606
2256	1522131
2257	1522278
2258	1522565
2259	1522645
2260	1523048
2261	1523167
2262	1523242
2263	1523410
2264	1523715
2265	1523954
2266	1524958
2267	1525417
2268	1525463
2269	1525546
2270	1526546
2271	1526626
2272	1526688
2273	1527484
2274	1528536
2275	1528711
2276	1529939
2277	1530167
2278	1530173
2279	1530179
2280	1530428
2281	1531192
2282	1531588
2283	1531765
2284	1531814
2285	1531989
2286	1532650
2287	1532686
2288	1532722
2289	1534031
2290	1534136
2291	1534176
2292	1535010
2293	1535341
2294	1535395
2295	1535877
2296	1536519
2297	1536835
2298	1537524
2299	1538131
2300	1538170
2301	1538361
2302	1539098
2303	1539613
2304	1541635
2305	1541842
2306	1543478
2307	1544374
2308	1545547
2309	1546164
2310	1546756
2311	1547064
2312	1547926
2313	1548400
2314	1549306
2315	1549596
2316	1551511
2317	1552371
2318	1552625
2319	1552646
2320	1553238
2321	1554138
2322	1554161
2323	1554973
2324	1555062
2325	1557354
2326	1557565
2327	1557789
2328	1557946
2329	1558392
2330	1559057
2331	1559258
2332	1561394
2333	1562404
2334	1562799
2335	1562950
2336	1563160
2337	1564344
2338	1565099
2339	1565565
2340	1566322
2341	1566658
2342	1566666
2343	1569115
2344	1570677
2345	1571355
2346	1572455
2347	1572776
2348	1573061
2349	1574353
2350	1574399
2351	1575374
2352	1579910
2353	1580826
2354	1582532
2355	1582830
2356	1583237
2357	1583505
2358	1584766
2359	1585346
2360	1585563
2361	1586599
2362	1587464
2363	1587986
2364	1588260
2365	1588906
2366	1589259
2367	1589347
2368	1591114
2369	1591625
2370	1591838
2371	1593174
2372	1593189
2373	1594066
2374	1594119
2375	1594332
2376	1594476
2377	1594516
2378	1594520
2379	1594535
2380	1594536
2381	1594574
2382	1596337
2383	1597113
2384	1597613
2385	1597911
2386	1597944
2387	1597947
2388	1598143
2389	1598157
2390	1598549
2391	1599134
2392	1600073
2393	1600479
2394	1600779
2395	1601552
2396	1602614
2397	1602615
2398	1605631
2399	1606530
2400	1607675
2401	1607803
2402	1610678
2403	1610828
2404	1611182
2405	1611665
2406	1613246
2407	1614364
2408	1614568
2409	1615537
2410	1615663
2411	1615893
2412	1616916
2413	1617066
2414	1617094
2415	1617102
2416	1617152
2417	1617702
2418	1618596
2419	1619419
2420	1619546
2421	1620063
2422	1620114
2423	1621538
2424	1622063
2425	1624799
2426	1625558
2427	1625939
2428	1625942
2429	1627430
2430	1627469
2431	1630069
2432	1631308
2433	1632710
2434	1632943
2435	1633158
2436	1635328
2437	1635460
2438	1636670
2439	1638886
2440	1642406
2441	1644217
2442	1644932
2443	1646191
2444	1646572
2445	1646615
2446	1646765
2447	1647147
2448	1647967
2449	1649122
2450	1650091
2451	1650562
2452	1650852
2453	1651968
2454	1652757
2455	1652978
2456	1653251
2457	1653285
2458	1654702
2459	1654705
2460	1655054
2461	1657209
2462	1657335
2463	1657785
2464	1657959
2465	1658231
2466	1658354
2467	1660549
2468	1660806
2469	1661821
2470	1662102
2471	1662638
2472	1662969
2473	1663458
2474	1664224
2475	1664475
2476	1664628
2477	1664649
2478	1664762
2479	1664810
2480	1665007
2481	1665426
2482	1666061
2483	1666711
2484	1670518
2485	1670550
2486	1672824
2487	1674100
2488	1674112
2489	1675462
2490	1676256
2491	1677570
2492	1678293
2493	1678611
2494	1679061
2495	1680209
2496	1681856
2497	1682035
2498	1682344
2499	1682690
2500	1682910
2501	1682925
2502	1683081
2503	1683584
2504	1685134
2505	1685627
2506	1686952
2507	1687565
2508	1687720
2509	1687776
2510	1687786
2511	1689429
2512	1690065
2513	1690368
2514	1690689
2515	1690698
2516	1690821
2517	1691430
2518	1691470
2519	1691809
2520	1692166
2521	1692250
2522	1692292
2523	1692400
2524	1692600
2525	1693344
2526	1693980
2527	1696375
2528	1696495
2529	1696910
2530	1697140
2531	1697621
2532	1698277
2533	1698455
2534	1698723
2535	1699211
2536	1699588
2537	1700422
2538	1700589
2539	1702006
2540	1702058
2541	1703149
2542	1703232
2543	1703513
2544	1703575
2545	1703650
2546	1703923
2547	1704782
2548	1704812
2549	1705013
2550	1705139
2551	1709495
2552	1710391
2553	1710636
2554	1712193
2555	1714170
2556	1714289
2557	1714328
2558	1714520
2559	1714823
2560	1714838
2561	1715731
2562	1716254
2563	1716595
2564	1716687
2565	1717862
2566	1718200
2567	1718808
2568	1719081
2569	1719154
2570	1719285
2571	1719936
2572	1720052
2573	1720228
2574	1720495
2575	1721146
2576	1721804
2577	1722047
2578	1722469
2579	1722645
2580	1724855
2581	1724937
2582	1725116
2583	1725890
2584	1726997
2585	1729208
2586	1730151
2587	1730387
2588	1731415
2589	1731765
2590	1732991
2591	1734275
2592	1734449
2593	1734994
2594	1735219
2595	1735946
2596	1736076
2597	1736792
2598	1737217
2599	1738241
2600	1739149
2601	1739308
2602	1740579
2603	1740781
2604	1740811
2605	1741522
2606	1742232
2607	1742296
2608	1742996
2609	1743746
2610	1744004
2611	1744139
2612	1744209
2613	1744223
2614	1745159
2615	1745240
2616	1746589
2617	1746937
2618	1748111
2619	1748589
2620	1748607
2621	1748610
2622	1748650
2623	1748655
2624	1748676
2625	1748945
2626	1748972
2627	1749230
2628	1750446
2629	1750979
2630	1752293
2631	1752548
2632	1753199
2633	1754255
2634	1754418
2635	1754942
2636	1755041
2637	1755552
2638	1755846
2639	1755948
2640	1757068
2641	1757356
2642	1760888
2643	1760904
2644	1760977
2645	1761992
2646	1762060
2647	1763860
2648	1763884
2649	1763885
2650	1764149
2651	1764226
2652	1764227
2653	1764731
2654	1764957
2655	1766373
2656	1766748
2657	1767137
2658	1767879
2659	1768132
2660	1769211
2661	1769838
2662	1772114
2663	1772142
2664	1772264
2665	1772463
2666	1772571
2667	1772823
2668	1772979
2669	1775543
2670	1775864
2671	1776442
2672	1778304
2673	1778308
2674	1778824
2675	1779124
2676	1779134
2677	1779340
2678	1779736
2679	1779943
2680	1780742
2681	1780783
2682	1782787
2683	1783405
2684	1784787
2685	1785095
2686	1786561
2687	1788219
2688	1790781
2689	1790880
2690	1792338
2691	1792386
2692	1792816
2693	1793122
2694	1794522
2695	1795541
2696	1795737
2697	1797189
2698	1797287
2699	1797749
2700	1797767
2701	1797784
2702	1797955
2703	1798117
2704	1798284
2705	1798327
2706	1798684
2707	1799220
2708	1801105
2709	1803616
2710	1804162
2711	1805260
2712	1805699
2713	1808067
2714	1808338
2715	1808685
2716	1808691
2717	1809288
2718	1810015
2719	1811300
2720	1811358
2721	1811555
2722	1813397
2723	1813705
2724	1815623
2725	1815632
2726	1816591
2727	1817104
2728	1817147
2729	1817635
2730	1818349
2731	1818603
2732	1819173
2733	1819178
2734	1819341
2735	1819549
2736	1820274
2737	1820332
2738	1820377
2739	1821319
2740	1821356
2741	1823106
2742	1823304
2743	1823312
2744	1823908
2745	1824137
2746	1824394
2747	1824441
2748	1824940
2749	1825363
2750	1826471
2751	1826779
2752	1826780
2753	1826950
2754	1827873
2755	1829145
2756	1829350
2757	1829848
2758	1830431
2759	1830659
2760	1830662
2761	1831159
2762	1831891
2763	1832145
2764	1832551
2765	1833514
2766	1833690
2767	1834118
2768	1835375
2769	1835519
2770	1837252
2771	1839352
2772	1839866
2773	1841113
2774	1841149
2775	1841328
2776	1841415
2777	1841426
2778	1841831
2779	1842254
2780	1842546
2781	1842935
2782	1843031
2783	1843171
2784	1843420
2785	1843499
2786	1843706
2787	1846945
2788	1847314
2789	1847551
2790	1847811
2791	1847813
2792	1847905
2793	1848594
2794	1849647
2795	1849860
2796	1849863
2797	1850070
2798	1850500
2799	1851453
2800	1851992
2801	1852371
2802	1852387
2803	1852422
2804	1853379
2805	1853521
2806	1853787
2807	1854568
2808	1854629
2809	1854746
2810	1855305
2811	1855489
2812	1856282
2813	1856895
2814	1857124
2815	1858724
2816	1859215
2817	1860082
2818	1860246
2819	1860471
2820	1860584
2821	1860747
2822	1861286
2823	1861643
2824	1863585
2825	1863591
2826	1864754
2827	1864789
2828	1864838
2829	1864970
2830	1865347
2831	1866337
2832	1866374
2833	1866474
2834	1866622
2835	1866696
2836	1866705
2837	1867030
2838	1867106
2839	1868296
2840	1868412
2841	1868447
2842	1868468
2843	1868503
2844	1868905
2845	1869133
2846	1869134
2847	1869300
2848	1869372
2849	1869498
2850	1869569
2851	1869777
2852	1869814
2853	1869881
2854	1869948
2855	1869984
2856	1870347
2857	1871057
2858	1871080
2859	1871508
2860	1872158
2861	1872460
2862	1872615
2863	1873282
2864	1874741
2865	1874744
2866	1876708
2867	1878667
2868	1878747
2869	1879018
2870	1879093
2871	1879980
2872	1880924
2873	1881072
2874	1881970
2875	1883148
2876	1884209
2877	1884240
2878	1884359
2879	1884921
2880	1886203
2881	1886466
2882	1886870
2883	1886952
2884	1887123
2885	1887288
2886	1887789
2887	1889525
2888	1890704
2889	1891175
2890	1891284
2891	1891729
2892	1891876
2893	1892034
2894	1893675
2895	1894252
2896	1894353
2897	1895249
2898	1895701
2899	1895852
2900	1895873
2901	1896540
2902	1896899
2903	1896934
2904	1896999
2905	1897186
2906	1898334
2907	1899203
2908	1899279
2909	1900147
2910	1900578
2911	1900700
2912	1901555
2913	1901565
2914	1902136
2915	1902733
2916	1903038
2917	1903743
2918	1904276
2919	1904597
2920	1905034
2921	1905234
2922	1906922
2923	1907320
2924	1907391
2925	1907423
2926	1908404
2927	1908580
2928	1908721
2929	1908766
2930	1908768
2931	1908891
2932	1909185
2933	1909561
2934	1910514
2935	1910618
2936	1913014
2937	1913815
2938	1913965
2939	1914512
2940	1914714
2941	1914789
2942	1915723
2943	1915835
2944	1916347
2945	1917107
2946	1918148
2947	1919380
2948	1919789
2949	1919947
2950	1920178
2951	1921381
2952	1922679
2953	1923056
2954	1923596
2955	1925087
2956	1927235
2957	1929202
2958	1929717
2959	1929976
2960	1930400
2961	1930887
2962	1931895
2963	1932227
2964	1932691
2965	1932996
2966	1933199
2967	1933408
2968	1933606
2969	1933629
2970	1934016
2971	1934329
2972	1934767
2973	1935471
2974	1935572
2975	1935642
2976	1935664
2977	1935929
2978	1935981
2979	1936460
2980	1936591
2981	1938176
2982	1939053
2983	1939549
2984	1940012
2985	1940260
2986	1941479
2987	1941944
2988	1942825
2989	1942829
2990	1942999
2991	1943215
2992	1943384
2993	1943387
2994	1944857
2995	1945230
2996	1946343
2997	1946540
2998	1947311
2999	1948057
3000	1948881
3001	1950327
3002	1950711
3003	1950986
3004	1952210
3005	1952219
3006	1952807
3007	1953342
3008	1953741
3009	1954278
3010	1954474
3011	1954816
3012	1955320
3013	1955656
3014	1956283
3015	1957485
3016	1957745
3017	1957982
3018	1958420
3019	1958437
3020	1958931
3021	1959908
3022	1960399
3023	1960489
3024	1960650
3025	1960840
3026	1961536
3027	1961662
3028	1961816
3029	1962048
3030	1962100
3031	1962161
3032	1962997
3033	1963328
3034	1963978
3035	1965077
3036	1965761
3037	1965922
3038	1965940
3039	1966877
3040	1968053
3041	1968226
3042	1969242
3043	1970175
3044	1970283
3045	1970607
3046	1971654
3047	1972167
3048	1972222
3049	1972452
3050	1973287
3051	1973297
3052	1973305
3053	1973353
3054	1973426
3055	1974384
3056	1974549
3057	1975171
3058	1975644
3059	1975971
3060	1976454
3061	1976648
3062	1977301
3063	1978674
3064	1980268
3065	1980993
3066	1981474
3067	1982194
3068	1982667
3069	1982959
3070	1984087
3071	1985157
3072	1985819
3073	1985954
3074	1986072
3075	1986821
3076	1986894
3077	1986972
3078	1987395
3079	1987503
3080	1987649
3081	1988103
3082	1988236
3083	1988346
3084	1988377
3085	1988457
3086	1988504
3087	1988610
3088	1988736
3089	1988997
3090	1989247
3091	1990334
3092	1990736
3093	1990850
3094	1990958
3095	1991326
3096	1991432
3097	1991654
3098	1992623
3099	1993401
3100	1993563
3101	1994444
3102	1995610
3103	1996039
3104	1997473
3105	1997731
3106	1997967
3107	1998111
3108	1998215
3109	1998401
3110	1998822
3111	1999501
3112	1999793
3113	2001006
3114	2001519
3115	2001522
3116	2001538
3117	2001584
3118	2001681
3119	2002697
3120	2003822
3121	2004203
3122	2004854
3123	2005723
3124	2007238
3125	2007253
3126	2008095
3127	2008313
3128	2010321
3129	2010486
3130	2010774
3131	2010844
3132	2011438
3133	2012031
3134	2013016
3135	2014641
3136	2015981
3137	2016215
3138	2017685
3139	2019703
3140	2020208
3141	2020376
3142	2021547
3143	2021633
3144	2021914
3145	2022627
3146	2023868
3147	2023895
3148	2024261
3149	2024306
3150	2024459
3151	2024598
3152	2024704
3153	2024875
3154	2024961
3155	2025524
3156	2026421
3157	2027551
3158	2027565
3159	2028170
3160	2028911
3161	2029040
3162	2030674
3163	2030727
3164	2030928
3165	2031235
3166	2032248
3167	2032263
3168	2032629
3169	2033499
3170	2034301
3171	2034471
3172	2034745
3173	2036072
3174	2036575
3175	2036860
3176	2037106
3177	2037456
3178	2037897
3179	2040073
3180	2042691
3181	2042792
3182	2042947
3183	2042965
3184	2043808
3185	2044302
3186	2045394
3187	2045557
3188	2045867
3189	2047627
3190	2048384
3191	2048832
3192	2049749
3193	2049890
3194	2050101
3195	2050544
3196	2050892
3197	2052100
3198	2052359
3199	2053224
3200	2053318
3201	2053642
3202	2053715
3203	2054044
3204	2054123
3205	2054350
3206	2055308
3207	2055336
3208	2055588
3209	2055859
3210	2056110
3211	2056120
3212	2056363
3213	2056481
3214	2056965
3215	2057464
3216	2058472
3217	2059323
3218	2059998
3219	2060719
3220	2060734
3221	2061600
3222	2061784
3223	2062740
3224	2063277
3225	2063656
3226	2065604
3227	2066544
3228	2066585
3229	2066886
3230	2067041
3231	2067507
3232	2067871
3233	2068694
3234	2069105
3235	2069708
3236	2069983
3237	2070192
3238	2070398
3239	2070765
3240	2071053
3241	2071421
3242	2071527
3243	2071946
3244	2073694
3245	2073726
3246	2073747
3247	2074731
3248	2080451
3249	2080672
3250	2080822
3251	2081028
3252	2081256
3253	2084383
3254	2085133
3255	2085816
3256	2085936
3257	2086651
3258	2087518
3259	2087613
3260	2088009
3261	2088110
3262	2088873
3263	2088954
3264	2089469
3265	2090012
3266	2090312
3267	2090456
3268	2090657
3269	2091827
3270	2092942
3271	2093553
3272	2094570
3273	2094606
3274	2096051
3275	2096416
3276	2096619
3277	2097460
3278	2097931
3279	2098765
3280	2098866
3281	2100170
3282	2101492
3283	2101725
3284	2102316
3285	2103518
3286	2105345
3287	2107563
3288	2107753
3289	2107970
3290	2108074
3291	2108462
3292	2108590
3293	2108837
3294	2108983
3295	2109616
3296	2109882
3297	2110907
3298	2111214
3299	2111232
3300	2112440
3301	2112718
3302	2112825
3303	2112906
3304	2113127
3305	2115622
3306	2116118
3307	2116479
3308	2117903
3309	2118047
3310	2120826
3311	2122177
3312	2122208
3313	2122690
3314	2122944
3315	2124053
3316	2124527
3317	2125343
3318	2125524
3319	2125849
3320	2125952
3321	2126284
3322	2126612
3323	2126711
3324	2126819
3325	2127617
3326	2128743
3327	2131456
3328	2131896
3329	2132141
3330	2132322
3331	2134554
3332	2135566
3333	2135831
3334	2136408
3335	2136903
3336	2138809
3337	2138875
3338	2140275
3339	2140749
3340	2140999
3341	2141111
3342	2141121
3343	2141201
3344	2141597
3345	2141922
3346	2142702
3347	2142951
3348	2143486
3349	2143652
3350	2143870
3351	2145107
3352	2145186
3353	2149852
3354	2150649
3355	2151101
3356	2151169
3357	2151338
3358	2151928
3359	2151936
3360	2152104
3361	2152440
3362	2153274
3363	2153519
3364	2153734
3365	2154382
3366	2154700
3367	2155762
3368	2156874
3369	2156924
3370	2157510
3371	2158136
3372	2158142
3373	2158698
3374	2160442
3375	2160876
3376	2160887
3377	2161610
3378	2161749
3379	2161877
3380	2162021
3381	2162366
3382	2162499
3383	2162622
3384	2162961
3385	2163094
3386	2163950
3387	2164450
3388	2165565
3389	2166238
3390	2166715
3391	2167181
3392	2167365
3393	2167788
3394	2168031
3395	2168342
3396	2168856
3397	2169004
3398	2169157
3399	2169873
3400	2171374
3401	2172442
3402	2172461
3403	2172667
3404	2172823
3405	2173203
3406	2173540
3407	2173793
3408	2174057
3409	2175135
3410	2175531
3411	2175646
3412	2176615
3413	2176663
3414	2176739
3415	2177852
3416	2178131
3417	2178133
3418	2178139
3419	2178283
3420	2180096
3421	2181426
3422	2181491
3423	2181891
3424	2183334
3425	2183616
3426	2183803
3427	2184000
3428	2184281
3429	2184331
3430	2184852
3431	2187150
3432	2187320
3433	2187516
3434	2188747
3435	2192798
3436	2194108
3437	2194421
3438	2194995
3439	2196060
3440	2196620
3441	2196941
3442	2197373
3443	2197871
3444	2197910
3445	2198787
3446	2199254
3447	2199880
3448	2199980
3449	2200124
3450	2200463
3451	2200600
3452	2200715
3453	2200726
3454	2200738
3455	2200781
3456	2200983
3457	2201329
3458	2201382
3459	2201991
3460	2203445
3461	2203921
3462	2204608
3463	2205726
3464	2207057
3465	2207856
3466	2209490
3467	2209493
3468	2211639
3469	2211988
3470	2212062
3471	2212074
3472	2212294
3473	2212309
3474	2212332
3475	2213687
3476	2213893
3477	2214201
3478	2216925
3479	2217617
3480	2219004
3481	2219626
3482	2220338
3483	2220632
3484	2222077
3485	2225823
3486	2226789
3487	2228231
3488	2231635
3489	2233262
3490	2233785
3491	2233981
3492	2234737
3493	2234794
3494	2235205
3495	2235207
3496	2236488
3497	2237752
3498	2238155
3499	2239289
3500	2239512
3501	2239687
3502	2240343
3503	2240863
3504	2240920
3505	2241048
3506	2242843
3507	2243668
3508	2243973
3509	2244538
3510	2245268
3511	2246288
3512	2246868
3513	2247137
3514	2247320
3515	2247596
3516	2247811
3517	2247834
3518	2248782
3519	2249637
3520	2250266
3521	2252851
3522	2252852
3523	2252897
3524	2254157
3525	2254328
3526	2255153
3527	2255488
3528	2256184
3529	2256236
3530	2256261
3531	2256319
3532	2256353
3533	2256363
3534	2257758
3535	2257759
3536	2258348
3537	2259333
3538	2259703
3539	2260055
3540	2260724
3541	2262491
3542	2262901
3543	2263591
3544	2264225
3545	2265478
3546	2266517
3547	2266726
3548	2266981
3549	2267272
3550	2267625
3551	2267728
3552	2268302
3553	2268410
3554	2268579
3555	2268872
3556	2270576
3557	2271024
3558	2271825
3559	2271851
3560	2272630
3561	2273020
3562	2273313
3563	2273897
3564	2275328
3565	2275652
3566	2275704
3567	2276309
3568	2276513
3569	2276988
3570	2277287
3571	2278174
3572	2278183
3573	2280648
3574	2281360
3575	2283104
3576	2284077
3577	2284162
3578	2285102
3579	2286508
3580	2286949
3581	2287711
3582	2288736
3583	2289307
3584	2289388
3585	2290021
3586	2293716
3587	2295352
3588	2295741
3589	2295998
3590	2296287
3591	2297414
3592	2299757
3593	2299802
3594	2300314
3595	2301112
3596	2301482
3597	2302038
3598	2302509
3599	2302845
3600	2303194
3601	2303634
3602	2303679
3603	2304182
3604	2304673
3605	2304906
3606	2305147
3607	2305540
3608	2306540
3609	2306706
3610	2307046
3611	2308667
3612	2308874
3613	2309252
3614	2310380
3615	2312057
3616	2312980
3617	2313325
3618	2313507
3619	2314406
3620	2314725
3621	2314922
3622	2314983
3623	2315909
3624	2317437
3625	2317578
3626	2318335
3627	2318974
3628	2319125
3629	2319439
3630	2321687
3631	2321849
3632	2323804
3633	2324833
3634	2325011
3635	2325546
3636	2325609
3637	2326190
3638	2327114
3639	2327474
3640	2328676
3641	2329308
3642	2329315
3643	2329888
3644	2330332
3645	2332482
3646	2333059
3647	2335472
3648	2335783
3649	2336987
3650	2339280
3651	2339895
3652	2340203
3653	2340272
3654	2340337
3655	2340576
3656	2340692
3657	2341791
3658	2341795
3659	2343851
3660	2344329
3661	2344376
3662	2344831
3663	2345239
3664	2345635
3665	2347495
3666	2347550
3667	2347576
3668	2347610
3669	2348229
3670	2348423
3671	2348471
3672	2349596
3673	2350601
3674	2350750
3675	2350815
3676	2351394
3677	2353564
3678	2353944
3679	2354101
3680	2354397
3681	2354435
3682	2354644
3683	2355244
3684	2356440
3685	2356491
3686	2357730
3687	2357813
3688	2361122
3689	2361529
3690	2361569
3691	2363129
3692	2363147
3693	2363799
3694	2364880
3695	2365373
3696	2365779
3697	2365879
3698	2366474
3699	2366727
3700	2367703
3701	2370510
3702	2370997
3703	2371256
3704	2371490
3705	2371555
3706	2374393
3707	2374593
3708	2375178
3709	2376637
3710	2376846
3711	2377087
3712	2380563
3713	2380565
3714	2380700
3715	2382591
3716	2383539
3717	2386787
3718	2387323
3719	2387525
3720	2387614
3721	2387843
3722	2388403
3723	2389596
3724	2390174
3725	2391359
3726	2392508
3727	2393096
3728	2393192
3729	2393236
3730	2393651
3731	2393668
3732	2393936
3733	2397314
3734	2398753
3735	2399204
3736	2400504
3737	2400834
3738	2404337
3739	2404473
3740	2404628
3741	2405500
3742	2406952
3743	2408564
3744	2409183
3745	2409604
3746	2411600
3747	2412080
3748	2414259
3749	2415253
3750	2415326
3751	2415427
3752	2417080
3753	2417492
3754	2417657
3755	2419087
3756	2419142
3757	2419637
3758	2420654
3759	2420847
3760	2421078
3761	2421362
3762	2421557
3763	2422678
3764	2422893
3765	2423813
3766	2424185
3767	2425550
3768	2425896
3769	2427101
3770	2427191
3771	2429565
3772	2431142
3773	2432884
3774	2434297
3775	2435662
3776	2436019
3777	2437280
3778	2437426
3779	2437518
3780	2439698
3781	2439910
3782	2440250
3783	2440424
3784	2442587
3785	2442925
3786	2443196
3787	2443887
3788	2443918
3789	2444037
3790	2444050
3791	2444283
3792	2445412
3793	2446158
3794	2446321
3795	2449077
3796	2449204
3797	2450347
3798	2450992
3799	2453131
3800	2453488
3801	2453630
3802	2453631
3803	2453677
3804	2453695
3805	2454468
3806	2455034
3807	2455483
3808	2455673
3809	2458024
3810	2458037
3811	2459258
3812	2459921
3813	2461120
3814	2461155
3815	2461950
3816	2462737
3817	2463025
3818	2463280
3819	2465959
3820	2467012
3821	2468344
3822	2470209
3823	2470676
3824	2471201
3825	2473245
3826	2473260
3827	2473323
3828	2473722
3829	2476345
3830	2477385
3831	2477668
3832	2477995
3833	2478299
3834	2478327
3835	2478588
3836	2478718
3837	2478724
3838	2481509
3839	2481909
3840	2482815
3841	2483466
3842	2484913
3843	2485993
3844	2485996
3845	2487088
3846	2487756
3847	2489022
3848	2489185
3849	2489403
3850	2489549
3851	2490081
3852	2490862
3853	2491266
3854	2491621
3855	2491862
3856	2492419
3857	2493659
3858	2493793
3859	2494152
3860	2494170
3861	2494363
3862	2494497
3863	2494554
3864	2495236
3865	2496486
3866	2497982
3867	2498204
3868	2498691
3869	2498769
3870	2499650
3871	2500792
3872	2501686
3873	2502869
3874	2504723
3875	2504819
3876	2504837
3877	2505082
3878	2505434
3879	2505585
3880	2505692
3881	2505698
3882	2505707
3883	2506154
3884	2506163
3885	2506400
3886	2506836
3887	2507297
3888	2507336
3889	2507339
3890	2507879
3891	2507885
3892	2508189
3893	2510092
3894	2510564
3895	2510946
3896	2511578
3897	2511797
3898	2511808
3899	2511977
3900	2512619
3901	2513114
3902	2513504
3903	2513841
3904	2513975
3905	2514473
3906	2514840
3907	2514885
3908	2515128
3909	2515910
3910	2515981
3911	2516160
3912	2516181
3913	2516187
3914	2517604
3915	2518162
3916	2518941
3917	2519745
3918	2519925
3919	2520124
3920	2520519
3921	2520997
3922	2520998
3923	2521742
3924	2522097
3925	2522582
3926	2523173
3927	2523308
3928	2524317
3929	2525427
3930	2525969
3931	2526689
3932	2526994
3933	2527284
3934	2527441
3935	2527605
3936	2529058
3937	2529242
3938	2529371
3939	2529587
3940	2530894
3941	2532394
3942	2533624
3943	2536600
3944	2537465
3945	2537661
3946	2539002
3947	2539253
3948	2540750
3949	2540782
3950	2542886
3951	2543555
3952	2544380
3953	2549675
3954	2552519
3955	2552909
3956	2554660
3957	2555827
3958	2558138
3959	2558758
3960	2560073
3961	2561078
3962	2562145
3963	2562947
3964	2564181
3965	2565934
3966	2566013
3967	2568808
3968	2573021
3969	2573022
3970	2573569
3971	2573709
3972	2574959
3973	2575529
3974	2577578
3975	2577887
3976	2578847
3977	2578994
3978	2579150
3979	2579265
3980	2579427
3981	2580227
3982	2581231
3983	2582033
3984	2582079
3985	2582158
3986	2582691
3987	2583275
3988	2583277
3989	2585030
3990	2586065
3991	2587268
3992	2588627
3993	2588900
3994	2588971
3995	2589062
3996	2589926
3997	2590046
3998	2590278
3999	2590396
4000	2594261
4001	2594585
4002	2594766
4003	2596001
4004	2596080
4005	2596261
4006	2596291
4007	2596950
4008	2598175
4009	2599011
4010	2599236
4011	2601116
4012	2601681
4013	2602482
4014	2603933
4015	2604323
4016	2606203
4017	2606665
4018	2606783
4019	2607166
4020	2609872
4021	2610490
4022	2610610
4023	2610946
4024	2611866
4025	2612155
4026	2612508
4027	2612598
4028	2614526
4029	2615304
4030	2616752
4031	2618123
4032	2619130
4033	2619298
4034	2620131
4035	2620141
4036	2620550
4037	2621426
4038	2621849
4039	2623781
4040	2624227
4041	2625783
4042	2625927
4043	2626371
4044	2628438
4045	2629666
4046	2629965
4047	2630817
4048	2631744
4049	2632708
4050	2633012
4051	2633591
4052	2633754
4053	2633997
4054	2634875
4055	2638026
4056	2638265
4057	2638593
4058	2638647
4059	2638667
4060	2641117
4061	2641207
4062	2641376
4063	2643477
4064	2643901
4065	2645194
4066	2645302
4067	2647302
4068	2647824
4069	2647903
4070	2648120
4071	2648968
4072	2649653
4073	2652231
4074	2652755
4075	2652853
4076	2653129
4077	2653823
4078	2653915
4079	2653918
4080	2655528
4081	2655939
4082	2656227
4083	2657655
4084	2657699
4085	2658316
4086	2659061
4087	2659376
4088	2660389
4089	2660997
4090	2661525
4091	2661547
4092	2662409
4093	2664043
4094	2664309
4095	2664535
4096	2664914
4097	2664966
4098	2668201
4099	2670892
4100	2671421
4101	2671532
4102	2671763
4103	2672539
4104	2675329
4105	2677196
4106	2678863
4107	2679086
4108	2680568
4109	2680620
4110	2680636
4111	2681034
4112	2681172
4113	2681446
4114	2681789
4115	2682187
4116	2682225
4117	2682946
4118	2683879
4119	2684012
4120	2684523
4121	2684528
4122	2684533
4123	2684849
4124	2685117
4125	2685707
4126	2685937
4127	2687663
4128	2687847
4129	2688287
4130	2689546
4131	2690587
4132	2690953
4133	2691268
4134	2691464
4135	2691518
4136	2691636
4137	2692635
4138	2693449
4139	2693459
4140	2694964
4141	2695025
4142	2695357
4143	2695454
4144	2695698
4145	2697023
4146	2697503
4147	2699568
4148	2700178
4149	2701690
4150	2701753
4151	2702737
4152	2703307
4153	2703436
4154	2704675
4155	2704928
4156	2704964
4157	2705736
4158	2708162
4159	2708592
4160	2710115
4161	2710200
4162	2711606
4163	2712681
4164	2713024
4165	2714732
4166	2715318
4167	2715414
4168	2715621
4169	2716816
4170	2717642
4171	2719610
4172	2722325
4173	2722430
4174	2723030
4175	2723852
4176	2725741
4177	2726227
4178	2726933
4179	2727154
4180	2727208
4181	2727573
4182	2727700
4183	2727707
4184	2728657
4185	2729255
4186	2729977
4187	2731346
4188	2731656
4189	2732066
4190	2733288
4191	2735114
4192	2735370
4193	2736907
4194	2736929
4195	2737352
4196	2738003
4197	2738669
4198	2738687
4199	2740406
4200	2741163
4201	2742562
4202	2743251
4203	2746341
4204	2747796
4205	2748346
4206	2748587
4207	2748979
4208	2749495
4209	2749929
4210	2751068
4211	2751335
4212	2751692
4213	2753093
4214	2754660
4215	2754853
4216	2755038
4217	2755704
4218	2755768
4219	2756034
4220	2756456
4221	2756790
4222	2758238
4223	2758668
4224	2759192
4225	2759747
4226	2760092
4227	2760698
4228	2761359
4229	2761425
4230	2763303
4231	2763473
4232	2766614
4233	2767514
4234	2767957
4235	2769611
4236	2770536
4237	2771919
4238	2772083
4239	2773298
4240	2773707
4241	2773915
4242	2776349
4243	2778431
4244	2780193
4245	2780572
4246	2781614
4247	2782088
4248	2782200
4249	2784720
4250	2785389
4251	2785395
4252	2786038
4253	2788332
4254	2788718
4255	2792222
4256	2794934
4257	2795408
4258	2796736
4259	2797900
4260	2798658
4261	2798876
4262	2799070
4263	2799675
4264	2799734
4265	2800639
4266	2800856
4267	2800888
4268	2802409
4269	2803307
4270	2803664
4271	2803679
4272	2803688
4273	2803691
4274	2803939
4275	2806500
4276	2807995
4277	2809216
4278	2809971
4279	2811858
4280	2812885
4281	2815271
4282	2815597
4283	2817672
4284	2819326
4285	2819613
4286	2820161
4287	2820649
4288	2822656
4289	2823271
4290	2823645
4291	2824103
4292	2828087
4293	2828141
4294	2828997
4295	2829000
4296	2829003
4297	2829016
4298	2829017
4299	2831064
4300	2831202
4301	2831207
4302	2831208
4303	2831211
4304	2831658
4305	2832554
4306	2832700
4307	2833241
4308	2833330
4309	2834065
4310	2834285
4311	2837117
4312	2837722
4313	2838456
4314	2839542
4315	2840053
4316	2841032
4317	2841679
4318	2842930
4319	2843092
4320	2843863
4321	2845034
4322	2847891
4323	2848778
4324	2849206
4325	2849501
4326	2851703
4327	2852489
4328	2855959
4329	2856100
4330	2856206
4331	2856273
4332	2857933
4333	2862086
4334	2862524
4335	2862871
4336	2863952
4337	2864328
4338	2864655
4339	2865305
4340	2866507
4341	2866961
4342	2867380
4343	2868109
4344	2868771
4345	2869400
4346	2870002
4347	2870103
4348	2870232
4349	2871075
4350	2872452
4351	2872958
4352	2875387
4353	2875592
4354	2878079
4355	2880755
4356	2881847
4357	2882433
4358	2883410
4359	2883892
4360	2887226
4361	2887779
4362	2888242
4363	2888492
4364	2890147
4365	2890928
4366	2893669
4367	2894207
4368	2895415
4369	2900622
4370	2900692
4371	2901107
4372	2901406
4373	2901578
4374	2901735
4375	2904062
4376	2904289
4377	2905352
4378	2909230
4379	2909369
4380	2910484
4381	2910797
4382	2911598
4383	2912208
4384	2912517
4385	2913047
4386	2913235
4387	2913806
4388	2913819
4389	2913879
4390	2913899
4391	2914632
4392	2914709
4393	2914977
4394	2915408
4395	2915624
4396	2915789
4397	2916927
4398	2918034
4399	2919638
4400	2920320
4401	2921030
4402	2922562
4403	2924849
4404	2926944
4405	2927191
4406	2929367
4407	2929384
4408	2929972
4409	2930467
4410	2930841
4411	2932002
4412	2932164
4413	2932338
4414	2932918
4415	2932950
4416	2933511
4417	2933649
4418	2933823
4419	2936521
4420	2936729
4421	2936766
4422	2937006
4423	2937209
4424	2937778
4425	2938291
4426	2940034
4427	2940195
4428	2940857
4429	2942086
4430	2943649
4431	2944052
4432	2944648
4433	2945467
4434	2946019
4435	2946591
4436	2947217
4437	2947568
4438	2948070
4439	2948147
4440	2948620
4441	2948672
4442	2948799
4443	2949639
4444	2949681
4445	2949746
4446	2950425
4447	2951531
4448	2951564
4449	2952127
4450	2952322
4451	2952999
4452	2953370
4453	2953548
4454	2953628
4455	2954342
4456	2954971
4457	2956959
4458	2956963
4459	2957692
4460	2958728
4461	2960393
4462	2961771
4463	2963866
4464	2964389
4465	2964620
4466	2966347
4467	2966450
4468	2967402
4469	2968380
4470	2969978
4471	2970227
4472	2970829
4473	2971187
4474	2971388
4475	2971610
4476	2971737
4477	2972721
4478	2973122
4479	2973342
4480	2975061
4481	2975113
4482	2975221
4483	2975743
4484	2975752
4485	2976658
4486	2977838
4487	2978855
4488	2979558
4489	2980176
4490	2981923
4491	2982228
4492	2982711
4493	2983612
4494	2983751
4495	2986222
4496	2986783
4497	2987374
4498	2988494
4499	2989636
4500	2990171
4501	2991400
4502	2994332
4503	2995173
4504	2995917
4505	2997889
4506	2998184
4507	2998487
4508	2999536
4509	2999738
4510	3000410
4511	3000519
4512	3001294
4513	3002104
4514	3002408
4515	3002461
4516	3002497
4517	3002761
4518	3003107
4519	3003200
4520	3003255
4521	3006630
4522	3006862
4523	3007634
4524	3007843
4525	3010229
4526	3011339
4527	3012131
4528	3012287
4529	3014629
4530	3015883
4531	3016066
4532	3017131
4533	3018742
4534	3019193
4535	3019268
4536	3019697
4537	3021252
4538	3021435
4539	3022007
4540	3022297
4541	3022383
4542	3023397
4543	3028870
4544	3029039
4545	3029370
4546	3029641
4547	3029766
4548	3029896
4549	3030902
4550	3031758
4551	3034363
4552	3037925
4553	3037988
4554	3041036
4555	3041406
4556	3043454
4557	3043648
4558	3043859
4559	3045101
4560	3046228
4561	3046229
4562	3046333
4563	3046483
4564	3046792
4565	3046805
4566	3046808
4567	3046818
4568	3046871
4569	3046942
4570	3046948
4571	3047002
4572	3047011
4573	3047140
4574	3047149
4575	3047599
4576	3049981
4577	3050450
4578	3051756
4579	3051802
4580	3054215
4581	3054274
4582	3056538
4583	3056629
4584	3058376
4585	3059052
4586	3062699
4587	3062891
4588	3063028
4589	3063964
4590	3064604
4591	3065072
4592	3066136
4593	3066226
4594	3066296
4595	3066418
4596	3066634
4597	3066851
4598	3066852
4599	3067271
4600	3067294
4601	3067361
4602	3067364
4603	3067730
4604	3067746
4605	3067757
4606	3068210
4607	3068590
4608	3068773
4609	3069382
4610	3069652
4611	3070242
4612	3071163
4613	3071242
4614	3071370
4615	3072026
4616	3072645
4617	3072654
4618	3072829
4619	3073510
4620	3074536
4621	3074857
4622	3075366
4623	3075692
4624	3075720
4625	3075859
4626	3075926
4627	3076532
4628	3079437
4629	3080350
4630	3080904
4631	3081018
4632	3081032
4633	3081101
4634	3081285
4635	3081711
4636	3082034
4637	3085564
4638	3087068
4639	3087327
4640	3087357
4641	3087411
4642	3087471
4643	3088605
4644	3089109
4645	3089153
4646	3091019
4647	3092183
4648	3092790
4649	3094661
4650	3094875
4651	3095433
4652	3097033
4653	3098203
4654	3098803
4655	3099451
4656	3099670
4657	3100605
4658	3101057
4659	3101589
4660	3101750
4661	3102046
4662	3102211
4663	3102653
4664	3103308
4665	3104903
4666	3107085
4667	3107587
4668	3108892
4669	3109813
4670	3109845
4671	3111401
4672	3111806
4673	3113220
4674	3118655
4675	3119022
4676	3121725
4677	3122298
4678	3123746
4679	3125776
4680	3126382
4681	3127300
4682	3127484
4683	3128314
4684	3129024
4685	3129174
4686	3130462
4687	3131323
4688	3131382
4689	3131559
4690	3132172
4691	3132318
4692	3133196
4693	3133431
4694	3133921
4695	3135721
4696	3135878
4697	3135935
4698	3136020
4699	3136890
4700	3137966
4701	3138126
4702	3140571
4703	3142146
4704	3142185
4705	3142685
4706	3143758
4707	3144305
4708	3145639
4709	3146273
4710	3146488
4711	3146866
4712	3148993
4713	3149425
4714	3149831
4715	3149898
4716	3151298
4717	3151556
4718	3152556
4719	3153033
4720	3153586
4721	3153610
4722	3154282
4723	3155022
4724	3155139
4725	3155392
4726	3155790
4727	3156792
4728	3157252
4729	3158436
4730	3158920
4731	3160230
4732	3161151
4733	3161683
4734	3162085
4735	3162462
4736	3163831
4737	3164564
4738	3165672
4739	3166384
4740	3166433
4741	3167328
4742	3167865
4743	3168480
4744	3168498
4745	3169055
4746	3171254
4747	3171697
4748	3172567
4749	3173308
4750	3173911
4751	3175900
4752	3177606
4753	3177881
4754	3179985
4755	3180190
4756	3180893
4757	3182579
4758	3183911
4759	3184388
4760	3185514
4761	3186150
4762	3186638
4763	3187146
4764	3187230
4765	3187548
4766	3188857
4767	3189198
4768	3191029
4769	3191237
4770	3191796
4771	3191881
4772	3191899
4773	3193010
4774	3193064
4775	3193195
4776	3193858
4777	3193923
4778	3194786
4779	3196471
4780	3196567
4781	3196888
4782	3197610
4783	3198097
4784	3199203
4785	3199882
4786	3200777
4787	3201037
4788	3201751
4789	3204435
4790	3204542
4791	3204617
4792	3206431
4793	3208077
4794	3208550
4795	3208947
4796	3209639
4797	3209859
4798	3210068
4799	3210165
4800	3210175
4801	3210216
4802	3210464
4803	3213007
4804	3213078
4805	3213135
4806	3213183
4807	3213658
4808	3214007
4809	3214013
4810	3214673
4811	3215056
4812	3216386
4813	3217416
4814	3219098
4815	3219885
4816	3220258
4817	3222288
4818	3222696
4819	3223065
4820	3223508
4821	3225294
4822	3225795
4823	3226996
4824	3227123
4825	3227468
4826	3227981
4827	3235218
4828	3235254
4829	3236500
4830	3237966
4831	3238100
4832	3238143
4833	3239247
4834	3240013
4835	3240290
4836	3240957
4837	3243259
4838	3244007
4839	3245424
4840	3245620
4841	3247264
4842	3247980
4843	3248065
4844	3250414
4845	3250551
4846	3251686
4847	3252142
4848	3252656
4849	3253862
4850	3254232
4851	3254288
4852	3254787
4853	3254789
4854	3254795
4855	3254799
4856	3254837
4857	3255639
4858	3258487
4859	3259382
4860	3259441
4861	3259912
4862	3260296
4863	3260338
4864	3261253
4865	3262238
4866	3262246
4867	3262436
4868	3262593
4869	3263026
4870	3263145
4871	3263219
4872	3264010
4873	3264804
4874	3265837
4875	3266790
4876	3268775
4877	3269150
4878	3270378
4879	3271391
4880	3272601
4881	3272799
4882	3273065
4883	3273449
4884	3273733
4885	3274996
4886	3276280
4887	3276724
4888	3277870
4889	3278932
4890	3279034
4891	3280849
4892	3281556
4893	3281673
4894	3284407
4895	3284898
4896	3284959
4897	3285548
4898	3285969
4899	3286229
4900	3287631
4901	3288350
4902	3289147
4903	3292317
4904	3294472
4905	3296134
4906	3296158
4907	3296594
4908	3296663
4909	3297031
4910	3297063
4911	3298365
4912	3298368
4913	3299081
4914	3299891
4915	3301204
4916	3302907
4917	3305706
4918	3307002
4919	3307255
4920	3307650
4921	3309485
4922	3309688
4923	3312935
4924	3313189
4925	3314053
4926	3314458
4927	3315087
4928	3315287
4929	3315539
4930	3315573
4931	3315900
4932	3315981
4933	3316330
4934	3316633
4935	3316676
4936	3316839
4937	3319860
4938	3321252
4939	3321939
4940	3323017
4941	3323278
4942	3323430
4943	3324953
4944	3325116
4945	3325667
4946	3326636
4947	3327931
4948	3328357
4949	3328855
4950	3329280
4951	3330706
4952	3330735
4953	3331557
4954	3333448
4955	3334500
4956	3334546
4957	3334906
4958	3334907
4959	3337373
4960	3338643
4961	3338959
4962	3340084
4963	3340281
4964	3340956
4965	3341238
4966	3341628
4967	3341949
4968	3342482
4969	3343333
4970	3343492
4971	3343543
4972	3344024
4973	3344312
4974	3344869
4975	3345414
4976	3345887
4977	3345904
4978	3346084
4979	3346110
4980	3346111
4981	3346159
4982	3346201
4983	3346289
4984	3346412
4985	3347800
4986	3347846
4987	3348119
4988	3348527
4989	3348608
4990	3348657
4991	3349075
4992	3349514
4993	3350859
4994	3351039
4995	3351779
4996	3351993
4997	3352751
4998	3352805
4999	3354099
5000	3354100
5001	3354208
5002	3354384
5003	3354964
5004	3355566
5005	3357109
5006	3357816
5007	3358105
5008	3358549
5009	3358802
5010	3359222
5011	3359722
5012	3360352
5013	3360572
5014	3360682
5015	3360802
5016	3361940
5017	3362518
5018	3362831
5019	3363192
5020	3363205
5021	3364202
5022	3364285
5023	3364328
5024	3365261
5025	3366487
5026	3367057
5027	3367278
5028	3367410
5029	3368140
5030	3368197
5031	3369101
5032	3370316
5033	3370411
5034	3371787
5035	3372114
5036	3373767
5037	3374151
5038	3374664
5039	3374952
5040	3377087
5041	3377399
5042	3377811
5043	3378954
5044	3380812
5045	3382659
5046	3382757
5047	3382765
5048	3382915
5049	3384884
5050	3385416
5051	3388347
5052	3388897
5053	3389446
5054	3389531
5055	3389824
5056	3390033
5057	3390471
5058	3391297
5059	3392624
5060	3393429
5061	3393972
5062	3395203
5063	3395603
5064	3395956
5065	3396366
5066	3397502
5067	3397710
5068	3398733
5069	3398992
5070	3399482
5071	3399506
5072	3399602
5073	3399683
5074	3399713
5075	3400480
5076	3400516
5077	3400701
5078	3402158
5079	3403871
5080	3403934
5081	3406116
5082	3406309
5083	3406672
5084	3407091
5085	3407631
5086	3409643
5087	3409657
5088	3410439
5089	3411118
5090	3411235
5091	3411334
5092	3412131
5093	3412407
5094	3412908
5095	3413374
5096	3414367
5097	3414552
5098	3414553
5099	3415669
5100	3417140
5101	3417232
5102	3417496
5103	3418091
5104	3418274
5105	3420095
5106	3420707
5107	3420984
5108	3421237
5109	3421361
5110	3421808
5111	3421859
5112	3422333
5113	3425042
5114	3425255
5115	3425403
5116	3425800
5117	3426286
5118	3426631
5119	3427943
5120	3429343
5121	3429926
5122	3430233
5123	3430443
5124	3430817
5125	3433102
5126	3433359
5127	3433536
5128	3434173
5129	3436337
5130	3437348
5131	3442592
5132	3443867
5133	3444652
5134	3445457
5135	3445465
5136	3446494
5137	3446943
5138	3447928
5139	3447937
5140	3447940
5141	3447943
5142	3447944
5143	3447945
5144	3448708
5145	3448722
5146	3449273
5147	3449393
5148	3449475
5149	3450406
5150	3451830
5151	3454555
5152	3455471
5153	3457122
5154	3457837
5155	3458777
5156	3458994
5157	3459028
5158	3459878
5159	3459941
5160	3460176
5161	3460540
5162	3460791
5163	3460920
5164	3461721
5165	3461874
5166	3463277
5167	3464082
5168	3464884
5169	3465141
5170	3465577
5171	3466027
5172	3466052
5173	3466421
5174	3468092
5175	3468740
5176	3469615
5177	3471034
5178	3471037
5179	3471683
5180	3471944
5181	3473516
5182	3475546
5183	3476048
5184	3476365
5185	3476793
5186	3477093
5187	3477583
5188	3478702
5189	3478927
5190	3478943
5191	3481127
5192	3481616
5193	3482423
5194	3482797
5195	3484170
5196	3484452
5197	3487781
5198	3487920
5199	3488702
5200	3488781
5201	3489348
5202	3489958
5203	3491119
5204	3491345
5205	3491598
5206	3491665
5207	3492535
5208	3493870
5209	3494051
5210	3494544
5211	3494757
5212	3495315
5213	3496202
5214	3497276
5215	3501153
5216	3501879
5217	3502311
5218	3503055
5219	3503160
5220	3503274
5221	3505489
5222	3506365
5223	3507274
5224	3508281
5225	3508628
5226	3508649
5227	3509021
5228	3511178
5229	3511746
5230	3512212
5231	3513271
5232	3513669
5233	3514755
5234	3515639
5235	3515789
5236	3516143
5237	3518756
5238	3518936
5239	3520554
5240	3520578
5241	3521378
5242	3521710
5243	3522516
5244	3522546
5245	3523232
5246	3523247
5247	3523712
5248	3523764
5249	3523862
5250	3524004
5251	3524018
5252	3525759
5253	3525842
5254	3525868
5255	3525894
5256	3525899
5257	3525900
5258	3525930
5259	3525962
5260	3525967
5261	3526019
5262	3526030
5263	3526253
5264	3526463
5265	3526519
5266	3527218
5267	3527358
5268	3527557
5269	3527812
5270	3528132
5271	3529181
5272	3529253
5273	3530866
5274	3531518
5275	3532996
5276	3536457
5277	3536519
5278	3536603
5279	3537266
5280	3537897
5281	3539419
5282	3540793
5283	3540794
5284	3541035
5285	3542691
5286	3542963
5287	3545536
5288	3546664
5289	3547169
5290	3547235
5291	3547349
5292	3548505
5293	3548522
5294	3548756
5295	3548922
5296	3549006
5297	3549054
5298	3550511
5299	3550526
5300	3551382
5301	3551431
5302	3551467
5303	3555824
5304	3555949
5305	3556738
5306	3556963
5307	3556995
5308	3557716
5309	3557942
5310	3558077
5311	3558244
5312	3558271
5313	3558273
5314	3558623
5315	3559094
5316	3559329
5317	3559433
5318	3559434
5319	3559544
5320	3559559
5321	3559565
5322	3559624
5323	3559720
5324	3560008
5325	3560668
5326	3561634
5327	3562866
5328	3562966
5329	3564090
5330	3564207
5331	3564524
5332	3564539
5333	3564663
5334	3567385
5335	3568781
5336	3569023
5337	3569221
5338	3569413
5339	3569877
5340	3569880
5341	3571979
5342	3572296
5343	3572642
5344	3575202
5345	3576041
5346	3576241
5347	3576353
5348	3576693
5349	3577520
5350	3577637
5351	3577801
5352	3578590
5353	3578873
5354	3580950
5355	3581671
5356	3584020
5357	3584587
5358	3584890
5359	3585514
5360	3585521
5361	3587059
5362	3587278
5363	3587597
5364	3588066
5365	3588544
5366	3589207
5367	3589290
5368	3589343
5369	3591398
5370	3591453
5371	3592258
5372	3594883
5373	3595986
5374	3596936
5375	3597121
5376	3599349
5377	3599731
5378	3600830
5379	3600855
5380	3601304
5381	3601312
5382	3602128
5383	3602198
5384	3602247
5385	3602249
5386	3602513
5387	3603507
5388	3603865
5389	3604397
5390	3604440
5391	3604514
5392	3605872
5393	3605981
5394	3606131
5395	3606694
5396	3606999
5397	3607399
5398	3608151
5399	3608711
5400	3609529
5401	3611946
5402	3613199
5403	3613484
5404	3613635
5405	3613812
5406	3614590
5407	3614599
5408	3614862
5409	3615057
5410	3615087
5411	3615159
5412	3615542
5413	3615784
5414	3616170
5415	3616227
5416	3616323
5417	3616344
5418	3616352
5419	3616407
5420	3616512
5421	3616569
5422	3617001
5423	3617792
5424	3618024
5425	3620102
5426	3621372
5427	3622471
5428	3622538
5429	3622539
5430	3622689
5431	3623617
5432	3624188
5433	3625267
5434	3625337
5435	3625568
5436	3626432
5437	3626806
5438	3627435
5439	3628628
5440	3628643
5441	3630958
5442	3633281
5443	3633520
5444	3633818
5445	3634979
5446	3635281
5447	3635322
5448	3635403
5449	3635408
5450	3635421
5451	3635434
5452	3635461
