1	15
2	94
3	494
4	856
5	880
6	937
7	1075
8	1482
9	1972
10	1992
11	2377
12	2570
13	2807
14	3064
15	3083
16	3519
17	3790
18	4228
19	4278
20	4322
21	4783
22	4846
23	5028
24	5194
25	5567
26	5692
27	5919
28	6221
29	6471
30	6826
31	9019
32	9086
33	9089
34	9189
35	9391
36	10380
37	10486
38	12006
39	12024
40	12333
41	12564
42	12595
43	12609
44	12869
45	13504
46	13786
47	13913
48	16053
49	16065
50	16066
51	16086
52	16091
53	16096
54	16115
55	16124
56	16629
57	17077
58	17481
59	17859
60	18143
61	18295
62	18395
63	18736
64	18882
65	18890
66	19228
67	19387
68	19417
69	19501
70	19510
71	20095
72	20293
73	20687
74	21012
75	21085
76	21138
77	21598
78	21676
79	21740
80	22595
81	22649
82	22913
83	23056
84	23130
85	23743
86	23920
87	24242
88	24533
89	25109
90	25197
91	25704
92	26673
93	27298
94	27701
95	29859
96	30480
97	31623
98	31886
99	32088
100	32202
101	32267
102	32335
103	32353
104	32423
105	32499
106	32687
107	32994
108	33185
109	33302
110	33432
111	33979
112	33990
113	34490
114	34615
115	34664
116	34806
117	34927
118	35037
119	35064
120	40395
121	40805
122	41033
123	41306
124	41428
125	41481
126	41577
127	41749
128	41829
129	41898
130	43327
131	43455
132	43718
133	43903
134	43998
135	44069
136	44265
137	44268
138	44489
139	44841
140	44847
141	45035
142	45184
143	45837
144	45938
145	46048
146	46207
147	46225
148	46654
149	46783
150	46936
151	46971
152	47362
153	47653
154	47841
155	47933
156	48456
157	48594
158	48663
159	49451
160	49774
161	49782
162	49911
163	49925
164	50292
165	50453
166	51521
167	52660
168	52851
169	52963
170	53234
171	53804
172	53949
173	54083
174	54291
175	54361
176	54507
177	54540
178	54698
179	55104
180	55461
181	55739
182	55874
183	56115
184	56325
185	56365
186	56570
187	56639
188	56672
189	56862
190	57305
191	57646
192	57677
193	57784
194	57962
195	58083
196	58380
197	58518
198	58619
199	59087
200	59118
201	59438
202	59473
203	59749
204	60196
205	60233
206	61722
207	62984
208	65427
209	66871
210	67866
211	70083
212	72396
213	74348
214	81715
215	84211
216	84806
217	85124
218	85130
219	85187
220	85205
221	85262
222	86962
223	89375
224	89771
225	90176
226	90456
227	90860
228	90863
229	90873
230	90894
231	91700
232	92514
233	93179
234	93257
235	94378
236	95158
237	95277
238	95973
239	96003
240	99888
241	99921
242	100179
243	101127
244	101326
245	101409
246	101439
247	101451
248	102319
249	102434
250	102581
251	102813
252	102825
253	102914
254	102994
255	103062
256	103094
257	103098
258	103359
259	104309
260	104553
261	104603
262	104660
263	104696
264	105041
265	105494
266	105830
267	105983
268	106281
269	106364
270	106973
271	107777
272	108503
273	108573
274	108600
275	108646
276	108977
277	109220
278	109555
279	109783
280	110335
281	110591
282	110616
283	110726
284	110891
285	111412
286	111578
287	111583
288	111778
289	112095
290	112506
291	112892
292	113011
293	113099
294	113173
295	113223
296	116192
297	116596
298	117358
299	117895
300	118059
301	119076
302	119155
303	119720
304	119959
305	120244
306	120528
307	121116
308	121501
309	122465
310	122481
311	122513
312	123226
313	123445
314	123632
315	124408
316	124655
317	125132
318	125256
319	125292
320	125732
321	125886
322	126157
323	126264
324	126557
325	126739
326	126869
327	126957
328	126976
329	127056
330	127092
331	127096
332	127115
333	127117
334	127168
335	127311
336	127365
337	127376
338	127477
339	127957
340	127961
341	128184
342	128190
343	128600
344	129082
345	129670
346	129897
347	129999
348	130917
349	131024
350	131914
351	132308
352	132411
353	132435
354	132486
355	132542
356	132649
357	132709
358	132942
359	132953
360	132992
361	132993
362	133475
363	133951
364	133979
365	134698
366	134898
367	135197
368	135491
369	135507
370	135962
371	136481
372	136726
373	137125
374	137404
375	151469
376	151721
377	152337
378	152529
379	153367
380	153370
381	153400
382	153502
383	153679
384	154064
385	154075
386	154079
387	154404
388	154549
389	154554
390	154630
391	154684
392	155204
393	155936
394	156053
395	156080
396	156642
397	156801
398	157004
399	157434
400	157734
401	157778
402	157783
403	157948
404	158202
405	159091
406	159169
407	159209
408	159462
409	159716
410	159813
411	159822
412	159839
413	159841
414	160358
415	161054
416	161498
417	161510
418	161834
419	161932
420	161933
421	161972
422	162039
423	162041
424	162772
425	163770
426	163979
427	164195
428	164209
429	164574
430	164651
431	165229
432	165992
433	166081
434	166669
435	166791
436	168184
437	168592
438	168777
439	169178
440	169187
441	169468
442	170091
443	170349
444	170573
445	170604
446	171242
447	171338
448	171456
449	171544
450	171691
451	171733
452	171848
453	171892
454	171964
455	173345
456	174035
457	174046
458	174329
459	174454
460	175943
461	176110
462	176123
463	176750
464	177952
465	180542
466	184347
467	184557
468	185381
469	186339
470	186915
471	187524
472	187824
473	188048
474	188647
475	189179
476	189366
477	189933
478	191215
479	192305
480	192440
481	192659
482	192666
483	192814
484	193268
485	193374
486	193517
487	193913
488	194489
489	194950
490	195048
491	195684
492	195985
493	196203
494	196913
495	196914
496	197422
497	197948
498	198096
499	198112
500	198145
501	198845
502	198973
503	199026
504	199060
505	199138
506	199227
507	199580
508	199793
509	199872
510	200847
511	201352
512	201560
513	202077
514	202084
515	202209
516	202258
517	202327
518	202347
519	202594
520	202643
521	202693
522	202732
523	203009
524	203010
525	203045
526	203056
527	203276
528	203659
529	203902
530	204060
531	204387
532	204592
533	204673
534	204742
535	204983
536	205122
537	205203
538	205273
539	205343
540	205670
541	205841
542	205998
543	206085
544	206161
545	207055
546	207145
547	207265
548	207476
549	207639
550	207689
551	207851
552	207960
553	208193
554	208536
555	208656
556	208855
557	208991
558	209011
559	209494
560	209732
561	210038
562	210073
563	210114
564	210115
565	210169
566	210353
567	210405
568	210724
569	210842
570	210899
571	211633
572	211774
573	211878
574	211889
575	211919
576	211922
577	212056
578	212399
579	212400
580	212479
581	212726
582	213091
583	213488
584	213613
585	213849
586	213956
587	214165
588	214347
589	215135
590	216827
591	217437
592	218257
593	218976
594	219106
595	219358
596	219471
597	219615
598	219949
599	219973
600	220057
601	220289
602	220796
603	221156
604	221199
605	221359
606	221921
607	222430
608	222504
609	223486
610	223907
611	224257
612	224474
613	224685
614	224739
615	224767
616	225245
617	225328
618	225519
619	225994
620	226208
621	226976
622	227089
623	227105
624	227288
625	227434
626	227631
627	227805
628	228219
629	228275
630	228926
631	229025
632	229030
633	229072
634	229347
635	229496
636	229741
637	229971
638	230719
639	230764
640	231250
641	231411
642	231490
643	231745
644	231865
645	232246
646	232718
647	233040
648	233626
649	233878
650	233993
651	234089
652	234128
653	234178
654	234706
655	234774
656	235130
657	235301
658	235515
659	235628
660	236468
661	236973
662	237591
663	237889
664	238265
665	238447
666	238984
667	239068
668	239091
669	239110
670	239458
671	239797
672	239881
673	239898
674	240545
675	240826
676	241138
677	241289
678	241326
679	241419
680	242504
681	243498
682	244057
683	244825
684	244893
685	245322
686	245661
687	245897
688	245907
689	246419
690	246570
691	246831
692	247320
693	247343
694	247466
695	247517
696	247827
697	248415
698	248550
699	248943
700	249179
701	249259
702	249747
703	249980
704	251808
705	251827
706	251884
707	252324
708	252348
709	252534
710	252702
711	252954
712	253173
713	253179
714	253294
715	253492
716	253502
717	254230
718	254290
719	254321
720	254340
721	254633
722	254642
723	255129
724	255557
725	255967
726	255996
727	256085
728	256141
729	256346
730	257323
731	257366
732	257399
733	257440
734	257648
735	257670
736	257747
737	257875
738	257879
739	257894
740	257936
741	258597
742	259158
743	259502
744	260096
745	260270
746	260390
747	260403
748	260441
749	260686
750	260954
751	261710
752	261793
753	261799
754	262069
755	263036
756	263143
757	263414
758	263489
759	263640
760	263771
761	264221
762	264226
763	264229
764	264234
765	264367
766	264378
767	264388
768	264449
769	264789
770	265148
771	265930
772	265974
773	266175
774	266306
775	266380
776	266443
777	266959
778	267334
779	267346
780	267439
781	267545
782	267816
783	268240
784	268344
785	269271
786	269644
787	270099
788	270609
789	270620
790	270667
791	270897
792	271161
793	272066
794	272207
795	272250
796	272305
797	272620
798	273559
799	274077
800	274970
801	275302
802	275443
803	275998
804	276069
805	276521
806	276686
807	276948
808	276963
809	277310
810	277549
811	277557
812	278468
813	279344
814	279459
815	279638
816	280073
817	280799
818	281223
819	281571
820	282603
821	284107
822	284161
823	284231
824	284412
825	284464
826	285087
827	285135
828	285674
829	285848
830	288067
831	288452
832	288843
833	289177
834	290366
835	290428
836	291142
837	291234
838	291357
839	291437
840	292415
841	292602
842	292756
843	293692
844	293976
845	294557
846	295533
847	296082
848	296185
849	296435
850	297033
851	297093
852	297369
853	298112
854	306028
855	306636
856	306930
857	307262
858	307278
859	308315
860	308430
861	308446
862	308457
863	308597
864	308752
865	308898
866	309057
867	309126
868	309292
869	309424
870	309776
871	309789
872	310747
873	311062
874	311187
875	311909
876	311924
877	312102
878	312243
879	312476
880	312790
881	313516
882	314594
883	314783
884	314934
885	314936
886	314937
887	314938
888	314957
889	314967
890	315634
891	315840
892	315881
893	316186
894	316289
895	316369
896	316592
897	316671
898	317436
899	319030
900	319930
901	321215
902	321252
903	322004
904	322303
905	322583
906	322584
907	322967
908	323298
909	324487
910	325065
911	325378
912	333654
913	333660
914	334220
915	334261
916	334343
917	334479
918	334490
919	334744
920	334745
921	334828
922	334869
923	334881
924	334901
925	334910
926	334914
927	334958
928	335557
929	335595
930	335642
931	335661
932	335730
933	336769
934	337048
935	338199
936	338379
937	338382
938	338388
939	338424
940	338698
941	338753
942	338823
943	356863
944	356866
945	356867
946	356869
947	356871
948	356873
949	356874
950	357735
951	357930
952	357945
953	358006
954	358321
955	358843
956	359137
957	359267
958	359308
959	359342
960	359350
961	359393
962	359435
963	359443
964	359461
965	359480
966	359494
967	359519
968	359545
969	359561
970	359590
971	359597
972	359627
973	359698
974	359699
975	359726
976	359827
977	359840
978	359848
979	359858
980	359914
981	359915
982	359917
983	359918
984	359933
985	359950
986	359953
987	359965
988	359986
989	360002
990	360017
991	360018
992	360058
993	360073
994	360149
995	360156
996	360157
997	360161
998	360228
999	360241
1000	360242
1001	360266
1002	360269
1003	360296
1004	360325
1005	360341
1006	360345
1007	360347
1008	360367
1009	360404
1010	360413
1011	360419
1012	360424
1013	360425
1014	360437
1015	360441
1016	360446
1017	360591
1018	360602
1019	360758
1020	360836
1021	361169
1022	361266
1023	361280
1024	361352
1025	361779
1026	361799
1027	362374
1028	362403
1029	362670
1030	362718
1031	362862
1032	363855
1033	363893
1034	365222
1035	366219
1036	367277
1037	367408
1038	367678
1039	368127
1040	387606
1041	390456
1042	390812
1043	391423
1044	391905
1045	392249
1046	393650
1047	393761
1048	393769
1049	393841
1050	394402
1051	394837
1052	396253
1053	396379
1054	396818
1055	396934
1056	397161
1057	397191
1058	397244
1059	397449
1060	398584
1061	400249
1062	400403
1063	401301
1064	401323
1065	402009
1066	402138
1067	402222
1068	402373
1069	402982
1070	403035
1071	403307
1072	404296
1073	404771
1074	405538
1075	406858
1076	407372
1077	407639
1078	407763
1079	407870
1080	408596
1081	408667
1082	409195
1083	409308
1084	409796
1085	410132
1086	410172
1087	410474
1088	410669
1089	410949
1090	411029
1091	411139
1092	411466
1093	411705
1094	411764
1095	411919
1096	411978
1097	412221
1098	412275
1099	412494
1100	412530
1101	412844
1102	412978
1103	413036
1104	413248
1105	413490
1106	413544
1107	413672
1108	413678
1109	414106
1110	414172
1111	414289
1112	414294
1113	414345
1114	414804
1115	415095
1116	415163
1117	415492
1118	415708
1119	415821
1120	415845
1121	415934
1122	416260
1123	416347
1124	416558
1125	416815
1126	416899
1127	416974
1128	417004
1129	417375
1130	417423
1131	417873
1132	417900
1133	418164
1134	418166
1135	418348
1136	418530
1137	418620
1138	419040
1139	419149
1140	419483
1141	419863
1142	419910
1143	419930
1144	420386
1145	420836
1146	420859
1147	420872
1148	420987
1149	421070
1150	421105
1151	421123
1152	421203
1153	421222
1154	421309
1155	421310
1156	422060
1157	422266
1158	422290
1159	423659
1160	423861
1161	424008
1162	424122
1163	424151
1164	424166
1165	424525
1166	424792
1167	424995
1168	425167
1169	425767
1170	426546
1171	426642
1172	427114
1173	427352
1174	427449
1175	428091
1176	428595
1177	428971
1178	429109
1179	429306
1180	429557
1181	429927
1182	430136
1183	430337
1184	430705
1185	430918
1186	431044
1187	431217
1188	431524
1189	431638
1190	431805
1191	431806
1192	431930
1193	432764
1194	433501
1195	433680
1196	433756
1197	433982
1198	434189
1199	434342
1200	434698
1201	434712
1202	435060
1203	435149
1204	435988
1205	436127
1206	436220
1207	436492
1208	436822
1209	437191
1210	437772
1211	437860
1212	438025
1213	438287
1214	438344
1215	438402
1216	438452
1217	438581
1218	438744
1219	438749
1220	438833
1221	438854
1222	439338
1223	439823
1224	439824
1225	439826
1226	439829
1227	439975
1228	439996
1229	439997
1230	440016
1231	440241
1232	440303
1233	440395
1234	440410
1235	440664
1236	440724
1237	440745
1238	440837
1239	441222
1240	441465
1241	441666
1242	441884
1243	443192
1244	443271
1245	444077
1246	444243
1247	444345
1248	444438
1249	444510
1250	444899
1251	445251
1252	445561
1253	445783
1254	446504
1255	446670
1256	446804
1257	446836
1258	446965
1259	447907
1260	448102
1261	448208
1262	448870
1263	449188
1264	449343
1265	449391
1266	449394
1267	449563
1268	449571
1269	449579
1270	449684
1271	449709
1272	449752
1273	449761
1274	449813
1275	449842
1276	449891
1277	450299
1278	450775
1279	450826
1280	450846
1281	450859
1282	450940
1283	450979
1284	451590
1285	451655
1286	451854
1287	452581
1288	453697
1289	453746
1290	453753
1291	453854
1292	453967
1293	454037
1294	454039
1295	454224
1296	454271
1297	454294
1298	454331
1299	454357
1300	454680
1301	455022
1302	455052
1303	455109
1304	455152
1305	455225
1306	455487
1307	455565
1308	455676
1309	455683
1310	455779
1311	455992
1312	456076
1313	456088
1314	456094
1315	456273
1316	456403
1317	456577
1318	456656
1319	456704
1320	456735
1321	456911
1322	457019
1323	457939
1324	458084
1325	458113
1326	458141
1327	458143
1328	458162
1329	458468
1330	458700
1331	459272
1332	460097
1333	460484
1334	460597
1335	460614
1336	460850
1337	461001
1338	461184
1339	461310
1340	461339
1341	461364
1342	461599
1343	461799
1344	461962
1345	461964
1346	461977
1347	462236
1348	462276
1349	462316
1350	462344
1351	462438
1352	462521
1353	462524
1354	462531
1355	462565
1356	462575
1357	462603
1358	462615
1359	462699
1360	462736
1361	462746
1362	462768
1363	462772
1364	462832
1365	462841
1366	462874
1367	462919
1368	462972
1369	463008
1370	463061
1371	463064
1372	463172
1373	463222
1374	463276
1375	463334
1376	463372
1377	463381
1378	463398
1379	463528
1380	463594
1381	463647
1382	463671
1383	463680
1384	463714
1385	463725
1386	463837
1387	463884
1388	463922
1389	463926
1390	463953
1391	464492
1392	464527
1393	464805
1394	464813
1395	464918
1396	464940
1397	465184
1398	465639
1399	465737
1400	465759
1401	465792
1402	465998
1403	466045
1404	466119
1405	466315
1406	466636
1407	466874
1408	467074
1409	467112
1410	467318
1411	467709
1412	467773
1413	467821
1414	468056
1415	468207
1416	468486
1417	469077
1418	469100
1419	469267
1420	469312
1421	469334
1422	469463
1423	469502
1424	469516
1425	469675
1426	469744
1427	469913
1428	470036
1429	470075
1430	470088
1431	470309
1432	470406
1433	470500
1434	471095
1435	471175
1436	471210
1437	471474
1438	471646
1439	471660
1440	472000
1441	472112
1442	472124
1443	472272
1444	472430
1445	472513
1446	473012
1447	473170
1448	473199
1449	473297
1450	473339
1451	473356
1452	473416
1453	473508
1454	474344
1455	474353
1456	474359
1457	474365
1458	474391
1459	474401
1460	474407
1461	474419
1462	474425
1463	474461
1464	474467
1465	474485
1466	474515
1467	474581
1468	474597
1469	474655
1470	474663
1471	474727
1472	474734
1473	474748
1474	475216
1475	475264
1476	477588
1477	477990
1478	478643
1479	479092
1480	480612
1481	481807
1482	485519
1483	487301
1484	487428
1485	487847
1486	488713
1487	489524
1488	489528
1489	489629
1490	491009
1491	491074
1492	492561
1493	492974
1494	493545
1495	494253
1496	494798
1497	494921
1498	495116
1499	495125
1500	495219
1501	495241
1502	496505
1503	497121
1504	497298
1505	497527
1506	497748
1507	497854
1508	498372
1509	498665
1510	498945
1511	500668
1512	500673
1513	501075
1514	502807
1515	502957
1516	503034
1517	504699
1518	505337
1519	506013
1520	506677
1521	507040
1522	507041
1523	507279
1524	507415
1525	507426
1526	507516
1527	507544
1528	507810
1529	507927
1530	508058
1531	508103
1532	508114
1533	508572
1534	508611
1535	508767
1536	509254
1537	509377
1538	509768
1539	509967
1540	509968
1541	510027
1542	510127
1543	510386
1544	510647
1545	510650
1546	510654
1547	510656
1548	510791
1549	510995
1550	511097
1551	511307
1552	511368
1553	511385
1554	511675
1555	511782
1556	511843
1557	511858
1558	511966
1559	512760
1560	513132
1561	513193
1562	513330
1563	513439
1564	513591
1565	513649
1566	514324
1567	514601
1568	514650
1569	514851
1570	516131
1571	516592
1572	516855
1573	516974
1574	517179
1575	517423
1576	517445
1577	517556
1578	517599
1579	517605
1580	517751
1581	518421
1582	518829
1583	518904
1584	519184
1585	519189
1586	519348
1587	519605
1588	520080
1589	520196
1590	520781
1591	520985
1592	521454
1593	521919
1594	522020
1595	522920
1596	522952
1597	523200
1598	523690
1599	523836
1600	523885
1601	523929
1602	523985
1603	524030
1604	524198
1605	524807
1606	525000
1607	525475
1608	525540
1609	525968
1610	525975
1611	526317
1612	526421
1613	526832
1614	526911
1615	526965
1616	527213
1617	527528
1618	529314
1619	529340
1620	529590
1621	530279
1622	530445
1623	530578
1624	531002
1625	531059
1626	531169
1627	531456
1628	531540
1629	531605
1630	531762
1631	531836
1632	531937
1633	531964
1634	533998
1635	534133
1636	534179
1637	534358
1638	534572
1639	534686
1640	534902
1641	535066
1642	536344
1643	536942
1644	537027
1645	537253
1646	537268
1647	537475
1648	537653
1649	537786
1650	538134
1651	538191
1652	538532
1653	538665
1654	538857
1655	538892
1656	539041
1657	539467
1658	539635
1659	539926
1660	540236
1661	540308
1662	540452
1663	540476
1664	540477
1665	540504
1666	540633
1667	540656
1668	540752
1669	541226
1670	541317
1671	541727
1672	541904
1673	542002
1674	543078
1675	543112
1676	543164
1677	543389
1678	544101
1679	544239
1680	544626
1681	544647
1682	544691
1683	544940
1684	545159
1685	545195
1686	545539
1687	545744
1688	545796
1689	545957
1690	545986
1691	546109
1692	546170
1693	546171
1694	547179
1695	547706
1696	547733
1697	548202
1698	548489
1699	548653
1700	549184
1701	549814
1702	549909
1703	550067
1704	550150
1705	550333
1706	550778
1707	551012
1708	551028
1709	551034
1710	551175
1711	551180
1712	552142
1713	552386
1714	552417
1715	552451
1716	552793
1717	552988
1718	553060
1719	553229
1720	553582
1721	554052
1722	555192
1723	555327
1724	555426
1725	555678
1726	556370
1727	556451
1728	557789
1729	557814
1730	558095
1731	558386
1732	558541
1733	558560
1734	558753
1735	558842
1736	559923
1737	560287
1738	560952
1739	561363
1740	561373
1741	561779
1742	562002
1743	562061
1744	562562
1745	562582
1746	562736
1747	562772
1748	562852
1749	562930
1750	562937
1751	562945
1752	563021
1753	563047
1754	563063
1755	563215
1756	563223
1757	563384
1758	563406
1759	563678
1760	563681
1761	563864
1762	563902
1763	564006
1764	564060
1765	564062
1766	564109
1767	564226
1768	564286
1769	564310
1770	564450
1771	564455
1772	564540
1773	564546
1774	564559
1775	564706
1776	564766
1777	564846
1778	564946
1779	565517
1780	565630
1781	565827
1782	566340
1783	566534
1784	566582
1785	566917
1786	567253
1787	567349
1788	567565
1789	568010
1790	568085
1791	568277
1792	568756
1793	568818
1794	568931
1795	569572
1796	570496
1797	571556
1798	571676
1799	571785
1800	572262
1801	572340
1802	573105
1803	573294
1804	573903
1805	574678
1806	574727
1807	574779
1808	574807
1809	574826
1810	574866
1811	575755
1812	576775
1813	576932
1814	577450
1815	577490
1816	578256
1817	578388
1818	578472
1819	578669
1820	578725
1821	578782
1822	579094
1823	579641
1824	579682
1825	579928
1826	580030
1827	580491
1828	580680
1829	580682
1830	581207
1831	581501
1832	581528
1833	581551
1834	581616
1835	581757
1836	582281
1837	582455
1838	582739
1839	583305
1840	583864
1841	584067
1842	584502
1843	585113
1844	585237
1845	585257
1846	585271
1847	585497
1848	585937
1849	586188
1850	586195
1851	586249
1852	586284
1853	586822
1854	586950
1855	587127
1856	587150
1857	587197
1858	587293
1859	587337
1860	587368
1861	587503
1862	587741
1863	587807
1864	588469
1865	589407
1866	589460
1867	589814
1868	589953
1869	590324
1870	590387
1871	590630
1872	590868
1873	591146
1874	591462
1875	591591
1876	591655
1877	591874
1878	592371
1879	592591
1880	593057
1881	593364
1882	593392
1883	593467
1884	594090
1885	594195
1886	595682
1887	595989
1888	596690
1889	596778
1890	597041
1891	597584
1892	597930
1893	598266
1894	598277
1895	598543
1896	598597
1897	598667
1898	599218
1899	599376
1900	601476
1901	602103
1902	602938
1903	605076
1904	605301
1905	605508
1906	605760
1907	605899
1908	606244
1909	606372
1910	606659
1911	606666
1912	607536
1913	607602
1914	608083
1915	608305
1916	608386
1917	608600
1918	608838
1919	609051
1920	609763
1921	610122
1922	610189
1923	610514
1924	610617
1925	610949
1926	611040
1927	611073
1928	611079
1929	611082
1930	611094
1931	611166
1932	611173
1933	611311
1934	611431
1935	611541
1936	611991
1937	612138
1938	612997
1939	613151
1940	615473
1941	616019
1942	616708
1943	617218
1944	617290
1945	617481
1946	618445
1947	619149
1948	619414
1949	619778
1950	619882
1951	620408
1952	620838
1953	620899
1954	620902
1955	620933
1956	621525
1957	622321
1958	622742
1959	623009
1960	623766
1961	623770
1962	624659
1963	624742
1964	625168
1965	625219
1966	625223
1967	625326
1968	625334
1969	625468
1970	625524
1971	625655
1972	625763
1973	625813
1974	625821
1975	625849
1976	626084
1977	626106
1978	626853
1979	627182
1980	627296
1981	627303
1982	627463
1983	627492
1984	627676
1985	628414
1986	628541
1987	629476
1988	629620
1989	629685
1990	629949
1991	630285
1992	630467
1993	630524
1994	630761
1995	630915
1996	630988
1997	631727
1998	632188
1999	632257
2000	632392
2001	632411
2002	632471
2003	632484
2004	632502
2005	632504
2006	632512
2007	632515
2008	632517
2009	632527
2010	632532
2011	632534
2012	632538
2013	632571
2014	632586
2015	632631
2016	632655
2017	632706
2018	632828
2019	632961
2020	632979
2021	633310
2022	633449
2023	634142
2024	634443
2025	635027
2026	635029
2027	635117
2028	635119
2029	635365
2030	635390
2031	636307
2032	636649
2033	637233
2034	638157
2035	639161
2036	639195
2037	639226
2038	639385
2039	639548
2040	639676
2041	639796
2042	639797
2043	640554
2044	640590
2045	640947
2046	641234
2047	641312
2048	641338
2049	641368
2050	641736
2051	642267
2052	642555
2053	642982
2054	643750
2055	643974
2056	644253
2057	644510
2058	644641
2059	644780
2060	645930
2061	646369
2062	646371
2063	646572
2064	646574
2065	646832
2066	647021
2067	647978
2068	648254
2069	649115
2070	649208
2071	649374
2072	649494
2073	649621
2074	649761
2075	650307
2076	650825
2077	651692
2078	652431
2079	652546
2080	653590
2081	653698
2082	653840
2083	653872
2084	653892
2085	654067
2086	654094
2087	654399
2088	655017
2089	655093
2090	655579
2091	655731
2092	655964
2093	656036
2094	656795
2095	656918
2096	657362
2097	657991
2098	658140
2099	658560
2100	659027
2101	659137
2102	660380
2103	660382
2104	660422
2105	660423
2106	660599
2107	660856
2108	661036
2109	661417
2110	661422
2111	661527
2112	661553
2113	661685
2114	661695
2115	661761
2116	662006
2117	662046
2118	662519
2119	663057
2120	663289
2121	663409
2122	663473
2123	663518
2124	663525
2125	663527
2126	663533
2127	663586
2128	664228
2129	664316
2130	665194
2131	665394
2132	665772
2133	665878
2134	666657
2135	667405
2136	667930
2137	668117
2138	668169
2139	668294
2140	668500
2141	668557
2142	669801
2143	669985
2144	670292
2145	670467
2146	670496
2147	670742
2148	671892
2149	671922
2150	671939
2151	672101
2152	672748
2153	672916
2154	673169
2155	673266
2156	673279
2157	673329
2158	673996
2159	674910
2160	674955
2161	675117
2162	675463
2163	675740
2164	675800
2165	676101
2166	676252
2167	676519
2168	676609
2169	676736
2170	677000
2171	677351
2172	677524
2173	678117
2174	678161
2175	678171
2176	678230
2177	678492
2178	678746
2179	678782
2180	678872
2181	679086
2182	679245
2183	682432
2184	686004
2185	686426
2186	686445
2187	686499
2188	687233
2189	687259
2190	687807
2191	687862
2192	688216
2193	688568
2194	688607
2195	688704
2196	688801
2197	688921
2198	689086
2199	689100
2200	689133
2201	689292
2202	689576
2203	692220
2204	692386
2205	692577
2206	692890
2207	692904
2208	693006
2209	693708
2210	693786
2211	693850
2212	693864
2213	694305
2214	696657
2215	697434
2216	699382
2217	699739
2218	699943
2219	700422
2220	701907
2221	702101
2222	702354
2223	702403
2224	702536
2225	702889
2226	702915
2227	702960
2228	703006
2229	703478
2230	703748
2231	704355
2232	704384
2233	704501
2234	704722
2235	705013
2236	705163
2237	705334
2238	705377
2239	705502
2240	705741
2241	706082
2242	706397
2243	706515
2244	706649
2245	706772
2246	706858
2247	706925
2248	707040
2249	707271
2250	707390
2251	707530
2252	707548
2253	708187
2254	708188
2255	708641
2256	708942
2257	708958
2258	709648
2259	710270
2260	710745
2261	710813
2262	710911
2263	711138
2264	711232
2265	711312
2266	711534
2267	712438
2268	713124
2269	713127
2270	713832
2271	713850
2272	713990
2273	714017
2274	714053
2275	714089
2276	714102
2277	714177
2278	714321
2279	714337
2280	714355
2281	714372
2282	714373
2283	714382
2284	714412
2285	714461
2286	714601
2287	714865
2288	714866
2289	715300
2290	715302
2291	715304
2292	715439
2293	715710
2294	716145
2295	716153
2296	716620
2297	716718
2298	716898
2299	717014
2300	717163
2301	717675
2302	717711
2303	717934
2304	718038
2305	718231
2306	718390
2307	718497
2308	718829
2309	718895
2310	719317
2311	719396
2312	720070
2313	720220
2314	720580
2315	720858
2316	721942
2317	722000
2318	722149
2319	722850
2320	722865
2321	723325
2322	724091
2323	724421
2324	724801
2325	724900
2326	726739
2327	727000
2328	727147
2329	727358
2330	727874
2331	728109
2332	728626
2333	728630
2334	728774
2335	728891
2336	728897
2337	728928
2338	728955
2339	729338
2340	729478
2341	729632
2342	729646
2343	729656
2344	729688
2345	730022
2346	730061
2347	730142
2348	730379
2349	730663
2350	730735
2351	731250
2352	731359
2353	731625
2354	731742
2355	731818
2356	732086
2357	732351
2358	732384
2359	732394
2360	732689
2361	732795
2362	732910
2363	733378
2364	733408
2365	733984
2366	734856
2367	734962
2368	735134
2369	735228
2370	735715
2371	735839
2372	736120
2373	736254
2374	736454
2375	736739
2376	737163
2377	737373
2378	737867
2379	738306
2380	738463
2381	738612
2382	738799
2383	739723
2384	742220
2385	743747
2386	744474
2387	744556
2388	744695
2389	744901
2390	745221
2391	745333
2392	745575
2393	745740
2394	746062
2395	746569
2396	746667
2397	747112
2398	747321
2399	747383
2400	747446
2401	747745
2402	747934
2403	747980
2404	748054
2405	748060
2406	748102
2407	748106
2408	748542
2409	748566
2410	748854
2411	748920
2412	749413
2413	750635
2414	750732
2415	750801
2416	750803
2417	750874
2418	750938
2419	751004
2420	751015
2421	751117
2422	751149
2423	751159
2424	751169
2425	751217
2426	751227
2427	751244
2428	751262
2429	751370
2430	751457
2431	751547
2432	751591
2433	751605
2434	751700
2435	751705
2436	751748
2437	751750
2438	751768
2439	751908
2440	752375
2441	753221
2442	753264
2443	753394
2444	754233
2445	754432
2446	756220
2447	756415
2448	756573
2449	756712
2450	756855
2451	757033
2452	757045
2453	757528
2454	757637
2455	757694
2456	757931
2457	758239
2458	758514
2459	758782
2460	759119
2461	759290
2462	759351
2463	759823
2464	759952
2465	760161
2466	760237
2467	760537
2468	760616
2469	760768
2470	760840
2471	760944
2472	760970
2473	761564
2474	761642
2475	761857
2476	761912
2477	761996
2478	762336
2479	762555
2480	762720
2481	762734
2482	762819
2483	763288
2484	764436
2485	764701
2486	764881
2487	764886
2488	764973
2489	765027
2490	766440
2491	766820
2492	767104
2493	767285
2494	767941
2495	768102
2496	768145
2497	768420
2498	770406
2499	770473
2500	770653
2501	770949
2502	770959
2503	770996
2504	771040
2505	771189
2506	771243
2507	772019
2508	772082
2509	772088
2510	772511
2511	772870
2512	773739
2513	773815
2514	773922
2515	774317
2516	774319
2517	774368
2518	775026
2519	775032
2520	775035
2521	775552
2522	775575
2523	775594
2524	775824
2525	775918
2526	776032
2527	776306
2528	776458
2529	776981
2530	777091
2531	778109
2532	778329
2533	778800
2534	779360
2535	779829
2536	780168
2537	780213
2538	780253
2539	781702
2540	781875
2541	782052
2542	782157
2543	783292
2544	783351
2545	783429
2546	783469
2547	783486
2548	783504
2549	783509
2550	783516
2551	783546
2552	783750
2553	783759
2554	783761
2555	783777
2556	784381
2557	784397
2558	784519
2559	784591
2560	784641
2561	784646
2562	784705
2563	784712
2564	784714
2565	784723
2566	784776
2567	784785
2568	784791
2569	784793
2570	784831
2571	784834
2572	784857
2573	784864
2574	784878
2575	784883
2576	784988
2577	785190
2578	786509
2579	786561
2580	786979
2581	787160
2582	787727
2583	787911
2584	788433
2585	788631
2586	789315
2587	789572
2588	789733
2589	789858
2590	790467
2591	790636
2592	791131
2593	791191
2594	791267
2595	791349
2596	791390
2597	791470
2598	792174
2599	792344
2600	792692
2601	792805
2602	793110
2603	793197
2604	793705
2605	793791
2606	794062
2607	794107
2608	794289
2609	794453
2610	794517
2611	794954
2612	795037
2613	795071
2614	795234
2615	795946
2616	796037
2617	796080
2618	796698
2619	796713
2620	796788
2621	797304
2622	797342
2623	797355
2624	797520
2625	797527
2626	797529
2627	797569
2628	797780
2629	797838
2630	797864
2631	797875
2632	798133
2633	798435
2634	798600
2635	798609
2636	798656
2637	798669
2638	798719
2639	798786
2640	798883
2641	798918
2642	798989
2643	799160
2644	799181
2645	799350
2646	801334
2647	801345
2648	801597
2649	801600
2650	802045
2651	802644
2652	804284
2653	804314
2654	804365
2655	804419
2656	804592
2657	804595
2658	804971
2659	805058
2660	805445
2661	805550
2662	805840
2663	805855
2664	806292
2665	806321
2666	806418
2667	807068
2668	807152
2669	807194
2670	807198
2671	807205
2672	809061
2673	809834
2674	810117
2675	810238
2676	810276
2677	810488
2678	810616
2679	810653
2680	810926
2681	811053
2682	811327
2683	811444
2684	812591
2685	812660
2686	812677
2687	812680
2688	812801
2689	812841
2690	812905
2691	812938
2692	812960
2693	813119
2694	813925
2695	813993
2696	814210
2697	814353
2698	814763
2699	814766
2700	815096
2701	815200
2702	815312
2703	815454
2704	815781
2705	815803
2706	816440
2707	816798
2708	816973
2709	817144
2710	817493
2711	817737
2712	817997
2713	818009
2714	818222
2715	818982
2716	819022
2717	819560
2718	819676
2719	819951
2720	820302
2721	820332
2722	820417
2723	820512
2724	820792
2725	820840
2726	820910
2727	821137
2728	821706
2729	821721
2730	821741
2731	821750
2732	821830
2733	822121
2734	822174
2735	822489
2736	822669
2737	822835
2738	823041
2739	823064
2740	823284
2741	823424
2742	823444
2743	823535
2744	823611
2745	823673
2746	824085
2747	824092
2748	824216
2749	824424
2750	824438
2751	824804
2752	825214
2753	825638
2754	825656
2755	825670
2756	825851
2757	825857
2758	825968
2759	826333
2760	826776
2761	826881
2762	826967
2763	827216
2764	827338
2765	827753
2766	827851
2767	827902
2768	828145
2769	828217
2770	828714
2771	828748
2772	828780
2773	828988
2774	829060
2775	829670
2776	829749
2777	829833
2778	829876
2779	829898
2780	829981
2781	830241
2782	830846
2783	831086
2784	831329
2785	831597
2786	831605
2787	831672
2788	832072
2789	832160
2790	832207
2791	832356
2792	832358
2793	832366
2794	832531
2795	832642
2796	832940
2797	833010
2798	833038
2799	833065
2800	833514
2801	834407
2802	834513
2803	835296
2804	835855
2805	835857
2806	835965
2807	836375
2808	836422
2809	836440
2810	836467
2811	836991
2812	837110
2813	838026
2814	838849
2815	839065
2816	839164
2817	839623
2818	839889
2819	840326
2820	840503
2821	840885
2822	841546
2823	841557
2824	841867
2825	842631
2826	843660
2827	843876
2828	844427
2829	845004
2830	846036
2831	846179
2832	847200
2833	847318
2834	848364
2835	851305
2836	851744
2837	851969
2838	851970
2839	854159
2840	854798
2841	857523
2842	859542
2843	860999
2844	864455
2845	884614
2846	884874
2847	884916
2848	884922
2849	885090
2850	885958
2851	886837
2852	886946
2853	887058
2854	887160
2855	887696
2856	888035
2857	888126
2858	888589
2859	888683
2860	888724
2861	889289
2862	889302
2863	889616
2864	890482
2865	890531
2866	890712
2867	890781
2868	890832
2869	891341
2870	892482
2871	892712
2872	892729
2873	893265
2874	893317
2875	893318
2876	893326
2877	893716
2878	893794
2879	893830
2880	893919
2881	894383
2882	894479
2883	894777
2884	894887
2885	894905
2886	895072
2887	895724
2888	895825
2889	896131
2890	896216
2891	896798
2892	896901
2893	896979
2894	897526
2895	897583
2896	897668
2897	898005
2898	898013
2899	898102
2900	898756
2901	898898
2902	899014
2903	899017
2904	899038
2905	899750
2906	900078
2907	900263
2908	900572
2909	900653
2910	900793
2911	901055
2912	901461
2913	901560
2914	901619
2915	901737
2916	901941
2917	902905
2918	904382
2919	904495
2920	905949
2921	906400
2922	906551
2923	906672
2924	906743
2925	907145
2926	908947
2927	909082
2928	910364
2929	912273
2930	912618
2931	912641
2932	912962
2933	913389
2934	914007
2935	914147
2936	914576
2937	914774
2938	914957
2939	915371
2940	915391
2941	915617
2942	915911
2943	916117
2944	916393
2945	916491
2946	916842
2947	916965
2948	917330
2949	917895
2950	918125
2951	918210
2952	918267
2953	918295
2954	918340
2955	918753
2956	919197
2957	919251
2958	919405
2959	919449
2960	919652
2961	920079
2962	920188
2963	920230
2964	920476
2965	920641
2966	920677
2967	920921
2968	921303
2969	922384
2970	922826
2971	922871
2972	923656
2973	923792
2974	923967
2975	923975
2976	924349
2977	924567
2978	926164
2979	926246
2980	928892
2981	930077
2982	930083
2983	930264
2984	930568
2985	930723
2986	930913
2987	931144
2988	932251
2989	932824
2990	932854
2991	933421
2992	933598
2993	933654
2994	934066
2995	934204
2996	934488
2997	935882
2998	935940
2999	936022
3000	936073
3001	936088
3002	936099
3003	936395
3004	936747
3005	936946
3006	937024
3007	938022
3008	938499
3009	940473
3010	941333
3011	941535
3012	941571
3013	941719
3014	941983
3015	941997
3016	942000
3017	942373
3018	942658
3019	942744
3020	943668
3021	943720
3022	944020
3023	944691
3024	945030
3025	945042
3026	945200
3027	945412
3028	945578
3029	945933
3030	946759
3031	946764
3032	947085
3033	947258
3034	947673
3035	947702
3036	947795
3037	947835
3038	947857
3039	947968
3040	948021
3041	948161
3042	948244
3043	948411
3044	948584
3045	948657
3046	948776
3047	948778
3048	948836
3049	948842
3050	948903
3051	948963
3052	949011
3053	949017
3054	949055
3055	949060
3056	949092
3057	949323
3058	949324
3059	949372
3060	949551
3061	949944
3062	950883
3063	951149
3064	951159
3065	951161
3066	951255
3067	951293
3068	951366
3069	951367
3070	951768
3071	953454
3072	953472
3073	953473
3074	953474
3075	953477
3076	953485
3077	953507
3078	953584
3079	953595
3080	953996
3081	954047
3082	954177
3083	954500
3084	954773
3085	954884
3086	955036
3087	955269
3088	955335
3089	955377
3090	955677
3091	955746
3092	955748
3093	956123
3094	956517
3095	956519
3096	956738
3097	956889
3098	957002
3099	957421
3100	957852
3101	958370
3102	958634
3103	958936
3104	958959
3105	959068
3106	959132
3107	959373
3108	959387
3109	959452
3110	959511
3111	960048
3112	960191
3113	960292
3114	960322
3115	960438
3116	960688
3117	960702
3118	960728
3119	960812
3120	960880
3121	961046
3122	961099
3123	961222
3124	961244
3125	961738
3126	961792
3127	962129
3128	962178
3129	962271
3130	962492
3131	962536
3132	962918
3133	963020
3134	963326
3135	963408
3136	963452
3137	963701
3138	963824
3139	964399
3140	964718
3141	965005
3142	965132
3143	965278
3144	965358
3145	965408
3146	965864
3147	965878
3148	966044
3149	966296
3150	966380
3151	966474
3152	966567
3153	966792
3154	966915
3155	967308
3156	967524
3157	967548
3158	967578
3159	968447
3160	968630
3161	968663
3162	968692
3163	968784
3164	969473
3165	969522
3166	969906
3167	969990
3168	970238
3169	970955
3170	971093
3171	971201
3172	971257
3173	971693
3174	972085
3175	972233
3176	972235
3177	972264
3178	972273
3179	972348
3180	972482
3181	972759
3182	972857
3183	972875
3184	973221
3185	973234
3186	973245
3187	973288
3188	973302
3189	973517
3190	973555
3191	973556
3192	973607
3193	973652
3194	973664
3195	973698
3196	973897
3197	973929
3198	974025
3199	974080
3200	974925
3201	975107
3202	975476
3203	975670
3204	975671
3205	975706
3206	975766
3207	975821
3208	976292
3209	976719
3210	977429
3211	977668
3212	977718
3213	977933
3214	978112
3215	978164
3216	978661
3217	979424
3218	979724
3219	980371
3220	980662
3221	981636
3222	981638
3223	981784
3224	981806
3225	981997
3226	982128
3227	982381
3228	983207
3229	983339
3230	983379
3231	983445
3232	983616
3233	983637
3234	983672
3235	983718
3236	983765
3237	985269
3238	985465
3239	985998
3240	986145
3241	986353
3242	987799
3243	987883
3244	987928
3245	988442
3246	988462
3247	988627
3248	988942
3249	989253
3250	989717
3251	989989
3252	990099
3253	990302
3254	990320
3255	990345
3256	990437
3257	990445
3258	990599
3259	990614
3260	990626
3261	990638
3262	990647
3263	990659
3264	990743
3265	990755
3266	990761
3267	990839
3268	990871
3269	990886
3270	990921
3271	991068
3272	991076
3273	991088
3274	991175
3275	991176
3276	991177
3277	991178
3278	991407
3279	991448
3280	992075
3281	992748
3282	993068
3283	993358
3284	995094
3285	995155
3286	995219
3287	995531
3288	995880
3289	996115
3290	996186
3291	996264
3292	996404
3293	996420
3294	996486
3295	996609
3296	996690
3297	996750
3298	996756
3299	996845
3300	996866
3301	996888
3302	996917
3303	996922
3304	996935
3305	996938
3306	996958
3307	996976
3308	996998
3309	997055
3310	997057
3311	997065
3312	997067
3313	997079
3314	997085
3315	997115
3316	997154
3317	997172
3318	997181
3319	997193
3320	997276
3321	997289
3322	997313
3323	997575
3324	997584
3325	997585
3326	998813
3327	999356
3328	999872
3329	1000216
3330	1000302
3331	1000746
3332	1000749
3333	1001015
3334	1001028
3335	1001376
3336	1001559
3337	1001643
3338	1001651
3339	1001693
3340	1001698
3341	1001860
3342	1001903
3343	1001912
3344	1002120
3345	1002142
3346	1002831
3347	1002877
3348	1002944
3349	1002953
3350	1003097
3351	1003653
3352	1003828
3353	1003831
3354	1003846
3355	1004075
3356	1004484
3357	1004510
3358	1004571
3359	1004750
3360	1005094
3361	1005205
3362	1005242
3363	1005347
3364	1005536
3365	1005712
3366	1005985
3367	1006013
3368	1006021
3369	1006336
3370	1006507
3371	1006508
3372	1006523
3373	1006582
3374	1006625
3375	1006916
3376	1006995
3377	1007405
3378	1007450
3379	1007851
3380	1007969
3381	1008019
3382	1008086
3383	1008244
3384	1008337
3385	1008416
3386	1008694
3387	1008775
3388	1008954
3389	1008959
3390	1008961
3391	1009429
3392	1009666
3393	1009764
3394	1010438
3395	1010566
3396	1010714
3397	1011135
3398	1011492
3399	1011560
3400	1011957
3401	1012030
3402	1012360
3403	1012425
3404	1012519
3405	1012828
3406	1012938
3407	1013262
3408	1013372
3409	1013424
3410	1013676
3411	1013682
3412	1014398
3413	1014648
3414	1014683
3415	1014781
3416	1014888
3417	1015158
3418	1015693
3419	1015785
3420	1015974
3421	1016196
3422	1016617
3423	1016702
3424	1016761
3425	1017334
3426	1017402
3427	1017659
3428	1018484
3429	1018751
3430	1019207
3431	1019213
3432	1019362
3433	1020294
3434	1020674
3435	1021046
3436	1021258
3437	1022090
3438	1023219
3439	1023462
3440	1023495
3441	1023618
3442	1024162
3443	1024163
3444	1024359
3445	1024420
3446	1024727
3447	1024780
3448	1024920
3449	1025082
3450	1025259
3451	1026539
3452	1026648
3453	1026690
3454	1026789
3455	1026875
3456	1026902
3457	1027005
3458	1027124
3459	1027656
3460	1027774
3461	1027887
3462	1028033
3463	1028436
3464	1028534
3465	1028752
3466	1029201
3467	1029354
3468	1029457
3469	1029719
3470	1029775
3471	1030133
3472	1030298
3473	1031144
3474	1031334
3475	1032218
3476	1032391
3477	1032558
3478	1032592
3479	1032624
3480	1034278
3481	1034405
3482	1034653
3483	1034695
3484	1035010
3485	1035023
3486	1035113
3487	1035190
3488	1035227
3489	1035317
3490	1035463
3491	1035599
3492	1035601
3493	1036445
3494	1037003
3495	1037203
3496	1037248
3497	1037450
3498	1037528
3499	1037982
3500	1038053
3501	1038888
3502	1039821
3503	1039891
3504	1039895
3505	1040218
3506	1040363
3507	1040378
3508	1040443
3509	1040609
3510	1040692
3511	1040722
3512	1040884
3513	1040979
3514	1041011
3515	1041067
3516	1041263
3517	1041585
3518	1041848
3519	1041889
3520	1041931
3521	1042136
3522	1042326
3523	1042406
3524	1042923
3525	1043335
3526	1043545
3527	1043642
3528	1043721
3529	1043924
3530	1044078
3531	1044361
3532	1044494
3533	1044508
3534	1044845
3535	1044867
3536	1045415
3537	1045416
3538	1045428
3539	1046495
3540	1046524
3541	1046868
3542	1046887
3543	1047436
3544	1047440
3545	1047587
3546	1047779
3547	1047942
3548	1047948
3549	1047999
3550	1048698
3551	1048795
3552	1048938
3553	1049479
3554	1049769
3555	1049822
3556	1050094
3557	1050589
3558	1050663
3559	1050974
3560	1051164
3561	1051628
3562	1051864
3563	1052283
3564	1052355
3565	1052550
3566	1052588
3567	1053034
3568	1053125
3569	1053149
3570	1053194
3571	1053211
3572	1053287
3573	1053903
3574	1054111
3575	1054456
3576	1054715
3577	1055116
3578	1055138
3579	1055899
3580	1056174
3581	1057046
3582	1057289
3583	1057477
3584	1057590
3585	1057689
3586	1057703
3587	1057704
3588	1057705
3589	1057904
3590	1057910
3591	1058248
3592	1058543
3593	1058619
3594	1058673
3595	1058726
3596	1058823
3597	1058892
3598	1059948
3599	1060086
3600	1060247
3601	1060358
3602	1060361
3603	1060450
3604	1060488
3605	1061320
3606	1061438
3607	1061507
3608	1061694
3609	1061761
3610	1061965
3611	1061976
3612	1062019
3613	1062214
3614	1062226
3615	1062256
3616	1062277
3617	1062319
3618	1062424
3619	1062431
3620	1062445
3621	1062472
3622	1062478
3623	1062487
3624	1062510
3625	1062511
3626	1062580
3627	1062582
3628	1062583
3629	1062613
3630	1062616
3631	1062619
3632	1062652
3633	1062655
3634	1062682
3635	1062742
3636	1062748
3637	1062813
3638	1062826
3639	1062883
3640	1062909
3641	1062914
3642	1062969
3643	1062975
3644	1062978
3645	1063028
3646	1063091
3647	1063148
3648	1063172
3649	1063213
3650	1063325
3651	1063564
3652	1063565
3653	1063572
3654	1063586
3655	1063591
3656	1063650
3657	1063846
3658	1063931
3659	1064035
3660	1064153
3661	1064534
3662	1064773
3663	1064984
3664	1065781
3665	1065956
3666	1066073
3667	1066370
3668	1066646
3669	1066706
3670	1067284
3671	1067618
3672	1068859
3673	1068863
3674	1068987
3675	1069006
3676	1069111
3677	1069186
3678	1069196
3679	1069222
3680	1069225
3681	1069315
3682	1069319
3683	1069358
3684	1069382
3685	1069416
3686	1069483
3687	1069509
3688	1069615
3689	1069623
3690	1069626
3691	1069649
3692	1069672
3693	1069768
3694	1069798
3695	1070147
3696	1073056
3697	1073128
3698	1073365
3699	1073526
3700	1073531
3701	1073588
3702	1074551
3703	1075229
3704	1075941
3705	1075950
3706	1076181
3707	1076290
3708	1076339
3709	1076406
3710	1076516
3711	1077368
3712	1078077
3713	1079204
3714	1079426
3715	1080170
3716	1080422
3717	1080480
3718	1080482
3719	1080524
3720	1080990
3721	1081664
3722	1081777
3723	1081877
3724	1081889
3725	1081952
3726	1081976
3727	1081985
3728	1081996
3729	1082018
3730	1082036
3731	1082047
3732	1082065
3733	1082084
3734	1082147
3735	1082207
3736	1082213
3737	1082291
3738	1082302
3739	1082376
3740	1082394
3741	1082397
3742	1082421
3743	1082426
3744	1082453
3745	1082495
3746	1082680
3747	1082755
3748	1083031
3749	1083032
3750	1083039
3751	1083053
3752	1083058
3753	1083087
3754	1083089
3755	1083102
3756	1083103
3757	1083110
3758	1083124
3759	1083129
3760	1083293
3761	1084059
3762	1084082
3763	1084133
3764	1084173
3765	1084200
3766	1084337
3767	1084949
3768	1085080
3769	1085843
3770	1085855
3771	1085942
3772	1085994
3773	1086043
3774	1086175
3775	1086368
3776	1087430
3777	1087441
3778	1087453
3779	1087598
3780	1087656
3781	1087841
3782	1087967
3783	1088240
3784	1088344
3785	1089087
3786	1089106
3787	1089360
3788	1089431
3789	1089976
3790	1090191
3791	1090270
3792	1090765
3793	1091213
3794	1091744
3795	1092357
3796	1092716
3797	1092851
3798	1092965
3799	1093167
3800	1093223
3801	1094094
3802	1094212
3803	1094782
3804	1094790
3805	1094988
3806	1095221
3807	1095418
3808	1095833
3809	1095880
3810	1096005
3811	1096010
3812	1096399
3813	1097095
3814	1097651
3815	1098353
3816	1098518
3817	1098858
3818	1098909
3819	1098958
3820	1098959
3821	1098964
3822	1099033
3823	1099074
3824	1099561
3825	1099613
3826	1099902
3827	1100214
3828	1100357
3829	1100517
3830	1100592
3831	1100697
3832	1100853
3833	1100897
3834	1101004
3835	1101185
3836	1101194
3837	1101204
3838	1101206
3839	1101209
3840	1101314
3841	1101539
3842	1101791
3843	1101849
3844	1101895
3845	1102183
3846	1102328
3847	1102378
3848	1102426
3849	1102522
3850	1102619
3851	1102872
3852	1103564
3853	1103790
3854	1104017
3855	1104106
3856	1104210
3857	1104418
3858	1104438
3859	1104497
3860	1104813
3861	1104925
3862	1105254
3863	1105354
3864	1105531
3865	1105944
3866	1106396
3867	1107076
3868	1107185
3869	1107773
3870	1108258
3871	1108441
3872	1109050
3873	1109072
3874	1109098
3875	1109231
3876	1109240
3877	1109290
3878	1109787
3879	1109833
3880	1110040
3881	1110162
3882	1110165
3883	1110354
3884	1110633
3885	1110637
3886	1110704
3887	1110766
3888	1110917
3889	1110935
3890	1110941
3891	1110977
3892	1111076
3893	1111190
3894	1111208
3895	1111231
3896	1111232
3897	1111238
3898	1111403
3899	1111727
3900	1111730
3901	1112006
3902	1112013
3903	1112036
3904	1112073
3905	1112084
3906	1112099
3907	1112102
3908	1112143
3909	1112229
3910	1112238
3911	1112242
3912	1112249
3913	1112273
3914	1112360
3915	1112365
3916	1112461
3917	1112499
3918	1112557
3919	1112574
3920	1112649
3921	1112672
3922	1112683
3923	1112768
3924	1112803
3925	1112972
3926	1113455
3927	1113862
3928	1114119
3929	1114979
3930	1115014
3931	1115197
3932	1115340
3933	1115619
3934	1116122
3935	1116202
3936	1116250
3937	1116372
3938	1116768
3939	1116832
3940	1117134
3941	1117169
3942	1117184
3943	1117199
3944	1117332
3945	1117395
3946	1118147
3947	1118297
3948	1119030
3949	1119169
3950	1119558
3951	1119716
3952	1119809
3953	1119996
3954	1120131
3955	1120250
3956	1120602
3957	1120617
3958	1120702
3959	1120961
3960	1121123
3961	1121331
3962	1121917
3963	1122565
3964	1122726
3965	1123098
3966	1123207
3967	1123227
3968	1123305
3969	1123493
3970	1123519
3971	1123603
3972	1123659
3973	1123667
3974	1123675
3975	1123891
3976	1123907
3977	1123915
3978	1124030
3979	1124033
3980	1124070
3981	1124079
3982	1124636
3983	1124639
3984	1124731
3985	1124737
3986	1125676
3987	1125992
3988	1126236
3989	1126567
3990	1126709
3991	1127490
3992	1127518
3993	1127960
3994	1127991
3995	1128038
3996	1128363
3997	1129050
3998	1129066
3999	1129093
4000	1129146
4001	1129188
4002	1129605
4003	1129701
4004	1129727
4005	1129958
4006	1130033
4007	1130071
4008	1130074
4009	1130125
4010	1130204
4011	1130245
4012	1130553
4013	1130572
4014	1131414
4015	1131490
4016	1131599
4017	1131773
4018	1131777
4019	1132083
4020	1132170
4021	1132177
4022	1132275
4023	1132614
4024	1133410
4025	1133709
4026	1133833
4027	1133848
4028	1133874
4029	1134043
4030	1134328
4031	1134548
4032	1134648
4033	1134807
4034	1135759
4035	1135939
4036	1136624
4037	1137245
4038	1137546
4039	1137714
4040	1137860
4041	1137897
4042	1137951
4043	1138450
4044	1138466
4045	1138622
4046	1138673
4047	1138763
4048	1138874
4049	1138920
4050	1139112
4051	1139538
4052	1139657
4053	1139779
4054	1139839
4055	1140485
4056	1140493
4057	1140496
4058	1140578
4059	1141073
4060	1141301
4061	1141830
4062	1141897
4063	1144580
4064	1144765
4065	1144875
4066	1144901
4067	1145334
4068	1145688
4069	1145826
4070	1145945
4071	1146226
4072	1146334
4073	1146715
4074	1146727
4075	1146753
4076	1146761
4077	1146812
4078	1147031
4079	1147658
4080	1147699
4081	1148148
4082	1148184
4083	1148193
4084	1148252
4085	1148309
4086	1148516
4087	1148518
4088	1148519
4089	1148837
4090	1149453
4091	1150552
4092	1151535
4093	1151991
4094	1152263
4095	1152322
4096	1152325
4097	1152410
4098	1152426
4099	1152599
4100	1152635
4101	1152709
4102	1152889
4103	1153344
4104	1153468
4105	1153485
4106	1153796
4107	1153824
4108	1154034
4109	1154042
4110	1154060
4111	1154095
4112	1154113
4113	1154335
4114	1154351
4115	1154690
4116	1154721
4117	1154760
4118	1154843
4119	1154844
4120	1154872
4121	1154877
4122	1154898
4123	1154960
4124	1154968
4125	1155054
4126	1155060
4127	1155066
4128	1155069
4129	1155101
4130	1155108
4131	1155162
4132	1155171
4133	1155195
4134	1155199
4135	1155228
4136	1155234
4137	1155252
4138	1155258
4139	1155264
4140	1155291
4141	1155372
4142	1155418
4143	1155488
4144	1155549
4145	1155592
4146	1155611
4147	1155626
4148	1155907
4149	1155952
4150	1155953
4151	1155976
4152	1155985
4153	1155994
4154	1156032
4155	1156039
4156	1156079
4157	1156089
4158	1156112
4159	1156115
4160	1156207
4161	1156244
4162	1156249
4163	1156263
4164	1156267
4165	1156284
4166	1156297
4167	1156328
4168	1156368
4169	1156473
4170	1156519
4171	1156909
4172	1157200
4173	1157306
4174	1157332
4175	1157518
4176	1158392
4177	1159308
4178	1159565
4179	1159855
4180	1160016
4181	1160201
4182	1160333
4183	1160450
4184	1160765
4185	1161133
4186	1161673
4187	1161958
4188	1161996
4189	1162202
4190	1162231
4191	1162841
4192	1162998
4193	1163252
4194	1163290
4195	1163947
4196	1164318
4197	1164753
4198	1164787
4199	1165287
4200	1165465
4201	1165660
4202	1165831
4203	1165874
4204	1166106
4205	1166407
4206	1166476
4207	1166644
4208	1166873
4209	1166971
4210	1167241
4211	1167469
4212	1167717
4213	1167862
4214	1168488
4215	1168544
4216	1168558
4217	1168639
4218	1168666
4219	1168959
4220	1169289
4221	1169598
4222	1169758
4223	1169815
4224	1170102
4225	1170111
4226	1170148
4227	1170252
4228	1170277
4229	1170688
4230	1170889
4231	1171385
4232	1171507
4233	1171579
4234	1171672
4235	1172510
4236	1172681
4237	1173290
4238	1173495
4239	1173551
4240	1173592
4241	1173724
4242	1173886
4243	1174041
4244	1174664
4245	1174698
4246	1174792
4247	1174823
4248	1175252
4249	1175539
4250	1175577
4251	1175583
4252	1175650
4253	1175968
4254	1175996
4255	1176749
4256	1176946
4257	1177053
4258	1177118
4259	1177263
4260	1177290
4261	1177675
4262	1178511
4263	1178608
4264	1179070
4265	1179192
4266	1179466
4267	1179816
4268	1179839
4269	1179969
4270	1180091
4271	1180190
4272	1180225
4273	1180357
4274	1180550
4275	1180723
4276	1180744
4277	1180851
4278	1180886
4279	1180932
4280	1181112
4281	1181338
4282	1181367
4283	1182133
4284	1182157
4285	1182566
4286	1182618
4287	1182632
4288	1182667
4289	1182698
4290	1182715
4291	1182719
4292	1182743
4293	1182752
4294	1182830
4295	1182851
4296	1182882
4297	1183007
4298	1183014
4299	1183016
4300	1183022
4301	1183192
4302	1183252
4303	1183829
4304	1184477
4305	1184665
4306	1184827
4307	1185659
4308	1185775
4309	1185927
4310	1186281
4311	1187045
4312	1187369
4313	1187700
4314	1188288
4315	1188406
4316	1188472
4317	1188501
4318	1189868
4319	1189938
4320	1190226
4321	1190277
4322	1190473
4323	1190565
4324	1191245
4325	1191588
4326	1192110
4327	1192835
4328	1193281
4329	1193762
4330	1193842
4331	1194198
4332	1194446
4333	1195025
4334	1195055
4335	1195078
4336	1195482
4337	1195516
4338	1195520
4339	1195615
4340	1195621
4341	1195812
4342	1195985
4343	1196180
4344	1196221
4345	1196566
4346	1197114
4347	1197169
4348	1197595
4349	1197721
4350	1197755
4351	1198149
4352	1200367
4353	1200692
4354	1201159
4355	1201473
4356	1201487
4357	1203384
4358	1203651
4359	1204197
4360	1204207
4361	1204632
4362	1205657
4363	1205896
4364	1206071
4365	1206135
4366	1206348
4367	1206417
4368	1206723
4369	1207095
4370	1207622
4371	1207751
4372	1207872
4373	1207923
4374	1208043
4375	1208044
4376	1208049
4377	1208400
4378	1208524
4379	1208637
4380	1209039
4381	1209218
4382	1209570
4383	1210034
4384	1210831
4385	1210942
4386	1210984
4387	1211016
4388	1211156
4389	1211409
4390	1211678
4391	1212026
4392	1212415
4393	1212732
4394	1212981
4395	1213112
4396	1213385
4397	1213685
4398	1214063
4399	1214155
4400	1215137
4401	1215287
4402	1215786
4403	1215806
4404	1215941
4405	1216138
4406	1216774
4407	1216810
4408	1216815
4409	1216836
4410	1216855
4411	1217636
4412	1217915
4413	1218743
4414	1218890
4415	1218914
4416	1219150
4417	1219226
4418	1219346
4419	1219465
4420	1219494
4421	1219543
4422	1219614
4423	1219668
4424	1219972
4425	1220036
4426	1220103
4427	1220262
4428	1220771
4429	1220992
4430	1221267
4431	1221404
4432	1221773
4433	1221942
4434	1222100
4435	1222268
4436	1222344
4437	1222370
4438	1222371
4439	1222401
4440	1222425
4441	1222525
4442	1223326
4443	1223894
4444	1224376
4445	1224797
4446	1224827
4447	1225112
4448	1225750
4449	1225818
4450	1226330
4451	1227571
4452	1227595
4453	1227728
4454	1227815
4455	1228226
4456	1228526
4457	1228664
4458	1228969
4459	1228991
4460	1229184
4461	1229812
4462	1229832
4463	1230018
4464	1230123
4465	1230298
4466	1230392
4467	1230606
4468	1230664
4469	1231338
4470	1231763
4471	1232124
4472	1232426
4473	1232732
4474	1232766
4475	1232892
4476	1232937
4477	1233006
4478	1233445
4479	1233553
4480	1233687
4481	1233895
4482	1233916
4483	1233967
4484	1234021
4485	1234096
4486	1234180
4487	1234416
4488	1234457
4489	1234874
4490	1235055
4491	1235179
4492	1236330
4493	1236555
4494	1236595
4495	1236596
4496	1238521
4497	1238597
4498	1238720
4499	1238797
4500	1238809
4501	1239170
4502	1240188
4503	1240202
4504	1240505
4505	1240544
4506	1240548
4507	1240553
4508	1240634
4509	1240791
4510	1241009
4511	1241018
4512	1241033
4513	1241130
4514	1241549
4515	1241890
4516	1241965
4517	1242365
4518	1242659
4519	1243096
4520	1243585
4521	1243606
4522	1243688
4523	1243735
4524	1243901
4525	1243905
4526	1244201
4527	1244695
4528	1245160
4529	1245433
4530	1245595
4531	1245801
4532	1246156
4533	1246456
4534	1246791
4535	1246798
4536	1247295
4537	1247471
4538	1247676
4539	1248730
4540	1249630
4541	1250597
4542	1253832
4543	1253886
4544	1253937
4545	1254361
4546	1254363
4547	1254365
4548	1254366
4549	1254560
4550	1254574
4551	1254684
4552	1254840
4553	1255243
4554	1255278
4555	1256120
4556	1256220
4557	1256275
4558	1256609
4559	1257056
4560	1257081
4561	1257112
4562	1257156
4563	1257169
4564	1257215
4565	1257234
4566	1257314
4567	1257475
4568	1257535
4569	1258095
4570	1258598
4571	1258682
4572	1259043
4573	1259942
4574	1260263
4575	1260398
4576	1260527
4577	1260739
4578	1260908
4579	1261026
4580	1261386
4581	1261816
4582	1262188
4583	1262612
4584	1262614
4585	1262716
4586	1262863
4587	1262871
4588	1263107
4589	1263142
4590	1263317
4591	1263472
4592	1264058
4593	1264635
4594	1264790
4595	1265149
4596	1265243
4597	1265252
4598	1265602
4599	1265603
4600	1265692
4601	1265977
4602	1266027
4603	1267307
4604	1267338
4605	1267648
4606	1268507
4607	1268765
4608	1269027
4609	1269115
4610	1269228
4611	1269268
4612	1269371
4613	1269376
4614	1269483
4615	1269637
4616	1269656
4617	1269709
4618	1269975
4619	1269978
4620	1270408
4621	1270493
4622	1270676
4623	1270695
4624	1270818
4625	1271326
4626	1271925
4627	1271933
4628	1271982
4629	1272220
4630	1272421
4631	1272516
4632	1275015
4633	1275037
4634	1275335
4635	1277970
4636	1278321
4637	1278605
4638	1279116
4639	1279239
4640	1279313
4641	1279459
4642	1279871
4643	1280239
4644	1280526
4645	1280877
4646	1281201
4647	1281287
4648	1281379
4649	1281385
4650	1281409
4651	1281449
4652	1281487
4653	1281526
4654	1281541
4655	1281547
4656	1281604
4657	1281616
4658	1281622
4659	1281637
4660	1281672
4661	1281691
4662	1281697
4663	1281709
4664	1281838
4665	1281932
4666	1281965
4667	1282044
4668	1282050
4669	1282086
4670	1282149
4671	1282155
4672	1282512
4673	1282548
4674	1282549
4675	1282554
4676	1282572
4677	1282591
4678	1282602
4679	1282641
4680	1282695
4681	1282839
4682	1282854
4683	1282858
4684	1282874
4685	1283139
4686	1283384
4687	1283669
4688	1283892
4689	1284000
4690	1284023
4691	1284219
4692	1284430
4693	1284450
4694	1284526
4695	1284998
4696	1285119
4697	1286390
4698	1286823
4699	1287165
4700	1287289
4701	1287338
4702	1287644
4703	1287662
4704	1288124
4705	1288165
4706	1288177
4707	1288260
4708	1288276
4709	1289083
4710	1289178
4711	1289223
4712	1290075
4713	1290687
4714	1290753
4715	1291130
4716	1291141
4717	1291352
4718	1291591
4719	1291603
4720	1291924
4721	1291976
4722	1292018
4723	1292437
4724	1292750
4725	1292900
4726	1292935
4727	1293768
4728	1294324
4729	1294593
4730	1294654
4731	1294658
4732	1294678
4733	1294700
4734	1294703
4735	1294751
4736	1294758
4737	1294766
4738	1294789
4739	1294792
4740	1294868
4741	1294884
4742	1294922
4743	1294925
4744	1294928
4745	1294984
4746	1295034
4747	1295104
4748	1295252
4749	1295267
4750	1295360
4751	1295579
4752	1295581
4753	1295685
4754	1295723
4755	1295827
4756	1295877
4757	1295881
4758	1295883
4759	1296072
4760	1296158
4761	1296211
4762	1296392
4763	1296909
4764	1296958
4765	1297017
4766	1297217
4767	1297544
4768	1297755
4769	1297935
4770	1297982
4771	1298308
4772	1298379
4773	1298589
4774	1298624
4775	1298746
4776	1298844
4777	1298888
4778	1298954
4779	1299168
4780	1299585
4781	1299636
4782	1299962
4783	1300031
4784	1300360
4785	1300401
4786	1300470
4787	1300660
4788	1300889
4789	1300894
4790	1300911
4791	1301024
4792	1301082
4793	1301410
4794	1302057
4795	1302556
4796	1302810
4797	1302897
4798	1303061
4799	1303340
4800	1303395
4801	1303509
4802	1303512
4803	1303775
4804	1303928
4805	1304587
4806	1304641
4807	1305252
4808	1305364
4809	1306153
4810	1306605
4811	1307710
4812	1307810
4813	1308932
4814	1308998
4815	1309100
4816	1309640
4817	1310389
4818	1311027
4819	1311436
4820	1311558
4821	1311683
4822	1311850
4823	1312136
4824	1312362
4825	1312778
4826	1312918
4827	1313203
4828	1313217
4829	1313800
4830	1314187
4831	1314481
4832	1317112
4833	1317319
4834	1317584
4835	1317637
4836	1317756
4837	1319279
4838	1319487
4839	1320016
4840	1320206
4841	1320392
4842	1321715
4843	1321761
4844	1321842
4845	1321843
4846	1321855
4847	1322102
4848	1322179
4849	1322201
4850	1322311
4851	1322353
4852	1322386
4853	1322423
4854	1322516
4855	1322530
4856	1322561
4857	1322665
4858	1322799
4859	1322903
4860	1323041
4861	1323045
4862	1323211
4863	1323407
4864	1323415
4865	1323462
4866	1323537
4867	1323538
4868	1323612
4869	1323849
4870	1323864
4871	1323944
4872	1324101
4873	1324143
4874	1324151
4875	1324173
4876	1324191
4877	1324208
4878	1324448
4879	1324459
4880	1324464
4881	1324483
4882	1324599
4883	1324683
4884	1324722
4885	1324724
4886	1324950
4887	1325038
4888	1325099
4889	1326351
4890	1326738
4891	1327723
4892	1328312
4893	1328323
4894	1329835
4895	1329899
4896	1330186
4897	1330375
4898	1330964
4899	1331267
4900	1331507
4901	1331553
4902	1331608
4903	1331765
4904	1331815
4905	1331823
4906	1331900
4907	1332403
4908	1332417
4909	1332799
4910	1332801
4911	1332965
4912	1333079
4913	1333123
4914	1333580
4915	1333640
4916	1333807
4917	1334244
4918	1334656
4919	1335043
4920	1335208
4921	1336106
4922	1336340
4923	1337498
4924	1337851
4925	1338132
4926	1338232
4927	1338314
4928	1338619
4929	1339154
4930	1339271
4931	1339711
4932	1340267
4933	1341344
4934	1341538
4935	1341958
4936	1342584
4937	1343445
4938	1343937
4939	1343994
4940	1344054
4941	1344404
4942	1344464
4943	1345356
4944	1345444
4945	1345539
4946	1345665
4947	1345666
4948	1345864
4949	1345882
4950	1345908
4951	1345936
4952	1345937
4953	1346107
4954	1346345
4955	1346544
4956	1346692
4957	1347374
4958	1348043
4959	1349517
4960	1350331
4961	1350389
4962	1350428
4963	1350905
4964	1351153
4965	1351203
4966	1351228
4967	1351243
4968	1351294
4969	1351302
4970	1351389
4971	1351449
4972	1351458
4973	1351574
4974	1352452
4975	1352492
4976	1352552
4977	1352853
4978	1353105
4979	1353192
4980	1353556
4981	1354080
4982	1354199
4983	1354202
4984	1354327
4985	1354367
4986	1355354
4987	1355887
4988	1356357
4989	1356536
4990	1356959
4991	1357042
4992	1359126
4993	1359413
4994	1359707
4995	1359761
4996	1359817
4997	1359820
4998	1360217
4999	1360575
5000	1360720
5001	1360900
5002	1361086
5003	1361265
5004	1361360
5005	1361402
5006	1361520
5007	1361662
5008	1362423
5009	1362485
5010	1362489
5011	1362498
5012	1362528
5013	1362608
5014	1362655
5015	1362825
5016	1362835
5017	1362983
5018	1363201
5019	1363863
5020	1364349
5021	1364528
5022	1365140
5023	1365459
5024	1365548
5025	1365612
5026	1365700
5027	1365883
5028	1366256
5029	1366398
5030	1366509
5031	1366536
5032	1366676
5033	1366901
5034	1367061
5035	1367289
5036	1367327
5037	1367437
5038	1367571
5039	1368016
5040	1368487
5041	1369448
5042	1369834
5043	1369956
5044	1369991
5045	1370749
5046	1371088
5047	1371268
5048	1371541
5049	1371556
5050	1371743
5051	1371749
5052	1371946
5053	1372021
5054	1372144
5055	1372438
5056	1372468
5057	1372560
5058	1372591
5059	1372668
5060	1372794
5061	1373391
5062	1373526
5063	1374054
5064	1374328
5065	1374395
5066	1375866
5067	1375868
5068	1376363
5069	1376365
5070	1376407
5071	1376449
5072	1376774
5073	1376848
5074	1376969
5075	1376997
5076	1377105
5077	1377572
5078	1377941
5079	1378056
5080	1378407
5081	1378423
5082	1378454
5083	1379161
5084	1379692
5085	1380090
5086	1380399
5087	1380588
5088	1381198
5089	1381542
5090	1381559
5091	1381623
5092	1381736
5093	1381789
5094	1381870
5095	1381982
5096	1382013
5097	1383058
5098	1383128
5099	1383132
5100	1383138
5101	1383269
5102	1384084
5103	1384729
5104	1385112
5105	1385313
5106	1385788
5107	1386020
5108	1386151
5109	1386342
5110	1386448
5111	1386463
5112	1386598
5113	1386846
5114	1386959
5115	1387010
5116	1387330
5117	1387944
5118	1388092
5119	1388100
5120	1388212
5121	1388228
5122	1388300
5123	1388430
5124	1388471
5125	1388477
5126	1388750
5127	1388798
5128	1388949
5129	1389284
5130	1389987
5131	1390004
5132	1390078
5133	1390248
5134	1390380
5135	1390571
5136	1391112
5137	1391151
5138	1391174
5139	1391175
5140	1391290
5141	1391427
5142	1391636
5143	1392111
5144	1392331
5145	1392525
5146	1392973
5147	1394081
5148	1394507
5149	1394727
5150	1395345
5151	1395362
5152	1395412
5153	1395453
5154	1395531
5155	1395906
5156	1396316
5157	1396357
5158	1396740
5159	1396837
5160	1397481
5161	1397548
5162	1397559
5163	1397676
5164	1397785
5165	1397936
5166	1398097
5167	1398141
5168	1398369
5169	1398878
5170	1398921
5171	1398924
5172	1399071
5173	1399168
5174	1399251
5175	1399303
5176	1399741
5177	1399931
5178	1399995
5179	1400035
5180	1400611
5181	1400744
5182	1401049
5183	1401211
5184	1401744
5185	1401788
5186	1401798
5187	1402329
5188	1402415
5189	1403034
5190	1403681
5191	1403983
5192	1404009
5193	1404553
5194	1404676
5195	1404718
5196	1404852
5197	1405193
5198	1405212
5199	1405253
5200	1405677
5201	1405770
5202	1405785
5203	1406056
5204	1406589
5205	1406820
5206	1407032
5207	1407153
5208	1407494
5209	1407743
5210	1407976
5211	1408586
5212	1408699
5213	1408880
5214	1409655
5215	1409721
5216	1410480
5217	1410527
5218	1410671
5219	1411594
5220	1411609
5221	1411871
5222	1412556
5223	1412598
5224	1412635
5225	1412652
5226	1412663
5227	1412669
5228	1412980
5229	1413215
5230	1413281
5231	1413325
5232	1413519
5233	1413559
5234	1414523
5235	1415002
5236	1415328
5237	1415403
5238	1415436
5239	1415486
5240	1415494
5241	1415735
5242	1415748
5243	1415777
5244	1415921
5245	1416054
5246	1417004
5247	1417008
5248	1417049
5249	1417246
5250	1417322
5251	1417426
5252	1417814
5253	1418024
5254	1418156
5255	1418178
5256	1418200
5257	1418241
5258	1418293
5259	1418299
5260	1418348
5261	1418876
5262	1418936
5263	1418948
5264	1418949
5265	1419419
5266	1419570
5267	1419681
5268	1419855
5269	1419902
5270	1420552
5271	1420557
5272	1421632
5273	1421747
5274	1421788
5275	1422106
5276	1422925
5277	1423235
5278	1423321
5279	1423685
5280	1423698
5281	1424390
5282	1424961
5283	1425659
5284	1426420
5285	1426446
5286	1426579
5287	1426583
5288	1426783
5289	1427121
5290	1427746
5291	1428116
5292	1428152
5293	1428537
5294	1429091
5295	1429379
5296	1429663
5297	1430093
5298	1430153
5299	1430723
5300	1431023
5301	1431061
5302	1431195
5303	1431416
5304	1431529
5305	1431539
5306	1431558
5307	1431740
5308	1432059
5309	1432109
5310	1432255
5311	1432261
5312	1432451
5313	1432663
5314	1433078
5315	1433179
5316	1433186
5317	1433309
5318	1433575
5319	1433733
5320	1433931
5321	1434038
5322	1434130
5323	1434664
5324	1434669
5325	1434930
5326	1434972
5327	1435017
5328	1435086
5329	1435149
5330	1435186
5331	1435530
5332	1435607
5333	1435822
5334	1435975
5335	1436166
5336	1436218
5337	1436322
5338	1436484
5339	1436898
5340	1437210
5341	1437458
5342	1437581
5343	1437584
5344	1437827
5345	1437883
5346	1437899
5347	1437902
5348	1438148
5349	1438630
5350	1438697
5351	1438983
5352	1439610
5353	1439839
5354	1439894
5355	1440064
5356	1443277
5357	1443279
5358	1443463
5359	1446115
5360	1447542
5361	1448482
5362	1448500
5363	1448545
5364	1448558
5365	1448763
5366	1448873
5367	1449277
5368	1449314
5369	1449580
5370	1449764
5371	1450004
5372	1450311
5373	1450525
5374	1451080
5375	1451152
5376	1451272
5377	1451296
5378	1451302
5379	1451305
5380	1451336
5381	1451537
5382	1451622
5383	1451836
5384	1451880
5385	1451901
5386	1451934
5387	1452061
5388	1452097
5389	1452136
5390	1452208
5391	1452220
5392	1452243
5393	1452549
5394	1452657
5395	1453375
5396	1453416
5397	1453459
5398	1453817
5399	1453836
5400	1453839
5401	1453844
5402	1453852
5403	1454011
5404	1454678
5405	1455100
5406	1455299
5407	1455332
5408	1455353
5409	1456148
5410	1456166
5411	1456579
5412	1456611
5413	1456894
5414	1457132
5415	1457373
5416	1457666
5417	1458230
5418	1458421
5419	1458501
5420	1458592
5421	1458596
5422	1458678
5423	1458767
5424	1458867
5425	1459355
5426	1459534
5427	1459657
5428	1460121
5429	1460267
5430	1460439
5431	1460636
5432	1460695
5433	1461131
5434	1461560
5435	1462138
5436	1462144
5437	1462150
5438	1462192
5439	1462210
5440	1462219
5441	1462653
5442	1462693
5443	1462740
5444	1462759
5445	1462796
5446	1462831
5447	1462850
5448	1462862
5449	1462864
5450	1462903
5451	1463001
5452	1463002
5453	1463031
5454	1463036
5455	1463100
5456	1463146
5457	1463250
5458	1463392
5459	1463459
5460	1463507
5461	1463587
5462	1463718
5463	1463721
5464	1464217
5465	1464629
5466	1464752
5467	1465130
5468	1465655
5469	1465683
5470	1465684
5471	1465730
5472	1466289
5473	1466760
5474	1467438
5475	1467527
5476	1467955
5477	1468062
5478	1468102
5479	1468131
5480	1468317
5481	1468338
5482	1468686
5483	1468698
5484	1468853
5485	1469753
5486	1469789
5487	1470065
5488	1470641
5489	1470875
5490	1470966
5491	1470981
5492	1471341
5493	1471509
5494	1472040
5495	1472230
5496	1472504
5497	1472643
5498	1473288
5499	1473477
5500	1473656
5501	1473878
5502	1473959
5503	1474087
5504	1474247
5505	1474317
5506	1474505
5507	1474730
5508	1474907
5509	1474949
5510	1475669
5511	1475703
5512	1476364
5513	1476400
5514	1476487
5515	1476558
5516	1476565
5517	1476573
5518	1476579
5519	1476675
5520	1476691
5521	1476705
5522	1476791
5523	1476843
5524	1477059
5525	1477622
5526	1477623
5527	1477667
5528	1477687
5529	1478263
5530	1478594
5531	1478734
5532	1478986
5533	1479377
5534	1479429
5535	1479531
5536	1479561
5537	1479630
5538	1479676
5539	1479782
5540	1479869
5541	1479962
5542	1480119
5543	1480382
5544	1480504
5545	1480598
5546	1480717
5547	1480729
5548	1480802
5549	1481222
5550	1481342
5551	1481534
5552	1481616
5553	1481711
5554	1481959
5555	1482395
5556	1482491
5557	1483011
5558	1483101
5559	1483318
5560	1483519
5561	1483802
5562	1483829
5563	1484601
5564	1484901
5565	1484943
5566	1485205
5567	1485382
5568	1485432
5569	1485904
5570	1485909
5571	1485913
5572	1486032
5573	1486178
5574	1486413
5575	1486627
5576	1486640
5577	1486768
5578	1486771
5579	1486774
5580	1486780
5581	1486987
5582	1487185
5583	1487229
5584	1487355
5585	1487358
5586	1487398
5587	1487406
5588	1487517
5589	1487604
5590	1488039
5591	1488208
5592	1488346
5593	1488835
5594	1488954
5595	1489151
5596	1489351
5597	1489352
5598	1489670
5599	1489704
5600	1489744
5601	1489762
5602	1489841
5603	1490001
5604	1490267
5605	1490551
5606	1490740
5607	1490989
5608	1491030
5609	1491038
5610	1491437
5611	1491444
5612	1491465
5613	1491466
5614	1491491
5615	1491770
5616	1492493
5617	1492688
5618	1493563
5619	1493789
5620	1493942
5621	1493958
5622	1494762
5623	1494918
5624	1495281
5625	1495505
5626	1495636
5627	1495883
5628	1495902
5629	1495973
5630	1496258
5631	1496318
5632	1496500
5633	1496834
5634	1496842
5635	1496924
5636	1497604
5637	1497627
5638	1497944
5639	1498095
5640	1498420
5641	1499038
5642	1500039
5643	1500115
5644	1500354
5645	1500382
5646	1500390
5647	1500788
5648	1501235
5649	1503492
5650	1505656
5651	1506372
5652	1506703
5653	1507280
5654	1507726
5655	1508396
5656	1508623
5657	1508790
5658	1509233
5659	1509346
5660	1509890
5661	1509905
5662	1509922
5663	1509923
5664	1510193
5665	1511387
5666	1511389
5667	1511432
5668	1511841
5669	1513555
5670	1513797
5671	1514536
5672	1515033
5673	1515516
5674	1516316
5675	1517652
5676	1518480
5677	1518752
5678	1519366
5679	1519497
5680	1519675
5681	1519899
5682	1520226
5683	1520308
5684	1521032
5685	1521141
5686	1521207
5687	1521367
5688	1521382
5689	1521466
5690	1521600
5691	1521960
5692	1522161
5693	1522178
5694	1523535
5695	1523785
5696	1523892
5697	1524812
5698	1525530
5699	1526022
5700	1526064
5701	1527066
5702	1527215
5703	1527688
5704	1527725
5705	1527767
5706	1528288
5707	1528375
5708	1528456
5709	1529716
5710	1530333
5711	1530521
5712	1531004
5713	1531201
5714	1532040
5715	1532772
5716	1533568
5717	1533616
5718	1534854
5719	1534860
5720	1535214
5721	1538145
5722	1541066
5723	1542288
5724	1542445
5725	1543264
5726	1543300
5727	1543468
5728	1543603
5729	1544135
5730	1544173
5731	1546168
5732	1546420
5733	1546518
5734	1546556
5735	1546963
5736	1547246
5737	1547429
5738	1547668
5739	1547718
5740	1547773
5741	1547988
5742	1547989
5743	1548226
5744	1548628
5745	1549538
5746	1552450
5747	1554296
5748	1555507
5749	1555526
5750	1556347
5751	1556619
5752	1557344
5753	1557426
5754	1557430
5755	1557618
5756	1558199
5757	1558256
5758	1558715
5759	1559703
5760	1559842
5761	1559932
5762	1560494
5763	1561432
5764	1561718
5765	1562178
5766	1562732
5767	1562955
5768	1563055
5769	1564393
5770	1564845
5771	1564920
5772	1564938
5773	1564948
5774	1565023
5775	1565426
5776	1565550
5777	1565760
5778	1566180
5779	1566249
5780	1566254
5781	1566273
5782	1566438
5783	1567384
5784	1567506
5785	1567511
5786	1567601
5787	1567691
5788	1568068
5789	1568724
5790	1568752
5791	1568757
5792	1569052
5793	1569390
5794	1569546
5795	1569771
5796	1570083
5797	1570419
5798	1570621
5799	1570634
5800	1571052
5801	1571128
5802	1571583
5803	1571606
5804	1572006
5805	1572016
5806	1572709
5807	1572711
5808	1572720
5809	1572726
5810	1573011
5811	1573266
5812	1573668
5813	1573851
5814	1573962
5815	1574802
5816	1575103
5817	1575184
5818	1575196
5819	1575212
5820	1575284
5821	1575306
5822	1575381
5823	1575454
5824	1575476
5825	1575644
5826	1576622
5827	1576682
5828	1577325
5829	1577597
5830	1577701
5831	1577935
5832	1578088
5833	1578397
5834	1578411
5835	1578412
5836	1578466
5837	1578467
5838	1579052
5839	1579059
5840	1579094
5841	1579575
5842	1580011
5843	1580336
5844	1581095
5845	1581215
5846	1581652
5847	1581660
5848	1581761
5849	1581803
5850	1582320
5851	1582661
5852	1582844
5853	1582907
5854	1583013
5855	1583350
5856	1583475
5857	1583515
5858	1583745
5859	1583899
5860	1584546
5861	1584780
5862	1584882
5863	1584957
5864	1585088
5865	1585131
5866	1585151
5867	1585231
5868	1585354
5869	1585413
5870	1585774
5871	1586425
5872	1586444
5873	1586932
5874	1587048
5875	1587531
5876	1587664
5877	1587844
5878	1588013
5879	1588023
5880	1588083
5881	1588144
5882	1588157
5883	1588199
5884	1588238
5885	1588407
5886	1588833
5887	1588938
5888	1589279
5889	1589879
5890	1590207
5891	1590404
5892	1590469
5893	1590896
5894	1591044
5895	1591180
5896	1591270
5897	1591281
5898	1591443
5899	1593500
5900	1593577
5901	1593641
5902	1593773
5903	1594009
5904	1594052
5905	1594452
5906	1594517
5907	1594899
5908	1595002
5909	1595353
5910	1595373
5911	1595471
5912	1595637
5913	1595722
5914	1595902
5915	1596395
5916	1596456
5917	1596607
5918	1596882
5919	1597906
5920	1598413
5921	1598830
5922	1598985
5923	1599434
5924	1599720
5925	1600075
5926	1600582
5927	1600698
5928	1601068
5929	1601752
5930	1602189
5931	1602338
5932	1602754
5933	1602926
5934	1603249
5935	1603461
5936	1603572
5937	1603620
5938	1603891
5939	1604260
5940	1604528
5941	1604813
5942	1605409
5943	1605578
5944	1605711
5945	1606045
5946	1607749
5947	1608132
5948	1608154
5949	1608638
5950	1609164
5951	1609165
5952	1609246
5953	1609492
5954	1609713
5955	1610039
5956	1610131
5957	1610340
5958	1610662
5959	1610952
5960	1611044
5961	1611199
5962	1611358
5963	1611427
5964	1611676
5965	1611860
5966	1611875
5967	1612259
5968	1612608
5969	1612691
5970	1612693
5971	1612736
5972	1613013
5973	1613381
5974	1613391
5975	1613591
5976	1613724
5977	1614097
5978	1614312
5979	1614371
5980	1614461
5981	1614788
5982	1614869
5983	1614903
5984	1614905
5985	1614927
5986	1614939
5987	1614972
5988	1615164
5989	1615522
5990	1616169
5991	1616392
5992	1616686
5993	1616718
5994	1617148
5995	1617810
5996	1618111
5997	1618237
5998	1618419
5999	1618946
6000	1619163
6001	1619232
6002	1619497
6003	1619500
6004	1619732
6005	1619749
6006	1620076
6007	1620395
6008	1620530
6009	1620561
6010	1620562
6011	1620567
6012	1620568
6013	1620569
6014	1620607
6015	1620612
6016	1620613
6017	1621135
6018	1621598
6019	1621714
6020	1622023
6021	1622118
6022	1622312
6023	1623119
6024	1623217
6025	1623812
6026	1624363
6027	1624453
6028	1624988
6029	1625319
6030	1625364
6031	1625563
6032	1626448
6033	1626748
6034	1627677
6035	1627972
6036	1628893
6037	1629353
6038	1629881
6039	1629961
6040	1629991
6041	1630215
6042	1630240
6043	1630268
6044	1630278
6045	1630555
6046	1630850
6047	1631248
6048	1631352
6049	1632946
6050	1633610
6051	1633928
6052	1633965
6053	1633988
6054	1633997
6055	1634152
6056	1634265
6057	1634527
6058	1634612
6059	1634755
6060	1634899
6061	1634905
6062	1635318
6063	1635549
6064	1635624
6065	1636017
6066	1636492
6067	1636496
6068	1637245
6069	1637402
6070	1637578
6071	1637999
6072	1638189
6073	1638487
6074	1639221
6075	1639257
6076	1639299
6077	1639380
6078	1639400
6079	1639452
6080	1639464
6081	1639660
6082	1639888
6083	1639984
6084	1640083
6085	1640344
6086	1640506
6087	1640791
6088	1641093
6089	1641915
6090	1641918
6091	1642214
6092	1642234
6093	1642271
6094	1643359
6095	1643797
6096	1643904
6097	1644094
6098	1644100
6099	1644108
6100	1644192
6101	1644658
6102	1644797
6103	1644878
6104	1644949
6105	1645760
6106	1645799
6107	1645823
6108	1645932
6109	1645960
6110	1646265
6111	1646404
6112	1646631
6113	1646771
6114	1646833
6115	1647153
6116	1647156
6117	1647197
6118	1647297
6119	1647615
6120	1647623
6121	1647852
6122	1647943
6123	1648024
6124	1648497
6125	1649201
6126	1649223
6127	1649888
6128	1650034
6129	1650051
6130	1650100
6131	1658125
6132	1658664
6133	1658827
6134	1660165
6135	1660222
6136	1660705
6137	1661031
6138	1661151
6139	1661349
6140	1661546
6141	1661754
6142	1661795
6143	1662695
6144	1668332
6145	1668648
6146	1668990
6147	1669144
6148	1669215
6149	1669489
6150	1669806
6151	1669834
6152	1670065
6153	1670332
6154	1670562
6155	1670565
6156	1670916
6157	1671002
6158	1671022
6159	1671082
6160	1671601
6161	1671656
6162	1671796
6163	1671874
6164	1671877
6165	1671880
6166	1671945
6167	1672091
6168	1672127
6169	1672384
6170	1672471
6171	1672473
6172	1672540
6173	1672549
6174	1672559
6175	1672569
6176	1672610
6177	1672615
6178	1672645
6179	1672722
6180	1673396
6181	1673634
6182	1673955
6183	1674189
6184	1674306
6185	1674321
6186	1674333
6187	1674348
6188	1674402
6189	1674426
6190	1674444
6191	1674450
6192	1674459
6193	1674468
6194	1674485
6195	1674492
6196	1674501
6197	1674612
6198	1675054
6199	1675166
6200	1675230
6201	1675336
6202	1675382
6203	1675468
6204	1675594
6205	1675948
6206	1676034
6207	1676113
6208	1676163
6209	1676335
6210	1676372
6211	1676515
6212	1676537
6213	1676783
6214	1677212
6215	1677280
6216	1677534
6217	1677785
6218	1677966
6219	1677972
6220	1678016
6221	1678033
6222	1678043
6223	1678091
6224	1678094
6225	1678105
6226	1678811
6227	1679175
6228	1679418
6229	1679529
6230	1679823
6231	1679882
6232	1679940
6233	1680027
6234	1680425
6235	1680510
6236	1680867
6237	1680959
6238	1681175
6239	1681214
6240	1681419
6241	1681513
6242	1681850
6243	1681859
6244	1682129
6245	1682176
6246	1682627
6247	1682983
6248	1682987
6249	1683211
6250	1683494
6251	1683495
6252	1683745
6253	1685892
6254	1686714
6255	1697422
6256	1697616
6257	1698338
6258	1698586
6259	1700464
6260	1701001
6261	1704536
6262	1705177
6263	1705840
6264	1706307
6265	1706309
6266	1706337
6267	1706504
6268	1706518
6269	1706746
6270	1706747
6271	1706883
6272	1707029
6273	1707410
6274	1707572
6275	1707672
6276	1707715
6277	1707821
6278	1708085
6279	1708370
6280	1708504
6281	1708794
6282	1708806
6283	1708867
6284	1709074
6285	1709260
6286	1709503
6287	1709959
6288	1710040
6289	1710128
6290	1710182
6291	1710296
6292	1710450
6293	1710640
6294	1710819
6295	1710929
6296	1711252
6297	1711364
6298	1711765
6299	1711779
6300	1711926
6301	1711981
6302	1712181
6303	1712282
6304	1712520
6305	1712685
6306	1713372
6307	1713660
6308	1713879
6309	1713893
6310	1713915
6311	1713917
6312	1714000
6313	1714557
6314	1714718
6315	1714783
6316	1714891
6317	1715078
6318	1715080
6319	1715252
6320	1715253
6321	1715258
6322	1715336
6323	1715420
6324	1715440
6325	1715457
6326	1715544
6327	1715599
6328	1715757
6329	1715925
6330	1715967
6331	1716016
6332	1717712
6333	1717736
6334	1717822
6335	1717859
6336	1717864
6337	1717899
6338	1718130
6339	1718308
6340	1718380
6341	1718382
6342	1718425
6343	1718439
6344	1718828
6345	1719000
6346	1719064
6347	1719087
6348	1719238
6349	1719468
6350	1720076
6351	1720139
6352	1720771
6353	1720882
6354	1722060
6355	1722107
6356	1722643
6357	1722647
6358	1722917
6359	1723111
6360	1723556
6361	1723575
6362	1723713
6363	1723907
6364	1723958
6365	1724149
6366	1724294
6367	1724490
6368	1725066
6369	1725069
6370	1725159
6371	1726270
6372	1726926
6373	1728157
6374	1728447
6375	1728475
6376	1728491
6377	1728534
6378	1728708
6379	1728841
6380	1729081
6381	1729587
6382	1729737
6383	1729757
6384	1729787
6385	1729912
6386	1730277
6387	1730412
6388	1730638
6389	1731044
6390	1731072
6391	1731116
6392	1731118
6393	1731119
6394	1731120
6395	1733643
6396	1733879
6397	1734083
6398	1734575
6399	1735506
6400	1736033
6401	1736205
6402	1741682
6403	1741766
6404	1742072
6405	1742092
6406	1742116
6407	1742118
6408	1742125
6409	1742156
6410	1742185
6411	1742189
6412	1742190
6413	1742191
6414	1742332
6415	1742536
6416	1742555
6417	1742559
6418	1742637
6419	1742662
6420	1742676
6421	1742897
6422	1743009
6423	1743146
6424	1743188
6425	1743197
6426	1743266
6427	1743410
6428	1743571
6429	1743615
6430	1743632
6431	1743680
6432	1743796
6433	1743861
6434	1743988
6435	1744249
6436	1744473
6437	1744516
6438	1744872
6439	1745087
6440	1746324
6441	1749475
6442	1750123
6443	1752965
6444	1753039
6445	1753062
6446	1753099
6447	1753171
6448	1753549
6449	1754270
6450	1754403
6451	1754409
6452	1754439
6453	1754453
6454	1754730
6455	1754773
6456	1755300
6457	1755394
6458	1755986
6459	1756221
6460	1756413
6461	1756465
6462	1756955
6463	1757329
6464	1758189
6465	1758227
6466	1758256
6467	1758486
6468	1758603
6469	1758815
6470	1759241
6471	1760804
6472	1761195
6473	1761490
6474	1761540
6475	1762422
6476	1762489
6477	1762785
6478	1763032
6479	1763052
6480	1763181
6481	1763194
6482	1763195
6483	1763307
6484	1763308
6485	1763322
6486	1763391
6487	1763830
6488	1763831
6489	1763846
6490	1763858
6491	1763867
6492	1763870
6493	1763875
6494	1763891
6495	1763897
6496	1764030
6497	1764258
6498	1764334
6499	1764543
6500	1764786
6501	1764973
6502	1765004
6503	1765102
6504	1765275
6505	1765747
6506	1766188
6507	1766276
6508	1766335
6509	1766802
6510	1767183
6511	1767372
6512	1767622
6513	1767907
6514	1768102
6515	1768349
6516	1768486
6517	1768551
6518	1768729
6519	1768944
6520	1769020
6521	1769181
6522	1769322
6523	1769355
6524	1769434
6525	1769520
6526	1769555
6527	1769704
6528	1769848
6529	1770042
6530	1770963
6531	1771410
6532	1771620
6533	1771928
6534	1772164
6535	1772202
6536	1772217
6537	1772226
6538	1772374
6539	1772422
6540	1772437
6541	1772472
6542	1772706
6543	1772758
6544	1772914
6545	1774040
6546	1774046
6547	1774075
6548	1774528
6549	1774598
6550	1774610
6551	1774813
6552	1775759
6553	1777702
6554	1777916
6555	1778078
6556	1778107
6557	1778314
6558	1778386
6559	1780000
6560	1781887
6561	1782108
6562	1782190
6563	1786749
6564	1786752
6565	1786844
6566	1787086
6567	1787092
6568	1787358
6569	1787685
6570	1788775
6571	1788902
6572	1788954
6573	1789033
6574	1789042
6575	1789232
6576	1789259
6577	1789328
6578	1789377
6579	1789971
6580	1790286
6581	1791235
6582	1794065
6583	1794279
6584	1794436
6585	1794498
6586	1794623
6587	1794694
6588	1794770
6589	1794800
6590	1794992
6591	1795215
6592	1795505
6593	1795605
6594	1795916
6595	1796088
6596	1796093
6597	1796459
6598	1796463
6599	1796539
6600	1796822
6601	1796903
6602	1797048
6603	1797126
6604	1797773
6605	1797775
6606	1798466
6607	1798499
6608	1798621
6609	1798882
6610	1798912
6611	1799039
6612	1799968
6613	1800260
6614	1800591
6615	1800668
6616	1800671
6617	1800683
6618	1800874
6619	1800883
6620	1801261
6621	1801574
6622	1801592
6623	1801601
6624	1801644
6625	1801649
6626	1801711
6627	1801717
6628	1801955
6629	1802157
6630	1802292
6631	1802795
6632	1803052
6633	1803201
6634	1803263
6635	1803683
6636	1804353
6637	1804926
6638	1806009
6639	1806015
6640	1806348
6641	1806546
6642	1806547
6643	1807015
6644	1807061
6645	1807373
6646	1807767
6647	1807879
6648	1807984
6649	1808372
6650	1808593
6651	1808754
6652	1808777
6653	1808845
6654	1809389
6655	1809598
6656	1809811
6657	1810152
6658	1810638
6659	1810735
6660	1810864
6661	1811160
6662	1811163
6663	1811198
6664	1811210
6665	1813499
6666	1813514
6667	1814698
6668	1817852
6669	1818263
6670	1818302
6671	1819987
6672	1825005
6673	1825550
6674	1825565
6675	1825786
6676	1825836
6677	1825959
6678	1826035
6679	1826061
6680	1826156
6681	1826192
6682	1826422
6683	1826453
6684	1826670
6685	1826898
6686	1826959
6687	1827412
6688	1828037
6689	1828632
6690	1829286
6691	1832188
6692	1832903
6693	1834267
6694	1834561
6695	1834790
6696	1835150
6697	1835483
6698	1835877
6699	1836209
6700	1836702
6701	1836874
6702	1837206
6703	1837756
6704	1838046
6705	1838072
6706	1838128
6707	1838195
6708	1838241
6709	1838250
6710	1838272
6711	1838601
6712	1838631
6713	1839044
6714	1839062
6715	1839297
6716	1839333
6717	1839646
6718	1839687
6719	1839784
6720	1840331
6721	1840355
6722	1840659
6723	1841261
6724	1842240
6725	1842324
6726	1842634
6727	1843959
6728	1844144
6729	1844461
6730	1844966
6731	1845134
6732	1845320
6733	1845397
6734	1845424
6735	1845499
6736	1845613
6737	1846204
6738	1846714
6739	1846797
6740	1846803
6741	1846931
6742	1847254
6743	1847489
6744	1847871
6745	1848039
6746	1848372
6747	1848633
6748	1848708
6749	1849149
6750	1849416
6751	1849422
6752	1849429
6753	1849434
6754	1849435
6755	1849449
6756	1850131
6757	1850712
6758	1850959
6759	1851888
6760	1851963
6761	1852093
6762	1852314
6763	1852390
6764	1852858
6765	1852904
6766	1852920
6767	1852956
6768	1853115
6769	1853256
6770	1853318
6771	1853325
6772	1853983
6773	1854470
6774	1854740
6775	1854752
6776	1854830
6777	1854899
6778	1856042
6779	1856798
6780	1856870
6781	1856937
6782	1856956
6783	1857699
6784	1857700
6785	1858176
6786	1858685
6787	1858858
6788	1859084
6789	1859172
6790	1859829
6791	1859981
6792	1860102
6793	1860181
6794	1860187
6795	1860395
6796	1860450
6797	1862154
6798	1868741
6799	1868851
6800	1868972
6801	1869112
6802	1869120
6803	1869131
6804	1869156
6805	1869256
6806	1869339
6807	1869539
6808	1869574
6809	1869583
6810	1869720
6811	1869781
6812	1869859
6813	1869928
6814	1870348
6815	1870427
6816	1870567
6817	1870796
6818	1870826
6819	1870889
6820	1871499
6821	1871518
6822	1871549
6823	1871669
6824	1872716
6825	1873001
6826	1873055
6827	1873942
6828	1874421
6829	1874445
6830	1874811
6831	1875097
6832	1875533
6833	1875728
6834	1875745
6835	1875749
6836	1875876
6837	1875944
6838	1875969
6839	1876013
6840	1876055
6841	1876171
6842	1876495
6843	1876607
6844	1876901
6845	1877250
6846	1877528
6847	1877549
6848	1877580
6849	1877816
6850	1877909
6851	1878088
6852	1878701
6853	1878824
6854	1879594
6855	1879999
6856	1880407
6857	1880572
6858	1880793
6859	1880796
6860	1881061
6861	1881288
6862	1881441
6863	1881912
6864	1882100
6865	1882334
6866	1882442
6867	1882682
6868	1882805
6869	1883249
6870	1883911
6871	1884210
6872	1884399
6873	1884821
6874	1884959
6875	1886441
6876	1887264
6877	1887764
6878	1887887
6879	1887908
6880	1887920
6881	1888012
6882	1888093
6883	1888104
6884	1888106
6885	1888992
6886	1889311
6887	1889493
6888	1889605
6889	1889767
6890	1890087
6891	1890271
6892	1890761
6893	1890873
6894	1890945
6895	1890946
6896	1891229
6897	1891269
6898	1892107
6899	1892528
6900	1892696
6901	1892831
6902	1892888
6903	1893148
6904	1893191
6905	1893485
6906	1893487
6907	1893505
6908	1893659
6909	1893818
6910	1893836
6911	1893882
6912	1893999
6913	1894132
6914	1894394
6915	1894669
6916	1894694
6917	1894704
6918	1894773
6919	1894861
6920	1894962
6921	1894986
6922	1895122
6923	1895501
6924	1895504
6925	1895508
6926	1895529
6927	1896435
6928	1896734
6929	1897172
6930	1897193
6931	1897211
6932	1897247
6933	1897295
6934	1897354
6935	1897385
6936	1897387
6937	1897388
6938	1897552
6939	1897606
6940	1898023
6941	1898557
6942	1898609
6943	1898675
6944	1898920
6945	1898930
6946	1898967
6947	1898983
6948	1899240
6949	1899448
6950	1899601
6951	1900007
6952	1900055
6953	1900064
6954	1900261
6955	1900283
6956	1900480
6957	1900681
6958	1900798
6959	1901400
6960	1901501
6961	1901568
6962	1901665
6963	1901734
6964	1901930
6965	1902231
6966	1902317
6967	1902319
6968	1902736
6969	1903034
6970	1903131
6971	1903476
6972	1904290
6973	1904724
6974	1904728
6975	1904794
6976	1904810
6977	1905832
6978	1906319
6979	1906509
6980	1906737
6981	1906759
6982	1906873
6983	1906976
6984	1907083
6985	1907093
6986	1907097
6987	1907213
6988	1907258
6989	1907377
6990	1907492
6991	1907523
6992	1907530
6993	1907574
6994	1907779
6995	1908167
6996	1908478
6997	1909011
6998	1909309
6999	1909744
7000	1910007
7001	1910121
7002	1911076
7003	1911077
7004	1911386
7005	1911876
7006	1912720
7007	1912862
7008	1912961
7009	1913054
7010	1914204
7011	1914257
7012	1914596
7013	1915124
7014	1915549
7015	1915740
7016	1915747
7017	1916056
7018	1916162
7019	1916419
7020	1916595
7021	1916656
7022	1916812
7023	1917008
7024	1917025
7025	1917812
7026	1917965
7027	1918656
7028	1918720
7029	1918793
7030	1918862
7031	1920252
7032	1920692
7033	1920935
7034	1921107
7035	1921338
7036	1921431
7037	1921449
7038	1921715
7039	1921850
7040	1921931
7041	1922013
7042	1922170
7043	1922394
7044	1922643
7045	1922739
7046	1922923
7047	1923058
7048	1923186
7049	1923404
7050	1923408
7051	1923786
7052	1924216
7053	1924287
7054	1924453
7055	1925166
7056	1925236
7057	1925347
7058	1925506
7059	1930378
7060	1930405
7061	1930411
7062	1930429
7063	1930635
7064	1930811
7065	1931124
7066	1931162
7067	1931327
7068	1931859
7069	1932393
7070	1932711
7071	1932944
7072	1933025
7073	1933360
7074	1933681
7075	1933847
7076	1934227
7077	1935136
7078	1935203
7079	1935295
7080	1935497
7081	1935652
7082	1935653
7083	1935808
7084	1936587
7085	1936983
7086	1937129
7087	1937154
7088	1937237
7089	1937368
7090	1937531
7091	1937618
7092	1937960
7093	1938094
7094	1938606
7095	1938792
7096	1938884
7097	1938927
7098	1939348
7099	1939359
7100	1939366
7101	1939424
7102	1939980
7103	1940288
7104	1940450
7105	1941098
7106	1941460
7107	1941611
7108	1941983
7109	1942146
7110	1942343
7111	1942664
7112	1943302
7113	1943858
7114	1943933
7115	1944008
7116	1944449
7117	1944826
7118	1945053
7119	1945087
7120	1945099
7121	1945124
7122	1945144
7123	1945150
7124	1946084
7125	1946502
7126	1948549
7127	1948562
7128	1948764
7129	1949254
7130	1949357
7131	1949924
7132	1950436
7133	1950467
7134	1950545
7135	1950663
7136	1950815
7137	1951495
7138	1951783
7139	1952388
7140	1952573
7141	1952742
7142	1953227
7143	1953612
7144	1954047
7145	1954250
7146	1954874
7147	1955161
7148	1955174
7149	1955269
7150	1955328
7151	1955388
7152	1955679
7153	1955831
7154	1955929
7155	1956210
7156	1956596
7157	1956704
7158	1956978
7159	1957283
7160	1957284
7161	1957475
7162	1957587
7163	1957915
7164	1957952
7165	1958014
7166	1958121
7167	1958726
7168	1958808
7169	1958975
7170	1959034
7171	1960244
7172	1960526
7173	1960604
7174	1961060
7175	1961519
7176	1961552
7177	1964352
7178	1964815
7179	1965509
7180	1965631
7181	1967141
7182	1970718
7183	1971499
7184	1971834
7185	1971848
7186	1972482
7187	1972545
7188	1972618
7189	1972881
7190	1973063
7191	1973314
7192	1973583
7193	1974403
7194	1974450
7195	1974650
7196	1975171
7197	1975532
7198	1975548
7199	1976306
7200	1976655
7201	1976836
7202	1977074
7203	1977082
7204	1977085
7205	1977103
7206	1977130
7207	1977186
7208	1977764
7209	1978440
7210	1978799
7211	1978945
7212	1979377
7213	1979530
7214	1979999
7215	1980499
7216	1980595
7217	1980851
7218	1980979
7219	1981277
7220	1981753
7221	1981767
7222	1981781
7223	1981782
7224	1981843
7225	1981857
7226	1982221
7227	1982408
7228	1982523
7229	1982715
7230	1982794
7231	1982889
7232	1983034
7233	1983056
7234	1983414
7235	1983471
7236	1983552
7237	1983554
7238	1983555
7239	1984245
7240	1984373
7241	1984459
7242	1984712
7243	1984770
7244	1984887
7245	1985373
7246	1985784
7247	1985956
7248	1987218
7249	1987867
7250	1988393
7251	1988869
7252	1988873
7253	1988914
7254	1988918
7255	1989264
7256	1990081
7257	1991994
7258	1992986
7259	1993426
7260	1993644
7261	1994084
7262	1994435
7263	1994671
7264	1994717
7265	1995213
7266	1995603
7267	1995780
7268	1995956
7269	1996126
7270	1996528
7271	1996685
7272	1997302
7273	1997405
7274	1997413
7275	1997611
7276	1998309
7277	1998448
7278	1998561
7279	1998945
7280	1998963
7281	1998977
7282	1999023
7283	1999203
7284	1999231
7285	1999245
7286	1999263
7287	1999330
7288	1999623
7289	1999823
7290	1999888
7291	2000027
7292	2000115
7293	2000179
7294	2000259
7295	2000269
7296	2000360
7297	2000469
7298	2000701
7299	2000744
7300	2000817
7301	2000818
7302	2000819
7303	2000822
7304	2000823
7305	2000827
7306	2000879
7307	2000880
7308	2000883
7309	2000906
7310	2001400
7311	2001439
7312	2001527
7313	2001548
7314	2001582
7315	2001648
7316	2001663
7317	2001675
7318	2001759
7319	2001941
7320	2001965
7321	2001972
7322	2002351
7323	2002435
7324	2002502
7325	2002865
7326	2002879
7327	2003310
7328	2003856
7329	2004000
7330	2004107
7331	2004420
7332	2004750
7333	2005011
7334	2005615
7335	2006316
7336	2010160
7337	2014166
7338	2014238
7339	2014246
7340	2014262
7341	2014364
7342	2014896
7343	2014909
7344	2015048
7345	2015188
7346	2015231
7347	2015235
7348	2015547
7349	2016096
7350	2016226
7351	2016273
7352	2016562
7353	2016576
7354	2016953
7355	2017072
7356	2017086
7357	2017094
7358	2017119
7359	2017211
7360	2017220
7361	2017256
7362	2017296
7363	2017451
7364	2017529
7365	2017542
7366	2017814
7367	2017853
7368	2018037
7369	2018061
7370	2018097
7371	2018204
7372	2019101
7373	2019213
7374	2019580
7375	2042403
7376	2042763
7377	2043452
7378	2043729
7379	2044060
7380	2044171
7381	2044178
7382	2044691
7383	2044757
7384	2044802
7385	2044832
7386	2044879
7387	2044952
7388	2044955
7389	2044962
7390	2045000
7391	2045220
7392	2045225
7393	2045239
7394	2045402
7395	2045438
7396	2045474
7397	2045657
7398	2045682
7399	2045782
7400	2045789
7401	2045840
7402	2045843
7403	2046007
7404	2046085
7405	2046091
7406	2046098
7407	2046142
7408	2046208
7409	2046303
7410	2046451
7411	2046460
7412	2046479
7413	2046637
7414	2046722
7415	2046795
7416	2046796
7417	2046799
7418	2047104
7419	2048193
7420	2048199
7421	2049350
7422	2060792
7423	2060793
7424	2060795
7425	2061907
7426	2063208
7427	2063297
7428	2063753
7429	2067933
7430	2067936
7431	2068104
7432	2070367
7433	2075199
7434	2075322
7435	2076098
7436	2076991
7437	2084351
7438	2084554
7439	2084908
7440	2086123
7441	2086124
7442	2087951
7443	2088049
7444	2088757
7445	2089323
7446	2090042
7447	2090321
7448	2090438
7449	2090953
7450	2091430
7451	2091489
7452	2092014
7453	2092136
7454	2092289
7455	2092340
7456	2092452
7457	2092535
7458	2092847
7459	2092878
7460	2096478
7461	2097103
7462	2097950
7463	2098443
7464	2098477
7465	2098555
7466	2098777
7467	2098933
7468	2099568
7469	2099751
7470	2100076
7471	2100097
7472	2100100
7473	2100102
7474	2100155
7475	2100956
7476	2101474
7477	2101614
7478	2101625
7479	2102433
7480	2102457
7481	2102646
7482	2102790
7483	2102809
7484	2104062
7485	2104784
7486	2104946
7487	2105581
7488	2105869
7489	2106415
7490	2106433
7491	2106462
7492	2106957
7493	2107181
7494	2107211
7495	2107508
7496	2107632
7497	2108223
7498	2108278
7499	2108392
7500	2108482
7501	2108899
7502	2109842
7503	2110085
7504	2110412
7505	2110487
7506	2110629
7507	2110850
7508	2111024
7509	2111472
7510	2111893
7511	2113708
7512	2113989
7513	2114053
7514	2114109
7515	2114302
7516	2114347
7517	2114485
