1	82
2	130
3	855
4	1166
5	1315
6	1656
7	2873
8	4089
9	4225
10	4618
11	4817
12	6103
13	7791
14	8793
15	9089
16	9341
17	10406
18	11330
19	11830
20	17467
21	17587
22	17606
23	20252
24	21219
25	22687
26	22702
27	22948
28	25461
29	25832
30	27020
31	30884
32	34810
33	35344
34	35501
35	37356
36	41536
37	41559
38	42303
39	44187
40	44788
41	47957
42	48867
43	50420
44	50877
45	52924
46	53542
47	54102
48	55414
49	55551
50	55771
51	58444
52	61685
53	64116
54	65361
55	68330
56	69540
57	70649
58	71105
59	71713
60	72776
61	74539
62	74831
63	75697
64	75934
65	76515
66	79379
67	81388
68	83129
69	84787
70	86448
71	90183
72	90931
73	91102
74	91494
75	92867
76	96740
77	97226
78	98534
79	98835
80	99919
81	101221
82	102469
83	102478
84	102488
85	102510
86	102521
87	102530
88	105187
89	107738
90	108890
91	113589
92	117163
93	117774
94	120716
95	120719
96	120722
97	120737
98	120740
99	122157
100	122650
101	126019
102	126977
103	128560
104	129314
105	129936
106	130643
107	133269
108	134846
109	135809
110	138136
111	139466
112	140548
113	141502
114	142674
115	143347
116	143776
117	144003
118	145671
119	150193
120	150946
121	151800
122	153870
123	155747
124	155800
125	156409
126	166484
127	167652
128	167803
129	168535
130	171062
131	173430
132	175528
133	177168
134	178028
135	179896
136	181253
137	181710
138	182447
139	184635
140	185039
141	188576
142	189227
143	189432
144	189471
145	189474
146	189944
147	193511
148	195048
149	195147
150	196232
151	198915
152	199648
153	200232
154	203665
155	204205
156	210263
157	213082
158	213127
159	213227
160	215610
161	216276
162	216660
163	217267
164	219696
165	222896
166	225409
167	226805
168	228268
169	228831
170	229742
171	232808
172	236348
173	239336
174	242986
175	245276
176	250903
177	252309
178	252942
179	257340
180	260417
181	260529
182	262564
183	265154
184	266075
185	267073
186	269501
187	269693
188	269963
189	270264
190	272071
191	273283
192	274360
193	274670
194	276266
195	276525
196	277159
197	277326
198	277370
199	280839
200	282762
201	284820
202	285374
203	285384
204	286528
205	289157
206	290202
207	290510
208	291908
209	295446
210	296089
211	298848
212	302756
213	303243
214	306378
215	306852
216	306853
217	307612
218	308376
219	309324
220	310250
221	311386
222	315850
223	315861
224	316134
225	316601
226	320502
227	320804
228	322671
229	323449
230	324986
231	325482
232	325836
233	328783
234	329755
235	333394
236	335154
237	335312
238	335318
239	335336
240	335348
241	335833
242	335859
243	337264
244	337335
245	337523
246	337571
247	339421
248	340337
249	341543
250	341720
251	344244
252	348092
253	348577
254	348697
255	349871
256	350240
257	350726
258	351362
259	351457
260	351821
261	351956
262	352278
263	353703
264	356311
265	358397
266	358809
267	358830
268	358869
269	358874
270	358875
271	358876
272	359527
273	359662
274	367638
275	368223
276	368379
277	369491
278	370972
279	372385
280	372419
281	372727
282	373649
283	374263
284	375144
285	375663
286	376993
287	377005
288	379891
289	380035
290	380043
291	381886
292	383169
293	386003
294	386158
295	387471
296	387983
297	388140
298	388259
299	388393
300	393755
301	394827
302	399197
303	399533
304	399822
305	400358
306	403824
307	404237
308	404481
309	405177
310	408702
311	408784
312	409503
313	411091
314	411833
315	412753
316	413167
317	414001
318	415949
319	416872
320	417271
321	418282
322	419209
323	420684
324	420995
325	421622
326	422962
327	423172
328	424789
329	425215
330	425740
331	425790
332	427827
333	429420
334	430520
335	430561
336	430724
337	431226
338	433075
339	433408
340	433772
341	434257
342	435572
343	436827
344	437143
345	437705
346	438201
347	440575
348	440655
349	441179
350	441652
351	442439
352	443673
353	443675
354	445431
355	445674
356	445805
357	446060
358	446569
359	446712
360	447401
361	447459
362	449523
363	449922
364	450658
365	451790
366	453633
367	453638
368	455703
369	456222
370	459426
371	459455
372	459766
373	460057
374	461550
375	463516
376	464206
377	469276
378	469898
379	470340
380	470409
381	471201
382	471427
383	472352
384	472754
385	476372
386	476886
387	476971
388	480174
389	482010
390	482328
391	483293
392	484657
393	485383
394	485971
395	486390
396	488069
397	488947
398	490501
399	496312
400	498825
401	501901
402	506684
403	507138
404	509590
405	511653
406	511672
407	511678
408	511744
409	513449
410	515758
411	515976
412	521271
413	521531
414	522997
415	525101
416	525887
417	526303
418	528282
419	529522
420	531040
421	533010
422	533681
423	535221
424	537476
425	541326
426	541655
427	543677
428	545055
429	545082
430	545488
431	546737
432	547131
433	550696
434	554006
435	554570
436	556398
437	557597
438	561567
439	565097
440	565632
441	566093
442	567790
443	568345
444	569096
445	569836
446	569837
447	569856
448	573525
449	574078
450	574669
451	576681
452	577332
453	577812
454	579094
455	579383
456	581410
457	581414
458	581519
459	585341
460	586040
461	586163
462	588739
463	588771
464	588988
465	589105
466	590066
467	592815
468	592898
469	593038
470	593308
471	597567
472	599239
473	600130
474	600174
475	604118
476	604880
477	605886
478	606080
479	607445
480	608985
481	610350
482	611112
483	615615
484	615961
485	616868
486	617338
487	619201
488	619406
489	619908
490	621314
491	621783
492	622555
493	622580
494	623095
495	624640
496	624715
497	625777
498	627019
499	627396
500	629075
501	629181
502	630644
503	631579
504	632298
505	633891
506	633956
507	635397
508	635633
509	635857
510	636143
511	639129
512	639533
513	641705
514	641708
515	641722
516	642608
517	644980
518	645116
519	646864
520	649585
521	650953
522	651003
523	653237
524	653250
525	653407
526	656699
527	659048
528	659296
529	659611
530	659860
531	660591
532	662015
533	662230
534	663320
535	663791
536	664619
537	664620
538	665032
539	665815
540	666562
541	668302
542	668314
543	668879
544	670841
545	671455
546	671548
547	671591
548	671785
549	673739
550	674637
551	676460
552	677610
553	678779
554	682527
555	683415
556	684069
557	684072
558	684118
559	684132
560	684581
561	684616
562	684637
563	684661
564	685060
565	685800
566	686438
567	689710
568	689747
569	691977
570	692343
571	693043
572	696058
573	699019
574	699438
575	699469
576	699494
577	699647
578	699661
579	701056
580	701909
581	704755
582	704794
583	704804
584	710418
585	710909
586	716333
587	716425
588	718427
589	719950
590	720032
591	720044
592	720072
593	720167
594	720889
595	721209
596	721592
597	722315
598	723476
599	727192
600	727829
601	731010
602	732359
603	732877
604	733490
605	733828
606	733988
607	734284
608	734885
609	737875
610	738891
611	738924
612	741489
613	741632
614	745509
615	746516
616	746879
617	749306
618	751648
619	752279
620	752284
621	752928
622	753717
623	754287
624	754322
625	755109
626	755861
627	756012
628	756366
629	758186
630	758216
631	758407
632	758917
633	759797
634	759843
635	760621
636	764004
637	765064
638	765243
639	765693
640	766027
641	768746
642	769180
643	771940
644	773110
645	773455
646	773470
647	773471
648	773505
649	774000
650	775496
651	775689
652	777016
653	777560
654	780386
655	782292
656	782297
657	784090
658	784423
659	786342
660	791788
661	792732
662	793697
663	794121
664	796355
665	801379
666	802559
667	803946
668	804546
669	807132
670	807687
671	809132
672	809440
673	809524
674	809530
675	809536
676	809542
677	812273
678	812285
679	812289
680	813422
681	813616
682	813841
683	817609
684	819899
685	833532
686	833805
687	839993
688	843302
689	844020
690	845439
691	845464
692	845520
693	845752
694	846364
695	846417
696	849584
697	852035
698	854205
699	861725
700	862047
701	863306
702	864360
703	867141
704	867596
705	867647
706	870232
707	872058
708	872724
709	872970
710	873426
711	875378
712	877258
713	880556
714	882354
715	883106
716	883504
717	889200
718	890445
719	891041
720	891798
721	892661
722	895071
723	897150
724	899260
725	899269
726	899270
727	901963
728	903195
729	903345
730	904076
731	904223
732	905623
733	909352
734	910218
735	910389
736	910664
737	911152
738	911318
739	911859
740	912502
741	912551
742	914103
743	915269
744	915325
745	916116
746	917155
747	917657
748	918790
749	919848
750	919892
751	920760
752	921145
753	921538
754	929487
755	930653
756	931248
757	933106
758	933481
759	933731
760	934039
761	934317
762	934920
763	935123
764	935289
765	935530
766	935936
767	935991
768	938012
769	939909
770	942788
771	945035
772	946150
773	954771
774	955020
775	955231
776	957890
777	958473
778	958635
779	960093
780	961485
781	965291
782	967508
783	968849
784	970560
785	973328
786	974414
787	974985
788	975229
789	975806
790	977988
791	978926
792	979204
793	981896
794	983851
795	984611
796	986029
797	986986
798	988527
799	988620
800	989389
801	989455
802	990203
803	990685
804	990954
805	997096
806	998669
807	999295
808	999298
809	1001127
810	1001553
811	1003386
812	1008046
813	1017647
814	1017851
815	1018871
816	1023458
817	1024392
818	1025278
819	1027339
820	1028008
821	1028921
822	1032194
823	1032284
824	1034523
825	1036026
826	1036953
827	1037476
828	1039884
829	1040183
830	1040338
831	1044141
832	1044488
833	1046860
834	1046918
835	1050790
836	1050995
837	1051198
838	1051262
839	1051552
840	1051913
841	1053867
842	1054209
843	1055016
844	1057440
845	1061471
846	1062085
847	1066467
848	1067360
849	1067582
850	1075211
851	1075709
852	1076123
853	1076138
854	1076222
855	1076925
856	1077987
857	1078028
858	1078345
859	1078911
860	1080955
861	1083185
862	1086701
863	1086736
864	1089111
865	1090664
866	1090905
867	1091398
868	1092473
869	1093217
870	1094857
871	1097458
872	1097619
873	1098675
874	1100845
875	1102174
876	1102534
877	1103982
878	1104335
879	1104759
880	1105385
881	1105812
882	1111441
883	1112760
884	1115344
885	1116227
886	1116569
887	1119298
888	1123776
889	1125418
890	1126911
891	1131721
892	1131733
893	1136583
894	1137632
895	1142189
896	1144493
897	1145556
898	1148511
899	1148902
900	1151889
901	1152650
902	1154366
903	1157340
904	1163097
905	1163147
906	1165299
907	1166639
908	1166880
909	1170055
910	1170397
911	1172165
912	1173853
913	1176494
914	1178098
915	1178178
916	1178459
917	1181666
918	1184666
919	1187222
920	1187247
921	1187931
922	1191659
923	1192040
924	1192676
925	1192751
926	1192957
927	1194246
928	1195843
929	1196632
930	1198308
931	1199119
932	1199245
933	1199367
934	1199519
935	1200873
936	1201807
937	1204098
938	1204121
939	1205798
940	1209142
941	1210145
942	1211343
943	1212998
944	1214659
945	1216366
946	1216670
947	1223827
948	1227194
949	1227478
950	1227504
951	1231586
952	1231902
953	1231910
954	1231950
955	1231978
956	1231988
957	1235585
958	1236000
959	1236331
960	1236399
961	1236851
962	1237129
963	1238128
964	1239570
965	1239595
966	1240934
967	1240977
968	1241054
969	1242866
970	1245565
971	1251046
972	1252886
973	1254127
974	1255781
975	1256749
976	1257582
977	1261149
978	1263337
979	1263885
980	1265787
981	1265901
982	1267432
983	1269043
984	1269498
985	1269731
986	1272559
987	1273270
988	1273273
989	1273277
990	1273297
991	1274642
992	1276882
993	1277503
994	1280052
995	1280268
996	1281312
997	1282248
998	1285172
999	1285651
1000	1286141
1001	1287895
1002	1290174
1003	1290191
1004	1290208
1005	1290225
1006	1290270
1007	1290777
1008	1292026
1009	1293792
1010	1297002
1011	1298319
1012	1298987
1013	1301844
1014	1302316
1015	1302618
1016	1303163
1017	1306204
1018	1306347
1019	1306627
1020	1306718
1021	1307899
1022	1309083
1023	1311064
1024	1312484
1025	1313105
1026	1313672
1027	1315638
1028	1326124
1029	1327350
1030	1328724
1031	1329820
1032	1330867
1033	1332453
1034	1332800
1035	1333620
1036	1335091
1037	1338535
1038	1343787
1039	1343794
1040	1343808
1041	1343822
1042	1343829
1043	1343843
1044	1344950
1045	1345672
1046	1345963
1047	1348408
1048	1348621
1049	1349263
1050	1349316
1051	1350053
1052	1350640
1053	1350768
1054	1356492
1055	1359942
1056	1363221
1057	1363925
1058	1364621
1059	1365023
1060	1372687
1061	1374165
1062	1374526
1063	1377518
1064	1381808
1065	1381847
1066	1385780
1067	1387745
1068	1387768
1069	1388315
1070	1389352
1071	1390794
1072	1391311
1073	1391312
1074	1391465
1075	1392261
1076	1392269
1077	1392342
1078	1392402
1079	1392783
1080	1393703
1081	1395294
1082	1396071
1083	1396307
1084	1396784
1085	1397561
1086	1397797
1087	1398636
1088	1398797
1089	1403548
1090	1404297
1091	1405127
1092	1405378
1093	1405581
1094	1406800
1095	1407431
1096	1407826
1097	1407851
1098	1409716
1099	1410018
1100	1411175
1101	1412465
1102	1414338
1103	1415544
1104	1415804
1105	1416339
1106	1417737
1107	1419398
1108	1423661
1109	1425373
1110	1425412
1111	1425843
1112	1426450
1113	1426775
1114	1428523
1115	1432827
1116	1433624
1117	1433676
1118	1435629
1119	1437064
1120	1437533
1121	1440373
1122	1440402
1123	1440494
1124	1440842
1125	1440879
1126	1441496
1127	1441794
1128	1443460
1129	1444180
1130	1446217
1131	1449769
1132	1450348
1133	1451645
1134	1451959
1135	1452142
1136	1452257
1137	1453663
1138	1455700
1139	1456907
1140	1458276
1141	1458747
1142	1462604
1143	1463069
1144	1469163
1145	1469317
1146	1469395
1147	1470653
1148	1475455
1149	1476102
1150	1478440
1151	1478826
1152	1480061
1153	1480165
1154	1483330
1155	1484742
1156	1485875
1157	1486435
1158	1487372
1159	1487493
1160	1487807
1161	1488136
1162	1488258
1163	1489855
1164	1491673
1165	1492127
1166	1496194
1167	1497019
1168	1497152
1169	1497891
1170	1499572
1171	1501128
1172	1501824
1173	1505264
1174	1505762
1175	1505789
1176	1511262
1177	1512423
1178	1512672
1179	1512930
1180	1514487
1181	1516503
1182	1520929
1183	1522213
1184	1522675
1185	1523381
1186	1523715
1187	1523990
1188	1528212
1189	1528451
1190	1532894
1191	1533362
1192	1534159
1193	1535853
1194	1537228
1195	1537402
1196	1538794
1197	1540754
1198	1541862
1199	1544379
1200	1544457
1201	1545694
1202	1546197
1203	1546560
1204	1546585
1205	1546885
1206	1547235
1207	1547608
1208	1548654
1209	1550320
1210	1550549
1211	1552191
1212	1555186
1213	1555356
1214	1559993
1215	1561394
1216	1563826
1217	1563852
1218	1564606
1219	1566516
1220	1566978
1221	1567875
1222	1567879
1223	1568321
1224	1569280
1225	1569438
1226	1570621
1227	1573305
1228	1573651
1229	1575210
1230	1575831
1231	1576272
1232	1576311
1233	1576380
1234	1578745
1235	1578826
1236	1580513
1237	1582545
1238	1583117
1239	1583240
1240	1584219
1241	1584308
1242	1585129
1243	1585144
1244	1585231
1245	1586141
1246	1586298
1247	1587996
1248	1589521
1249	1590878
1250	1591049
1251	1593050
1252	1595598
1253	1599786
1254	1600401
1255	1601022
1256	1602964
1257	1604299
1258	1604393
1259	1605152
1260	1606449
1261	1607551
1262	1608940
1263	1610851
1264	1612489
1265	1615721
1266	1617968
1267	1619937
1268	1622785
1269	1625108
1270	1626382
1271	1628288
1272	1628463
1273	1628653
1274	1629155
1275	1629157
1276	1629159
1277	1629858
1278	1632446
1279	1632565
1280	1634243
1281	1635039
1282	1636065
1283	1637512
1284	1638629
1285	1639211
1286	1639213
1287	1642095
1288	1643379
1289	1646565
1290	1646578
1291	1648961
1292	1649468
1293	1650534
1294	1650733
1295	1652593
1296	1652719
1297	1654559
1298	1655997
1299	1656000
1300	1656104
1301	1657473
1302	1657863
1303	1657911
1304	1658492
1305	1658495
1306	1659626
1307	1662048
1308	1667729
1309	1667732
1310	1671378
1311	1671505
1312	1671527
1313	1673569
1314	1673636
1315	1675026
1316	1675072
1317	1675092
1318	1675113
1319	1677539
1320	1679257
1321	1680198
1322	1682632
1323	1684871
1324	1685073
1325	1685196
1326	1687179
1327	1687397
1328	1688895
1329	1689748
1330	1690397
1331	1696254
1332	1696439
1333	1696536
1334	1697988
1335	1698342
1336	1698435
1337	1700123
1338	1700711
1339	1700975
1340	1701019
1341	1702503
1342	1702674
1343	1702751
1344	1705810
1345	1705844
1346	1706757
1347	1707194
1348	1707708
1349	1708423
1350	1710181
1351	1710244
1352	1710876
1353	1710942
1354	1714258
1355	1714379
1356	1715835
1357	1716782
1358	1719187
1359	1721070
1360	1721363
1361	1724983
1362	1725131
1363	1725649
1364	1729368
1365	1730429
1366	1735263
1367	1735857
1368	1736994
1369	1740387
1370	1741277
1371	1741281
1372	1742643
1373	1743610
1374	1743985
1375	1748342
1376	1748616
1377	1749278
1378	1749443
1379	1751956
1380	1752134
1381	1752490
1382	1752843
1383	1755324
1384	1755332
1385	1756336
1386	1756399
1387	1756795
1388	1758561
1389	1759271
1390	1760302
1391	1763809
1392	1764350
1393	1769482
1394	1771880
1395	1773435
1396	1773944
1397	1774064
1398	1774370
1399	1774761
1400	1775958
1401	1776621
1402	1777114
1403	1777473
1404	1779306
1405	1779821
1406	1781187
1407	1782432
1408	1783063
1409	1785396
1410	1786782
1411	1787193
1412	1790373
1413	1790819
1414	1791460
1415	1792008
1416	1792125
1417	1792465
1418	1792978
1419	1793490
1420	1793892
1421	1794510
1422	1794720
1423	1794772
1424	1795581
1425	1796044
1426	1797954
1427	1798946
1428	1801784
1429	1802278
1430	1804072
1431	1804559
1432	1805037
1433	1808946
1434	1809133
1435	1809580
1436	1813529
1437	1813550
1438	1814515
1439	1814739
1440	1817132
1441	1817234
1442	1819755
1443	1821066
1444	1821484
1445	1823248
1446	1825020
1447	1827293
1448	1828930
1449	1831391
1450	1832390
1451	1833168
1452	1834497
1453	1836133
1454	1836844
1455	1836912
1456	1837282
1457	1838425
1458	1839512
1459	1846478
1460	1850729
1461	1850983
1462	1855424
1463	1859140
1464	1859698
1465	1859946
1466	1860023
1467	1860158
1468	1861680
1469	1864073
1470	1867878
1471	1871363
1472	1871476
1473	1874509
1474	1874513
1475	1875101
1476	1875298
1477	1875970
1478	1877285
1479	1877733
1480	1881976
1481	1883990
1482	1885296
1483	1887020
1484	1887094
1485	1887599
1486	1889008
1487	1889577
1488	1891176
1489	1891491
1490	1892708
1491	1892944
1492	1893755
1493	1897306
1494	1899738
1495	1902084
1496	1902175
1497	1903147
1498	1903165
1499	1905625
1500	1906994
1501	1906996
1502	1907149
1503	1908439
1504	1908545
1505	1908612
1506	1909414
1507	1910358
1508	1911655
1509	1912355
1510	1914093
1511	1914204
1512	1917295
1513	1917937
1514	1920561
1515	1920998
1516	1921038
1517	1921043
1518	1921183
1519	1923495
1520	1923870
1521	1924709
1522	1924786
1523	1924789
1524	1925406
1525	1925568
1526	1925682
1527	1926050
1528	1926334
1529	1927581
1530	1928571
1531	1930767
1532	1932514
1533	1933069
1534	1934159
1535	1935704
1536	1935878
1537	1938576
1538	1939743
1539	1939828
1540	1939841
1541	1939887
1542	1940533
1543	1942932
1544	1944337
1545	1946279
1546	1946586
1547	1946881
1548	1947062
1549	1949381
1550	1950363
1551	1950417
1552	1950451
1553	1950598
1554	1950935
1555	1951560
1556	1952930
1557	1953616
1558	1953771
1559	1956130
1560	1958106
1561	1958761
1562	1960694
1563	1961014
1564	1961366
1565	1961710
1566	1962440
1567	1963066
1568	1963493
1569	1965511
1570	1965682
1571	1965986
1572	1966028
1573	1966222
1574	1966375
1575	1966917
1576	1967020
1577	1967082
1578	1968066
1579	1968691
1580	1968972
1581	1969011
1582	1969561
1583	1969661
1584	1969872
1585	1971651
1586	1971665
1587	1977401
1588	1977983
1589	1978094
1590	1978537
1591	1979719
1592	1980852
1593	1981771
1594	1982740
1595	1984202
1596	1985737
1597	1986419
1598	1987554
1599	1987905
1600	1991759
1601	1992104
1602	1992413
1603	1996390
1604	1997691
1605	2000216
1606	2000863
1607	2002694
1608	2002713
1609	2003542
1610	2005617
1611	2007391
1612	2007642
1613	2010107
1614	2012524
1615	2013255
1616	2013693
1617	2014013
1618	2014097
1619	2014796
1620	2016824
1621	2018367
1622	2018509
1623	2021138
1624	2021156
1625	2022335
1626	2025192
1627	2025677
1628	2027836
1629	2027842
1630	2029882
1631	2029885
1632	2029887
1633	2031718
1634	2032695
1635	2032955
1636	2033986
1637	2035909
1638	2036173
1639	2036361
1640	2037230
1641	2038126
1642	2040939
1643	2042423
1644	2042620
1645	2045762
1646	2046250
1647	2046555
1648	2046731
1649	2049702
1650	2050227
1651	2050291
1652	2050722
1653	2051330
1654	2051331
1655	2055342
1656	2055979
1657	2057169
1658	2057862
1659	2059194
1660	2059241
1661	2063015
1662	2063793
1663	2063901
1664	2065784
1665	2067676
1666	2067815
1667	2067856
1668	2068053
1669	2068241
1670	2068498
1671	2073706
1672	2073866
1673	2076019
1674	2076755
1675	2077107
1676	2077381
1677	2079240
1678	2080111
1679	2080132
1680	2082100
1681	2082310
1682	2082341
1683	2084451
1684	2084726
1685	2087652
1686	2088114
1687	2088453
1688	2089210
1689	2092927
1690	2095058
1691	2095334
1692	2096887
1693	2098099
1694	2098373
1695	2098628
1696	2099881
1697	2104142
1698	2104338
1699	2105465
1700	2105702
1701	2106110
1702	2106389
1703	2108297
1704	2110332
1705	2112974
1706	2113701
1707	2115661
1708	2115895
1709	2117591
1710	2118969
1711	2121073
1712	2121970
1713	2122022
1714	2122126
1715	2122153
1716	2122512
1717	2124039
1718	2125410
1719	2125424
1720	2125471
1721	2129665
1722	2129735
1723	2129869
1724	2130133
1725	2130319
1726	2130514
1727	2131090
1728	2132133
1729	2132450
1730	2133809
1731	2134947
1732	2137440
1733	2139555
1734	2140147
1735	2141322
1736	2141910
1737	2148171
1738	2148657
1739	2150022
1740	2153676
1741	2153925
1742	2154370
1743	2155197
1744	2155508
1745	2155641
1746	2156693
1747	2157300
1748	2157560
1749	2157639
1750	2158905
1751	2160326
1752	2160412
1753	2162210
1754	2162302
1755	2163683
1756	2164805
1757	2166823
1758	2167159
1759	2168181
1760	2169025
1761	2170137
1762	2170946
1763	2171693
1764	2171868
1765	2172864
1766	2173839
1767	2174170
1768	2175991
1769	2176371
1770	2176551
1771	2177530
1772	2178188
1773	2178805
1774	2179525
1775	2179932
1776	2181969
1777	2182406
1778	2184227
1779	2185524
1780	2186402
1781	2186677
1782	2188359
1783	2189212
1784	2190971
1785	2192514
1786	2192700
1787	2192941
1788	2196041
1789	2196227
1790	2196542
1791	2198317
1792	2201118
1793	2203063
1794	2204437
1795	2207458
1796	2207531
1797	2208345
1798	2209770
1799	2209839
1800	2210460
1801	2211873
1802	2212086
1803	2213275
1804	2213296
1805	2215380
1806	2216665
1807	2216963
1808	2218046
1809	2218383
1810	2219648
1811	2219815
1812	2223202
1813	2225306
1814	2227433
1815	2227861
1816	2228143
1817	2228261
1818	2231563
1819	2232369
1820	2235103
1821	2235109
1822	2235162
1823	2235173
1824	2235229
1825	2235677
1826	2241486
1827	2241609
1828	2242602
1829	2242931
1830	2243514
1831	2244217
1832	2244639
1833	2245493
1834	2246161
1835	2246668
1836	2249143
1837	2249223
1838	2250633
1839	2251517
1840	2253174
1841	2253938
1842	2254367
1843	2255614
1844	2256069
1845	2256210
1846	2259219
1847	2262577
1848	2263450
1849	2263645
1850	2263648
1851	2264409
1852	2266535
1853	2266580
1854	2267519
1855	2268596
1856	2269099
1857	2273616
1858	2274103
1859	2274791
1860	2276105
1861	2276678
1862	2277197
1863	2277583
1864	2278013
1865	2278317
1866	2278777
1867	2279352
1868	2280668
1869	2281856
1870	2282703
1871	2283467
1872	2284134
1873	2284138
1874	2284466
1875	2287075
1876	2288712
1877	2291916
1878	2293322
1879	2294709
1880	2297854
1881	2299160
1882	2300659
1883	2301529
1884	2302175
1885	2302397
1886	2303600
1887	2304962
1888	2304982
1889	2305080
1890	2305793
1891	2306367
1892	2308424
1893	2309396
1894	2309711
1895	2310319
1896	2310626
1897	2316626
1898	2320808
1899	2321103
1900	2321440
1901	2322510
1902	2324205
1903	2325413
1904	2326359
1905	2326602
1906	2327965
1907	2331666
1908	2331768
1909	2332600
1910	2337002
1911	2338412
1912	2339366
1913	2339515
1914	2339577
1915	2339989
1916	2340643
1917	2340710
1918	2341346
1919	2343827
1920	2343925
1921	2345025
1922	2345110
1923	2346456
1924	2347095
1925	2347606
1926	2349205
1927	2349381
1928	2350084
1929	2351570
1930	2354311
1931	2355850
1932	2356003
1933	2356349
1934	2359224
1935	2362146
1936	2363886
1937	2366789
1938	2369209
1939	2370351
1940	2371599
1941	2371731
1942	2377333
1943	2378766
1944	2379353
1945	2379861
1946	2379981
1947	2380803
1948	2381763
1949	2386119
1950	2387361
1951	2391261
1952	2393932
1953	2393981
1954	2395406
1955	2397185
1956	2399052
1957	2399824
1958	2400746
1959	2405028
1960	2405252
1961	2407474
1962	2409204
1963	2410185
1964	2410842
1965	2412432
1966	2412877
1967	2413154
1968	2414771
1969	2416435
1970	2416791
1971	2417942
1972	2419382
1973	2421153
1974	2422463
1975	2423736
1976	2423737
1977	2423947
1978	2425099
1979	2425184
1980	2425991
1981	2427883
1982	2427967
1983	2428040
1984	2430496
1985	2431250
1986	2432007
1987	2433330
1988	2434339
1989	2436238
1990	2437111
1991	2437858
1992	2438353
1993	2438759
1994	2439125
1995	2439992
1996	2440009
1997	2443862
1998	2444382
1999	2444694
2000	2445134
2001	2447174
2002	2450109
2003	2453040
2004	2453373
2005	2453454
2006	2453725
2007	2453852
2008	2455273
2009	2455563
2010	2455764
2011	2457279
2012	2457301
2013	2458140
2014	2459373
2015	2459541
2016	2460220
2017	2461873
2018	2466459
2019	2467734
2020	2468339
2021	2468491
2022	2468924
2023	2469143
2024	2473052
2025	2476573
2026	2477320
2027	2478413
2028	2479737
2029	2480200
2030	2480736
2031	2481247
2032	2481985
2033	2482197
2034	2482482
2035	2484418
2036	2484439
2037	2484440
2038	2484441
2039	2485389
2040	2486542
2041	2486646
2042	2486951
2043	2488279
2044	2489119
2045	2491300
2046	2492225
2047	2493895
2048	2496300
2049	2496410
2050	2498492
2051	2498569
2052	2498949
2053	2502743
2054	2502920
2055	2503119
2056	2503410
2057	2506175
2058	2506877
2059	2507348
2060	2507585
2061	2508389
2062	2509094
2063	2509778
2064	2512841
2065	2516375
2066	2518433
2067	2519140
2068	2519163
2069	2519192
2070	2520306
2071	2520664
2072	2521224
2073	2521840
2074	2522187
2075	2522479
2076	2522828
2077	2524860
2078	2525024
2079	2526686
2080	2528093
2081	2528527
2082	2528865
2083	2531288
2084	2531766
2085	2531839
2086	2532785
2087	2532991
2088	2536266
2089	2537024
2090	2538286
2091	2541165
2092	2541395
2093	2541447
2094	2541759
2095	2542828
2096	2543641
2097	2547492
2098	2547949
2099	2548214
2100	2548345
2101	2548551
2102	2548825
2103	2549581
2104	2551008
2105	2552616
2106	2552635
2107	2552653
2108	2562911
2109	2562938
2110	2565275
2111	2565976
2112	2566573
2113	2568798
2114	2569408
2115	2569893
2116	2569996
2117	2570123
2118	2572650
2119	2572678
2120	2574796
2121	2575112
2122	2575138
2123	2575142
2124	2575152
2125	2575176
2126	2575311
2127	2575405
2128	2576590
2129	2576788
2130	2577336
2131	2577686
2132	2577737
2133	2577752
2134	2578013
2135	2578020
2136	2584490
2137	2585068
2138	2588247
2139	2592207
2140	2594754
2141	2596092
2142	2597205
2143	2597523
2144	2597543
2145	2598796
2146	2600083
2147	2600207
2148	2600356
2149	2600460
2150	2603183
2151	2603365
2152	2604214
2153	2605170
2154	2607034
2155	2607374
2156	2607883
2157	2608734
2158	2612662
2159	2612700
2160	2613829
2161	2614261
2162	2616431
2163	2617406
2164	2617710
2165	2618783
2166	2619611
2167	2623872
2168	2625399
2169	2626751
2170	2634079
2171	2638806
2172	2639552
2173	2639810
2174	2640081
2175	2640255
2176	2641469
2177	2642504
2178	2646259
2179	2647534
2180	2649072
2181	2649708
2182	2651733
2183	2652468
2184	2652706
2185	2652740
2186	2653293
2187	2655012
2188	2656129
2189	2656734
2190	2657766
2191	2660399
2192	2662416
2193	2663285
2194	2664467
2195	2666071
2196	2666347
2197	2666841
2198	2667006
2199	2667041
2200	2667454
2201	2667648
2202	2670390
2203	2670402
2204	2671064
2205	2671193
2206	2672562
2207	2673115
2208	2673741
2209	2674048
2210	2675597
2211	2676219
2212	2677197
2213	2677598
2214	2678159
2215	2678365
2216	2678892
2217	2679056
2218	2681086
2219	2681149
2220	2681210
2221	2681503
2222	2681696
2223	2681848
2224	2683705
2225	2684462
2226	2684662
2227	2684793
2228	2685390
2229	2685591
2230	2685885
2231	2686272
2232	2686471
2233	2686849
2234	2689273
2235	2691491
2236	2695796
2237	2697434
2238	2698397
2239	2701828
2240	2710647
2241	2711441
2242	2713283
2243	2713925
2244	2714541
2245	2717200
2246	2721181
2247	2721490
2248	2721618
2249	2721828
2250	2722524
2251	2724357
2252	2725062
2253	2725443
2254	2726113
2255	2728232
2256	2728710
2257	2729066
2258	2729176
2259	2729332
2260	2730783
2261	2731263
2262	2731347
2263	2732409
2264	2732999
2265	2733701
2266	2735206
2267	2736207
2268	2738714
2269	2738718
2270	2739149
2271	2741382
2272	2742773
2273	2744933
2274	2745109
2275	2748174
2276	2748467
2277	2749101
2278	2749358
2279	2751086
2280	2751419
2281	2751771
2282	2751943
2283	2753908
2284	2753959
2285	2754024
2286	2754086
2287	2754110
2288	2755339
2289	2755510
2290	2757077
2291	2757750
2292	2758907
2293	2759492
2294	2759647
2295	2761586
2296	2763288
2297	2764550
2298	2764996
2299	2766007
2300	2767376
2301	2767901
2302	2768594
2303	2768892
2304	2769784
2305	2771894
2306	2773647
2307	2776814
2308	2778288
2309	2779028
2310	2783814
2311	2785205
2312	2789759
2313	2790828
2314	2792370
2315	2793213
2316	2794939
2317	2796399
2318	2796858
2319	2797557
2320	2797762
2321	2797988
2322	2799001
2323	2799652
2324	2799672
2325	2799763
2326	2799773
2327	2799903
2328	2799957
2329	2800065
2330	2800098
2331	2800142
2332	2803529
2333	2805612
2334	2807203
2335	2808649
2336	2808675
2337	2809904
2338	2809913
2339	2812384
2340	2813016
2341	2813864
2342	2818683
2343	2818779
2344	2820215
2345	2822103
2346	2823503
2347	2823630
2348	2823868
2349	2824130
2350	2828703
2351	2828810
2352	2828838
2353	2828968
2354	2829773
2355	2829833
2356	2830100
2357	2830188
2358	2830646
2359	2830676
2360	2831488
2361	2832090
2362	2832914
2363	2832948
2364	2833589
2365	2835409
2366	2836077
2367	2837282
2368	2839659
2369	2840617
2370	2841868
2371	2843592
2372	2844858
2373	2845094
2374	2846813
2375	2847692
2376	2849184
2377	2849303
2378	2852744
2379	2854409
2380	2856183
2381	2858689
2382	2858782
2383	2858983
2384	2865641
2385	2866920
2386	2868665
2387	2870464
2388	2870827
2389	2870977
2390	2870991
2391	2871320
2392	2871490
2393	2872194
2394	2872312
2395	2873293
2396	2876328
2397	2876996
2398	2879668
2399	2881999
2400	2882454
2401	2884354
2402	2884893
2403	2889154
2404	2889769
2405	2890713
2406	2894703
2407	2896636
2408	2897627
2409	2898374
2410	2898483
2411	2899068
2412	2900331
2413	2902125
2414	2902270
2415	2903369
2416	2903882
2417	2905062
2418	2905407
2419	2908717
2420	2910780
2421	2912499
2422	2913038
2423	2916199
2424	2916404
2425	2916435
2426	2918692
2427	2920611
2428	2922948
2429	2923484
2430	2923498
2431	2924187
2432	2924581
2433	2924603
2434	2927059
2435	2930365
2436	2930972
2437	2933957
2438	2934653
2439	2934864
2440	2934972
2441	2935610
2442	2936268
2443	2937726
2444	2937916
2445	2938178
2446	2938672
2447	2939273
2448	2940804
2449	2942734
2450	2943162
2451	2945027
2452	2946855
2453	2947398
2454	2948532
2455	2949436
2456	2949774
2457	2950840
2458	2950954
2459	2952299
2460	2952836
2461	2953140
2462	2953223
2463	2953232
2464	2954572
2465	2958327
2466	2958343
2467	2958797
2468	2959217
2469	2959528
2470	2961993
2471	2962789
2472	2963899
2473	2963970
2474	2966528
2475	2967943
2476	2968017
2477	2968425
2478	2972396
2479	2972470
2480	2972549
2481	2973614
2482	2974540
2483	2974551
2484	2975091
2485	2976049
2486	2977732
2487	2978031
2488	2979130
2489	2979662
2490	2979945
2491	2980287
2492	2980330
2493	2984700
2494	2984701
2495	2984751
2496	2984772
2497	2984779
2498	2989125
2499	2989495
2500	2990669
2501	2992464
2502	2994770
2503	2995771
2504	2996948
2505	2997109
2506	2998279
2507	2998611
2508	3000055
2509	3000673
2510	3002442
2511	3003678
2512	3004177
2513	3004232
2514	3006550
2515	3007178
2516	3007357
2517	3011797
2518	3013837
2519	3015405
2520	3015695
2521	3017640
2522	3019946
2523	3020552
2524	3020553
2525	3020554
2526	3021159
2527	3021936
2528	3023974
2529	3024091
2530	3024220
2531	3024294
2532	3025936
2533	3026278
2534	3026456
2535	3026489
2536	3027142
2537	3027340
2538	3027651
2539	3030163
2540	3030969
2541	3033049
2542	3034723
2543	3037211
2544	3039839
2545	3043392
2546	3043417
2547	3045637
2548	3045663
2549	3052600
2550	3052609
2551	3054129
2552	3055709
2553	3055799
2554	3057634
2555	3057682
2556	3058002
2557	3058008
2558	3058011
2559	3058134
2560	3058476
2561	3058491
2562	3058509
2563	3058563
2564	3058828
2565	3059382
2566	3061027
2567	3061755
2568	3062068
2569	3062184
2570	3063284
2571	3064288
2572	3065163
2573	3069330
2574	3071710
2575	3071787
2576	3073160
2577	3074428
2578	3074598
2579	3075828
2580	3076147
2581	3076716
2582	3077177
2583	3077492
2584	3079239
2585	3081550
2586	3081566
2587	3081574
2588	3081582
2589	3081590
2590	3081638
2591	3081646
2592	3081654
2593	3081662
2594	3081670
2595	3084869
2596	3085079
2597	3085186
2598	3085198
2599	3087204
2600	3089821
2601	3090589
2602	3092699
2603	3092848
2604	3093079
2605	3093145
2606	3093155
2607	3096319
2608	3096437
2609	3096883
2610	3099378
2611	3099529
2612	3101080
2613	3101838
2614	3101931
2615	3102150
2616	3102602
2617	3102875
2618	3103771
2619	3104305
2620	3104312
2621	3104398
2622	3105510
2623	3106018
2624	3107091
2625	3107786
2626	3108649
2627	3110382
2628	3111131
2629	3111795
2630	3112237
2631	3113533
2632	3113542
2633	3114823
2634	3115056
2635	3116088
2636	3116887
2637	3117131
2638	3120764
2639	3121403
2640	3121590
2641	3122352
2642	3122375
2643	3122477
2644	3122570
2645	3124232
2646	3124589
2647	3125902
2648	3128007
2649	3131019
2650	3131102
2651	3132060
2652	3133952
2653	3137262
2654	3140212
2655	3144072
2656	3145523
2657	3147141
2658	3147719
2659	3149055
2660	3150735
2661	3151537
2662	3151568
2663	3154240
2664	3155393
2665	3159360
2666	3159583
2667	3159744
2668	3161696
2669	3165447
2670	3166303
2671	3166562
2672	3167129
2673	3167235
2674	3167417
2675	3171823
2676	3172573
2677	3173056
2678	3173575
2679	3178225
2680	3179098
2681	3183196
2682	3185009
2683	3186909
2684	3187147
2685	3187792
2686	3189383
2687	3189488
2688	3190399
2689	3190717
2690	3194193
2691	3194605
2692	3197918
2693	3200253
2694	3201112
2695	3203820
2696	3204533
2697	3204748
2698	3206685
2699	3206745
2700	3208738
2701	3209579
2702	3210101
2703	3210338
2704	3212272
2705	3214425
2706	3215984
2707	3216099
2708	3217391
2709	3217710
2710	3219193
2711	3219815
2712	3221709
2713	3221729
2714	3223163
2715	3223176
2716	3223234
2717	3225410
2718	3228082
2719	3228637
2720	3229957
2721	3230119
2722	3230165
2723	3230170
2724	3232512
2725	3235421
2726	3236038
2727	3237896
2728	3238563
2729	3239590
2730	3240723
2731	3240895
2732	3243409
2733	3244186
2734	3244204
2735	3245408
2736	3247320
2737	3248002
2738	3248003
2739	3248217
2740	3248222
2741	3248247
2742	3248253
2743	3248376
2744	3248389
2745	3248391
2746	3248493
2747	3248629
2748	3248678
2749	3248698
2750	3250802
2751	3250803
2752	3250810
2753	3250826
2754	3250836
2755	3251648
2756	3253111
2757	3253682
2758	3255598
2759	3255630
2760	3258825
2761	3262128
2762	3267118
2763	3268580
2764	3268625
2765	3268781
2766	3271095
2767	3274291
2768	3277341
2769	3277438
2770	3277461
2771	3279062
2772	3282280
2773	3282808
2774	3282845
2775	3284144
2776	3286596
2777	3286616
2778	3287667
2779	3288509
2780	3290869
2781	3291060
2782	3291254
2783	3292845
2784	3295047
2785	3295885
2786	3296657
2787	3297357
2788	3297934
2789	3298106
2790	3298180
2791	3298249
2792	3299204
2793	3300280
2794	3300809
2795	3301531
2796	3301818
2797	3302323
2798	3305570
2799	3306892
2800	3308188
2801	3311133
2802	3311223
2803	3313824
2804	3314013
2805	3316844
2806	3318458
2807	3321012
2808	3323160
2809	3323161
2810	3323276
2811	3323464
2812	3324536
2813	3324959
2814	3327368
2815	3327848
2816	3327953
2817	3327979
2818	3328493
2819	3329619
2820	3330016
2821	3330166
2822	3330671
2823	3331073
2824	3332255
2825	3335976
2826	3338374
2827	3338385
2828	3341159
2829	3341360
2830	3341883
2831	3342928
2832	3342989
2833	3343029
2834	3347094
2835	3348338
2836	3349013
2837	3351733
2838	3354331
2839	3355215
2840	3355456
2841	3357239
2842	3357379
2843	3358580
2844	3358894
2845	3359580
2846	3360868
2847	3361311
2848	3362591
2849	3363364
2850	3363523
2851	3363946
2852	3364151
2853	3366169
2854	3366495
2855	3367341
2856	3369097
2857	3370769
2858	3370950
2859	3371160
2860	3371630
2861	3371854
2862	3372333
2863	3372882
2864	3374021
2865	3374754
2866	3375744
2867	3376387
2868	3377441
2869	3378054
2870	3378477
2871	3379709
2872	3385610
2873	3388175
2874	3388304
2875	3388386
2876	3389049
2877	3391996
2878	3392521
2879	3392929
2880	3393156
2881	3393710
2882	3393976
2883	3394022
2884	3394698
2885	3395004
2886	3395095
2887	3395268
2888	3395388
2889	3395422
2890	3395694
2891	3397040
2892	3398946
2893	3399782
2894	3401645
2895	3401862
2896	3403449
2897	3404169
2898	3405483
2899	3407398
2900	3409033
2901	3409394
2902	3409415
2903	3409437
2904	3409454
2905	3409997
2906	3411952
2907	3413848
2908	3414377
2909	3414433
2910	3415081
2911	3415118
2912	3419966
2913	3420368
2914	3421335
2915	3421553
2916	3422475
2917	3422552
2918	3422725
2919	3423447
2920	3426078
2921	3426560
2922	3430895
2923	3431905
2924	3434252
2925	3436071
2926	3437042
2927	3437077
2928	3441710
2929	3442171
2930	3442617
2931	3442988
2932	3443841
2933	3446841
2934	3447877
2935	3448819
2936	3450319
2937	3454765
2938	3456788
2939	3457559
2940	3458902
2941	3459380
2942	3460492
2943	3462107
2944	3463970
2945	3465745
2946	3466440
2947	3468931
2948	3469036
2949	3470222
2950	3470918
2951	3473331
2952	3476782
2953	3478224
2954	3480675
2955	3484993
2956	3486833
2957	3493530
2958	3495461
2959	3495464
2960	3495652
2961	3495668
2962	3495995
2963	3497425
2964	3497653
2965	3499671
2966	3501038
2967	3501556
2968	3502610
2969	3505538
2970	3507316
2971	3511579
2972	3512606
2973	3512754
2974	3514411
2975	3516584
2976	3516874
2977	3517032
2978	3517971
2979	3519841
2980	3520454
2981	3524194
2982	3525070
2983	3525337
2984	3526369
2985	3531868
2986	3532033
2987	3532718
2988	3532796
2989	3533308
2990	3534365
2991	3535454
2992	3536476
2993	3538123
2994	3538156
2995	3539317
2996	3539709
2997	3539827
2998	3541651
2999	3543738
3000	3545064
3001	3545855
3002	3546603
3003	3547674
3004	3551089
3005	3551475
3006	3551714
3007	3551915
3008	3558196
3009	3558289
3010	3558904
3011	3559242
3012	3564026
3013	3564735
3014	3565787
3015	3566110
3016	3566478
3017	3566853
3018	3568684
3019	3569237
3020	3570492
3021	3571531
3022	3578469
3023	3579994
3024	3584136
3025	3584366
3026	3586778
3027	3587339
3028	3587444
3029	3588989
3030	3589425
3031	3589946
3032	3591858
3033	3593385
3034	3594569
3035	3594876
3036	3594885
3037	3595377
3038	3595520
3039	3596495
3040	3596834
3041	3599405
3042	3600551
3043	3602127
3044	3602775
3045	3602828
3046	3603846
3047	3604067
3048	3604930
3049	3605437
3050	3606548
3051	3607537
3052	3607609
3053	3608932
3054	3610455
3055	3610750
3056	3612821
3057	3614486
3058	3615588
3059	3616733
3060	3618687
3061	3620064
3062	3622012
3063	3622626
3064	3624499
3065	3627580
3066	3630645
3067	3631152
3068	3635257
3069	3635663
3070	3636012
3071	3636040
3072	3637423
3073	3639873
3074	3642221
3075	3642271
3076	3642333
3077	3643790
3078	3643947
3079	3645151
3080	3645663
3081	3647867
3082	3655602
3083	3655609
3084	3655814
3085	3656171
3086	3658233
3087	3658969
3088	3659175
3089	3660437
3090	3660617
3091	3662519
3092	3667287
3093	3667806
3094	3668322
3095	3669797
3096	3673226
3097	3673309
3098	3680088
3099	3681644
3100	3682641
3101	3685726
3102	3686624
3103	3687098
3104	3688024
3105	3689909
3106	3690460
3107	3690522
3108	3693055
3109	3694732
3110	3698745
3111	3699234
3112	3701231
3113	3701692
3114	3701697
3115	3703484
3116	3705489
3117	3712411
3118	3712455
3119	3712815
3120	3715815
3121	3717147
3122	3717156
3123	3717777
3124	3720822
3125	3723284
3126	3725103
3127	3725545
3128	3725584
3129	3726253
3130	3726726
3131	3726994
3132	3727189
3133	3727603
3134	3728410
3135	3728411
3136	3731966
3137	3732669
3138	3732919
3139	3734085
3140	3734712
3141	3735934
3142	3737341
3143	3737486
3144	3739257
3145	3739401
3146	3740436
3147	3740800
3148	3740905
3149	3741722
3150	3743234
3151	3744397
3152	3750081
3153	3750446
3154	3752291
3155	3754807
3156	3754809
3157	3754915
3158	3756048
3159	3757781
3160	3761271
3161	3761333
3162	3761703
3163	3762390
3164	3762651
3165	3765150
3166	3765883
3167	3767613
3168	3768583
3169	3768782
3170	3769752
3171	3771852
3172	3772786
3173	3777040
3174	3777635
3175	3778284
3176	3779370
3177	3779683
3178	3780141
3179	3781850
3180	3783583
3181	3783608
3182	3783959
3183	3784042
3184	3784767
3185	3787622
3186	3789603
3187	3789691
3188	3789780
3189	3791153
3190	3791272
3191	3791382
3192	3793707
3193	3794907
3194	3794916
3195	3795016
3196	3796789
3197	3796955
3198	3797179
3199	3797180
3200	3802012
3201	3803234
3202	3804613
3203	3805148
3204	3805736
3205	3806677
3206	3808002
3207	3810544
3208	3815822
3209	3823047
3210	3824209
3211	3824488
3212	3825703
3213	3826210
3214	3828229
3215	3829609
3216	3829982
3217	3830055
3218	3831646
3219	3833893
3220	3839877
3221	3842693
3222	3843152
3223	3844040
3224	3846286
3225	3846796
3226	3848579
3227	3851215
3228	3851852
3229	3852818
3230	3853070
3231	3854054
3232	3854440
3233	3857768
3234	3858543
3235	3860145
3236	3860572
3237	3860580
3238	3860582
3239	3860629
3240	3860637
3241	3860639
3242	3860819
3243	3861552
3244	3864147
3245	3867447
3246	3869550
3247	3870393
3248	3870975
3249	3872142
3250	3875387
3251	3875727
3252	3879110
3253	3879868
3254	3880135
3255	3883309
3256	3885393
3257	3886839
3258	3887319
3259	3887325
3260	3887514
3261	3888649
3262	3894314
3263	3894335
3264	3897113
3265	3897441
3266	3897676
3267	3898451
3268	3898894
3269	3899532
3270	3900188
3271	3904960
3272	3905742
3273	3906477
3274	3906486
3275	3906665
3276	3908907
3277	3908959
3278	3908996
3279	3909026
3280	3909033
3281	3909049
3282	3909081
3283	3911329
3284	3912405
3285	3913056
3286	3915020
3287	3916122
3288	3916232
3289	3917101
3290	3918889
3291	3919185
3292	3920260
3293	3924181
3294	3924661
3295	3928744
3296	3929620
3297	3933088
3298	3933779
3299	3935642
3300	3936625
3301	3936972
3302	3938510
3303	3938950
3304	3940629
3305	3941478
3306	3945694
3307	3946037
3308	3949188
3309	3952502
3310	3955281
3311	3957761
3312	3958669
3313	3962040
3314	3962272
3315	3962747
3316	3962771
3317	3962783
3318	3962784
3319	3963300
3320	3964074
3321	3966465
3322	3969393
3323	3972309
3324	3972375
3325	3972426
3326	3973746
3327	3974686
3328	3974990
3329	3974993
3330	3975010
3331	3976754
3332	3977194
3333	3977650
3334	3977992
3335	3981192
3336	3981864
3337	3982433
3338	3983296
3339	3984145
3340	3985507
3341	3986268
3342	3991709
3343	3993496
3344	3993758
3345	3994985
3346	3997628
3347	3997965
3348	3998538
3349	4002424
3350	4004885
3351	4008354
3352	4010715
3353	4011723
3354	4014850
3355	4016493
3356	4016621
3357	4022116
3358	4023220
3359	4023396
3360	4026551
3361	4026572
3362	4026673
3363	4029215
3364	4029586
3365	4035512
3366	4036040
3367	4037937
3368	4040206
3369	4040515
3370	4043686
3371	4044971
3372	4045246
3373	4045281
3374	4046967
3375	4049630
3376	4052448
3377	4052592
3378	4052890
3379	4053034
3380	4053446
3381	4054333
3382	4058113
3383	4059293
3384	4060082
3385	4061493
3386	4061643
3387	4062763
3388	4064027
3389	4065642
3390	4065904
3391	4067118
3392	4067749
3393	4072600
3394	4072883
3395	4076324
3396	4077756
3397	4077830
3398	4078423
3399	4079022
3400	4080579
3401	4081612
3402	4082562
3403	4083536
3404	4084147
3405	4085330
3406	4085795
3407	4086277
3408	4087224
3409	4089438
3410	4089523
3411	4091714
3412	4095726
3413	4096084
3414	4097350
3415	4098263
3416	4101374
3417	4103232
3418	4103847
3419	4104673
3420	4104762
3421	4105008
3422	4105418
3423	4107103
3424	4108975
3425	4109645
3426	4111404
3427	4111440
3428	4111843
3429	4115338
3430	4119462
3431	4120633
3432	4121909
3433	4123916
3434	4125949
3435	4126630
3436	4129775
3437	4132084
3438	4133076
3439	4133113
3440	4133141
3441	4134454
3442	4138312
3443	4139729
3444	4143422
3445	4147095
3446	4147187
3447	4147421
3448	4148980
3449	4150334
3450	4151793
3451	4152231
3452	4153146
3453	4154108
3454	4154618
3455	4155259
3456	4158570
3457	4159123
3458	4159411
3459	4159732
3460	4160733
3461	4161461
3462	4164195
3463	4164818
3464	4164998
3465	4166384
3466	4166491
3467	4166505
3468	4166664
3469	4168930
3470	4171391
3471	4173149
3472	4173151
3473	4173293
3474	4174320
3475	4181226
3476	4183377
3477	4183938
3478	4185559
3479	4185893
3480	4187248
3481	4188911
3482	4190717
3483	4191622
3484	4192046
3485	4194600
3486	4195737
3487	4199016
3488	4201619
3489	4203993
3490	4205098
3491	4205182
3492	4206934
3493	4207197
3494	4208049
3495	4209999
3496	4210011
3497	4210181
3498	4210272
3499	4216878
3500	4217692
3501	4218075
3502	4225996
3503	4233966
3504	4235070
3505	4235103
3506	4239303
3507	4239328
3508	4239796
3509	4240322
3510	4242890
3511	4243823
3512	4244416
3513	4245089
3514	4245783
3515	4253544
3516	4254112
3517	4255094
3518	4256238
3519	4256293
3520	4257639
3521	4258899
3522	4260577
3523	4262631
3524	4262895
3525	4262988
3526	4263216
3527	4263918
3528	4264405
3529	4264750
3530	4266465
3531	4268134
3532	4268323
3533	4268330
3534	4268337
3535	4268344
3536	4268351
3537	4268358
3538	4268365
3539	4268379
3540	4268386
3541	4269446
3542	4270458
3543	4271356
3544	4272552
3545	4275410
3546	4275780
3547	4277406
3548	4277985
3549	4279509
3550	4280003
3551	4280521
3552	4281601
3553	4282102
3554	4286087
3555	4287044
3556	4288438
3557	4292533
3558	4292883
3559	4293068
3560	4293421
3561	4293972
3562	4294951
3563	4302866
3564	4303257
3565	4303567
3566	4305301
3567	4306829
3568	4308402
3569	4309309
3570	4309548
3571	4309661
3572	4309772
3573	4311175
3574	4311821
3575	4311918
3576	4312299
3577	4318171
3578	4318701
3579	4319081
3580	4320041
3581	4320063
3582	4320553
3583	4321135
3584	4324902
3585	4324981
3586	4325437
3587	4325449
3588	4326671
3589	4326677
3590	4327771
3591	4327979
3592	4329615
3593	4330584
3594	4330728
3595	4331427
3596	4332632
3597	4333845
3598	4338313
3599	4339342
3600	4339366
3601	4339924
3602	4341179
3603	4342259
3604	4343116
3605	4343118
3606	4343766
3607	4346746
3608	4352091
3609	4352178
3610	4352413
3611	4353674
3612	4354133
3613	4354827
3614	4355448
3615	4357139
3616	4357515
3617	4359262
3618	4360567
3619	4360958
3620	4363234
3621	4364788
3622	4365999
3623	4366066
3624	4366107
3625	4367971
3626	4367974
3627	4371886
3628	4376726
3629	4377002
3630	4377190
3631	4377430
3632	4379864
3633	4383005
3634	4393265
3635	4393272
3636	4396404
3637	4398224
3638	4398598
3639	4399470
3640	4400732
3641	4403104
3642	4403326
3643	4405825
3644	4406775
3645	4408510
3646	4408660
3647	4409740
3648	4410392
3649	4412614
3650	4412901
3651	4413427
3652	4416198
3653	4420550
3654	4421633
3655	4421689
3656	4422734
3657	4423289
3658	4425394
3659	4425403
3660	4425405
3661	4425410
3662	4425419
3663	4425421
3664	4425426
3665	4425431
3666	4426771
3667	4427178
3668	4427796
3669	4429114
3670	4431179
3671	4431907
3672	4432243
3673	4432751
3674	4433790
3675	4433807
3676	4434104
3677	4434242
3678	4434297
3679	4435029
3680	4435839
3681	4438055
3682	4440277
3683	4441022
3684	4442544
3685	4443017
3686	4443716
3687	4444137
3688	4444189
3689	4444931
3690	4448411
3691	4448674
3692	4449797
3693	4449949
3694	4450891
3695	4453543
3696	4453786
3697	4458125
3698	4459511
3699	4459621
3700	4460587
3701	4461901
3702	4461997
3703	4462370
3704	4463936
3705	4464500
3706	4464611
3707	4464621
3708	4465056
3709	4465409
3710	4465433
3711	4466107
3712	4466132
3713	4466193
3714	4466368
3715	4467029
3716	4469310
3717	4470228
3718	4471837
3719	4473370
3720	4477698
3721	4477831
3722	4478167
3723	4479101
3724	4479212
3725	4480365
3726	4483833
3727	4483849
3728	4486017
3729	4489707
3730	4490026
3731	4491086
3732	4492645
3733	4496561
3734	4498832
3735	4499678
3736	4499729
3737	4499733
3738	4499741
3739	4503418
3740	4503447
3741	4503460
3742	4503464
3743	4503469
3744	4505331
3745	4506974
3746	4510127
3747	4510206
3748	4510524
3749	4510891
3750	4511285
3751	4513644
3752	4516071
3753	4516399
3754	4517159
3755	4517164
3756	4517687
3757	4518401
3758	4518432
3759	4522067
3760	4522453
3761	4523875
3762	4525081
3763	4525085
3764	4525971
3765	4527265
3766	4527483
3767	4528553
3768	4532775
3769	4534826
3770	4534908
3771	4536951
3772	4539474
3773	4540504
3774	4542642
3775	4544059
3776	4545439
3777	4547513
3778	4548190
3779	4551508
3780	4551977
3781	4552888
3782	4554093
3783	4555257
3784	4556160
3785	4556898
3786	4558980
3787	4559106
3788	4561389
3789	4561458
3790	4562052
3791	4562139
3792	4562508
3793	4567986
3794	4569032
3795	4569814
3796	4571442
3797	4572883
3798	4575564
3799	4579183
3800	4583116
3801	4585561
3802	4589676
3803	4589706
3804	4589872
3805	4590648
3806	4591185
3807	4592918
3808	4593129
3809	4595001
3810	4595194
3811	4596460
3812	4597747
3813	4597852
3814	4598609
3815	4600516
3816	4600626
3817	4600959
3818	4605836
3819	4607252
3820	4613570
3821	4615228
3822	4615986
3823	4617270
3824	4622743
3825	4622799
3826	4623020
3827	4623917
3828	4624135
3829	4625210
3830	4625287
3831	4625956
3832	4627299
3833	4629809
3834	4629810
3835	4630269
3836	4630765
3837	4631877
3838	4633184
3839	4633453
3840	4633814
3841	4634287
3842	4634569
3843	4634759
3844	4634869
3845	4635911
3846	4636882
3847	4638911
3848	4638959
3849	4640248
3850	4641338
3851	4642751
3852	4645860
3853	4649314
3854	4649960
3855	4650258
3856	4650283
