1	2002
2	2177
3	2865
4	5556
5	6267
6	6290
7	6365
8	7350
9	7373
10	7404
11	7970
12	8771
13	10118
14	10124
15	13478
16	13483
17	20035
18	20673
19	21198
20	21721
21	21791
22	23417
23	23911
24	24066
25	24237
26	24735
27	24843
28	25179
29	25598
30	26095
31	26682
32	27958
33	28079
34	28934
35	29354
36	29755
37	29813
38	30588
39	31733
40	32015
41	35247
42	35480
43	35753
44	35775
45	35989
46	36210
47	36759
48	38555
49	39306
50	39655
51	39912
52	41260
53	41284
54	42323
55	43978
56	44015
57	44049
58	52963
59	52966
60	53215
61	53564
62	53576
63	53798
64	53869
65	54037
66	54736
67	56156
68	56157
69	56864
70	57518
71	58333
72	58336
73	58346
74	63924
75	66028
76	82193
77	85513
78	85946
79	91882
80	92152
81	92479
82	93085
83	93112
84	93259
85	93260
86	93316
87	93325
88	93481
89	93520
90	93556
91	93559
92	95338
93	96361
94	96748
95	96967
96	97383
97	97893
98	99268
99	101729
100	102070
101	102873
102	103381
103	105084
104	105407
105	106021
106	106067
107	107343
108	110147
109	113684
110	116968
111	119414
112	120621
113	121889
114	122215
115	122288
116	122607
117	122912
118	123009
119	123337
120	124158
121	124815
122	125185
123	125639
124	125786
125	126048
126	126721
127	127139
128	127346
129	127591
130	128415
131	128685
132	129703
133	129782
134	131176
135	134288
136	134567
137	136775
138	136886
139	139032
140	143491
141	144844
142	148437
143	148943
144	148944
145	149986
146	150135
147	151437
148	152247
149	152682
150	153011
151	153026
152	154420
153	155456
154	155667
155	157188
156	158103
157	159435
158	160222
159	167793
160	168124
161	169332
162	169344
163	169381
164	169382
165	169534
166	170825
167	171782
168	171939
169	173222
170	173416
171	174293
172	175103
173	175458
174	175895
175	176511
176	177271
177	177440
178	177744
179	178114
180	180036
181	180306
182	181135
183	181667
184	182475
185	183199
186	183764
187	183979
188	184360
189	185204
190	186206
191	186212
192	186743
193	186796
194	186803
195	186975
196	187276
197	187334
198	187920
199	190006
200	190274
201	192741
202	192815
203	192853
204	193093
205	193096
206	193334
207	195200
208	195502
209	196922
210	201860
211	202118
212	202228
213	202259
214	202261
215	202609
216	203454
217	204013
218	204795
219	205051
220	205659
221	206651
222	207605
223	207910
224	207933
225	207979
226	208390
227	209105
228	209388
229	211958
230	212827
231	213190
232	213547
233	214215
234	214633
235	215359
236	220164
237	220801
238	222677
239	222753
240	225166
241	227097
242	228779
243	229562
244	230437
245	230776
246	230971
247	232270
248	233117
249	234693
250	234877
251	234974
252	235773
253	235807
254	238170
255	242327
256	250338
257	252133
258	252963
259	252972
260	265410
261	266026
262	266544
263	271532
264	271809
265	271929
266	272179
267	272412
268	272766
269	273061
270	273072
271	274263
272	274336
273	274356
274	275321
275	275495
276	275569
277	276921
278	277088
279	277516
280	277561
281	277822
282	278444
283	278501
284	279123
285	280521
286	281207
287	282485
288	282834
289	282952
290	286228
291	287281
292	289067
293	289845
294	290792
295	290882
296	292070
297	297679
298	299100
299	299551
300	299648
301	300014
302	303980
303	303982
304	308080
305	308332
306	308944
307	310425
308	310433
309	310569
310	311110
311	311237
312	311755
313	311956
314	311973
315	312314
316	313324
317	313598
318	313686
319	319635
320	319931
321	320235
322	322886
323	323776
324	328156
325	328276
326	328315
327	328874
328	329275
329	330118
330	331216
331	331643
332	333605
333	333611
334	333674
335	333691
336	334350
337	334620
338	335178
339	335364
340	335430
341	335572
342	336082
343	337007
344	337964
345	338240
346	339614
347	340621
348	340750
349	341171
350	348064
351	348385
352	349074
353	349983
354	350083
355	351428
356	352404
357	352475
358	352504
359	355508
360	355657
361	356906
362	358564
363	359038
364	359096
365	359359
366	359980
367	360413
368	363260
369	367003
370	367018
371	367184
372	367467
373	367501
374	374429
375	374498
376	374543
377	381161
378	381217
379	382300
380	383529
381	385294
382	385510
383	385608
384	386000
385	386587
386	402064
387	402448
388	403439
389	403837
390	404042
391	404304
392	404402
393	405650
394	407118
395	407558
396	409483
397	414146
398	416203
399	418543
400	418630
401	420343
402	421107
403	422077
404	422085
405	423771
406	423814
407	424934
408	426417
409	426653
410	426904
411	426993
412	427054
413	427104
414	427511
415	427541
416	427656
417	428639
418	428941
419	429627
420	429802
421	432811
422	433033
423	434889
424	435805
425	436695
426	437032
427	438511
428	440185
429	440562
430	440659
431	440903
432	441018
433	441072
434	442248
435	442382
436	442389
437	442772
438	442876
439	443431
440	443768
441	444105
442	444772
443	444849
444	445797
445	449035
446	449113
447	449652
448	451545
449	451872
450	453755
451	453937
452	455700
453	457105
454	458937
455	459075
456	459078
457	459108
458	459496
459	459891
460	460202
461	460650
462	460651
463	461527
464	461549
465	462344
466	465520
467	469664
468	470328
469	470537
470	470602
471	470743
472	471980
473	472270
474	472751
475	473056
476	473780
477	474001
478	474055
479	475062
480	476829
481	477271
482	477597
483	479212
484	480274
485	480340
486	480899
487	480920
488	481180
489	481625
490	482067
491	484147
492	484150
493	484199
494	484470
495	484919
496	484951
497	484952
498	485141
499	485351
500	485900
501	485931
502	486338
503	487593
504	487641
505	487653
506	487879
507	487943
508	488027
509	488048
510	488084
511	488345
512	488348
513	488361
514	488559
515	488587
516	488603
517	488691
518	489340
519	489343
520	489597
521	489631
522	489638
523	491201
524	492286
525	492516
526	493190
527	497403
528	498572
529	500505
530	500526
531	503401
532	503482
533	503859
534	505965
535	505971
536	507540
537	507754
538	507785
539	507818
540	508006
541	509510
542	510075
543	511445
544	512042
545	512162
546	512438
547	513606
548	513907
549	514540
550	515126
551	516283
552	517786
553	518051
554	518253
555	518554
556	519449
557	520189
558	520725
559	521026
560	521872
561	521918
562	523063
563	523474
564	524233
565	526111
566	526168
567	527545
568	527663
569	528168
570	528246
571	528250
572	528262
573	528264
574	528268
575	528271
576	529022
577	529248
578	531041
579	531102
580	531936
581	532132
582	532143
583	534360
584	536973
585	537033
586	539001
587	539425
588	539674
589	539947
590	540319
591	540325
592	540879
593	540885
594	540915
595	541206
596	541725
597	543964
598	544341
599	545248
600	546324
601	547261
602	548124
603	548208
604	550166
605	550741
606	550907
607	551382
608	551493
609	551763
610	552727
611	553708
612	553947
613	554195
614	554283
615	554870
616	555425
617	555566
618	556390
619	557069
620	557239
621	557397
622	559271
623	561440
624	561470
625	561646
626	562597
627	562605
628	562630
629	562636
630	562657
631	562849
632	565482
633	565726
634	566027
635	566053
636	566055
637	568131
638	568602
639	569589
640	570894
641	572124
642	572847
643	573252
644	574052
645	574451
646	574613
647	575142
648	575155
649	575248
650	575782
651	576098
652	577081
653	579096
654	579447
655	579479
656	579670
657	579941
658	580085
659	581894
660	582675
661	583502
662	584038
663	584155
664	584783
665	585428
666	585848
667	586951
668	587708
669	588810
670	589031
671	589295
672	589454
673	589763
674	589797
675	589945
676	590389
677	590780
678	590796
679	591962
680	592101
681	592526
682	593218
683	594233
684	594876
685	595725
686	597208
687	597457
688	597850
689	598307
690	599624
691	599969
692	600582
693	601294
694	602394
695	603324
696	605641
697	606084
698	606094
699	606319
700	608022
701	608291
702	608385
703	609420
704	609972
705	609988
706	611077
707	611924
708	611959
709	612222
710	612238
711	612329
712	616669
713	617761
714	617848
715	618095
716	618198
717	618205
718	618905
719	619098
720	619687
721	620955
722	621131
723	621377
724	623176
725	623732
726	624199
727	624249
728	624251
729	624590
730	625133
731	625138
732	625536
733	626176
734	626240
735	626937
736	627102
737	627504
738	627793
739	628312
740	628781
741	631767
742	633743
743	643160
744	649787
745	650463
746	650609
747	651161
748	652516
749	653150
750	654163
751	654165
752	654171
753	655473
754	656415
755	657714
756	657980
757	658556
758	659578
759	660024
760	661556
761	662356
762	663769
763	664802
764	665004
765	665573
766	667159
767	669505
768	669880
769	671678
770	671810
771	671849
772	672327
773	672369
774	672754
775	674468
776	675375
777	675442
778	675512
779	676251
780	684508
781	689251
782	689552
783	691401
784	691731
785	692295
786	692658
787	692667
788	692933
789	693135
790	693281
791	693930
792	694513
793	696109
794	697630
795	697676
796	698808
797	700186
798	700309
799	700570
800	700661
801	700685
802	700709
803	701139
804	701247
805	701329
806	702092
807	703246
808	704301
809	705726
810	705728
811	706132
812	706583
813	707103
814	707792
815	707869
816	707876
817	708666
818	710710
819	711018
820	712274
821	713433
822	713683
823	715031
824	716101
825	716104
826	716116
827	716125
828	716425
829	716611
830	716751
831	716837
832	720375
833	724292
834	724531
835	724739
836	725995
837	726033
838	726357
839	727012
840	727386
841	728388
842	729168
843	729550
844	730527
845	730717
846	731215
847	731509
848	731662
849	732618
850	738550
851	738563
852	738573
853	739663
854	740532
855	740844
856	742885
857	743904
858	744744
859	745653
860	745786
861	745856
862	746163
863	746200
864	747981
865	747982
866	748704
867	748846
868	749399
869	749433
870	749739
871	750492
872	751084
873	751213
874	752131
875	752292
876	753516
877	754121
878	754576
879	755424
880	755521
881	758202
882	761638
883	762588
884	764148
885	765642
886	766198
887	769908
888	771348
889	772730
890	772763
891	775037
892	777292
893	777532
894	780472
895	780516
896	780543
897	781208
898	781301
899	782127
900	783014
901	783846
902	783858
903	783959
904	784593
905	784902
906	792804
907	792821
908	796402
909	802720
910	811773
911	812622
912	813684
913	815219
914	815792
915	816120
916	816813
917	817061
918	817230
919	817298
920	817846
921	819100
922	821092
923	827940
924	828057
925	829492
926	830372
927	830543
928	830700
929	830723
930	830837
931	830885
932	830977
933	830987
934	831001
935	831083
936	831089
937	831410
938	831426
939	831530
940	831546
941	831815
942	831821
943	831849
944	832369
945	832474
946	832649
947	833425
948	833638
949	833765
950	833834
951	834267
952	834399
953	836963
954	839595
955	843221
956	844933
957	845912
958	857043
959	859685
960	860393
961	860816
962	860851
963	860854
964	860868
965	861017
966	861020
967	861034
968	861964
969	862227
970	862799
971	863933
972	863936
973	864248
974	864503
975	864816
976	864818
977	864842
978	864843
979	865857
980	866371
981	866666
982	866869
983	867211
984	868033
985	868051
986	868118
987	868393
988	869033
989	869159
990	869162
991	869165
992	869180
993	869183
994	869189
995	869198
996	869404
997	870479
998	870652
999	871764
1000	871928
1001	875403
1002	876720
1003	876805
1004	876824
1005	876868
1006	878348
1007	878452
1008	879386
1009	880022
1010	880070
1011	880400
1012	881200
1013	881698
1014	881701
1015	881722
1016	882115
1017	882121
1018	882127
1019	882139
1020	884083
1021	884748
1022	884979
1023	884982
1024	884988
1025	885206
1026	885245
1027	885358
1028	886125
1029	886870
1030	887248
1031	887322
1032	887350
1033	888383
1034	888420
1035	888438
1036	888582
1037	888619
1038	889062
1039	890408
1040	890638
1041	890762
1042	892769
1043	892979
1044	893873
1045	894527
1046	894929
1047	895583
1048	895965
1049	897799
1050	898569
1051	900537
1052	900771
1053	900824
1054	901310
1055	901868
1056	902779
1057	903449
1058	903471
1059	903596
1060	904317
1061	904645
1062	904651
1063	907820
1064	907891
1065	909530
1066	909575
1067	909877
1068	910062
1069	910198
1070	910535
1071	910542
1072	911229
1073	911491
1074	912106
1075	915113
1076	915636
1077	915871
1078	917040
1079	917282
1080	917430
1081	932713
1082	937815
1083	939009
1084	941150
1085	941182
1086	942324
1087	942890
1088	943067
1089	943645
1090	945638
1091	946670
1092	947406
1093	947497
1094	948231
1095	948907
1096	949975
1097	950865
1098	952662
1099	954222
1100	954410
1101	955273
1102	956251
1103	958581
1104	959252
1105	959535
1106	961119
1107	961196
1108	961882
1109	962163
1110	962461
1111	962947
1112	963141
1113	964309
1114	964502
1115	964619
1116	964694
1117	964877
1118	965372
1119	965677
1120	965686
1121	967351
1122	967385
1123	968112
1124	969175
1125	969300
1126	969395
1127	969488
1128	969655
1129	969760
1130	969947
1131	970371
1132	970532
1133	972249
1134	972637
1135	972728
1136	973067
1137	973548
1138	974234
1139	974526
1140	974674
1141	975207
1142	975262
1143	975432
1144	975435
1145	975557
1146	977009
1147	977212
1148	977301
1149	977834
1150	977859
1151	978605
1152	980461
1153	980515
1154	980578
1155	980798
1156	981492
1157	981673
1158	981762
1159	982042
1160	982370
1161	982435
1162	982772
1163	983919
1164	984934
1165	985833
1166	987278
1167	987409
1168	987561
1169	987699
1170	987731
1171	988253
1172	988783
1173	988829
1174	989219
1175	989692
1176	989697
1177	989782
1178	990715
1179	991727
1180	991740
1181	991804
1182	992674
1183	992749
1184	993069
1185	993134
1186	993137
1187	993210
1188	998798
1189	999381
1190	999878
1191	1004261
1192	1006628
1193	1009180
1194	1009202
1195	1009701
1196	1010276
1197	1011291
1198	1013543
1199	1015533
1200	1015633
1201	1016906
1202	1017517
1203	1018158
1204	1018458
1205	1020757
1206	1021398
1207	1021881
1208	1023256
1209	1023389
1210	1023747
1211	1024392
1212	1024394
1213	1026059
1214	1026073
1215	1026120
1216	1026253
1217	1026499
1218	1026586
1219	1026810
1220	1027272
1221	1027421
1222	1027481
1223	1027549
1224	1027659
1225	1027667
1226	1028428
1227	1028453
1228	1028664
1229	1028729
1230	1028776
1231	1029195
1232	1029397
1233	1029637
1234	1029674
1235	1029987
1236	1030035
1237	1030109
1238	1030142
1239	1031178
1240	1031284
1241	1031585
1242	1031966
1243	1032121
1244	1034124
1245	1034465
1246	1035869
1247	1036629
1248	1037869
1249	1037956
1250	1038629
1251	1040647
1252	1041035
1253	1041627
1254	1043894
1255	1045061
1256	1045971
1257	1048005
1258	1048228
1259	1048396
1260	1049661
1261	1049905
1262	1052050
1263	1052777
1264	1053077
1265	1053971
1266	1055270
1267	1055564
1268	1056574
1269	1056750
1270	1056938
1271	1058567
1272	1058893
1273	1059108
1274	1059173
1275	1061767
1276	1063796
1277	1064054
1278	1065829
1279	1066423
1280	1066559
1281	1066700
1282	1068421
1283	1068629
1284	1069188
1285	1071176
1286	1072030
1287	1073895
1288	1075351
1289	1075356
1290	1075377
1291	1075909
1292	1079967
1293	1083419
1294	1085460
1295	1085474
1296	1085687
1297	1085887
1298	1086851
1299	1090018
1300	1090253
1301	1092697
1302	1093741
1303	1093837
1304	1095818
1305	1095887
1306	1096141
1307	1096794
1308	1097276
1309	1098803
1310	1098828
1311	1099327
1312	1099334
1313	1099426
1314	1099449
1315	1099765
1316	1100417
1317	1102476
1318	1102583
1319	1102665
1320	1102946
1321	1103250
1322	1103537
1323	1103989
1324	1104156
1325	1105650
1326	1105735
1327	1105923
1328	1106990
1329	1107093
1330	1107429
1331	1107676
1332	1108704
1333	1109968
1334	1110068
1335	1110181
1336	1110184
1337	1110559
1338	1110817
1339	1112312
1340	1115147
1341	1115153
1342	1115567
1343	1116888
1344	1117647
1345	1117971
1346	1119393
1347	1120778
1348	1121089
1349	1121421
1350	1121744
1351	1121804
1352	1122944
1353	1123280
1354	1123714
1355	1124534
1356	1124626
1357	1124718
1358	1128566
1359	1134752
1360	1135507
1361	1137023
1362	1139510
1363	1140319
1364	1140634
1365	1140646
1366	1140652
1367	1140661
1368	1140730
1369	1140742
1370	1140775
1371	1140934
1372	1141486
1373	1143158
1374	1143280
1375	1143331
1376	1143788
1377	1144078
1378	1144241
1379	1144333
1380	1145170
1381	1147503
1382	1147855
1383	1147991
1384	1148736
1385	1151078
1386	1151079
1387	1151428
1388	1152110
1389	1152650
1390	1152673
1391	1154189
1392	1154542
1393	1154547
1394	1155679
1395	1156458
1396	1157593
1397	1159322
1398	1159497
1399	1159907
1400	1160325
1401	1161452
1402	1162099
1403	1162636
1404	1163462
1405	1164749
1406	1165697
1407	1166143
1408	1167099
1409	1168031
1410	1168441
1411	1168572
1412	1168652
1413	1169017
1414	1170727
1415	1170746
1416	1170820
1417	1171038
1418	1174100
1419	1175256
1420	1175518
1421	1175833
1422	1176053
1423	1177382
1424	1177899
1425	1178954
1426	1179771
1427	1181110
1428	1181206
1429	1182371
1430	1182374
1431	1182387
1432	1182392
1433	1182574
1434	1186058
1435	1186754
1436	1186833
1437	1186951
1438	1187559
1439	1187587
1440	1187659
1441	1189209
1442	1189500
1443	1190670
1444	1191805
1445	1193910
1446	1194051
1447	1195760
1448	1195880
1449	1196608
1450	1197586
1451	1198221
1452	1198298
1453	1198309
1454	1198531
1455	1198591
1456	1199871
1457	1200996
1458	1201250
1459	1201535
1460	1201703
1461	1207590
1462	1210965
1463	1211403
1464	1212175
1465	1212544
1466	1212670
1467	1214329
1468	1214471
1469	1214596
1470	1214748
1471	1218202
1472	1219074
1473	1219616
1474	1220042
1475	1221382
1476	1221782
1477	1231778
1478	1232307
1479	1236552
1480	1238660
1481	1240233
1482	1241355
1483	1242471
1484	1243458
1485	1244480
1486	1245050
1487	1245284
1488	1246094
1489	1248829
1490	1249644
1491	1249698
1492	1250241
1493	1252098
1494	1252815
1495	1253422
1496	1254710
1497	1255292
1498	1255845
1499	1256276
1500	1256356
1501	1256751
1502	1256996
1503	1257489
1504	1258653
1505	1260240
1506	1260631
1507	1260639
1508	1260692
1509	1260774
1510	1260800
1511	1260997
1512	1261013
1513	1262009
1514	1262291
1515	1265932
1516	1266409
1517	1266760
1518	1267152
1519	1267437
1520	1267886
1521	1267950
1522	1269123
1523	1269357
1524	1269382
1525	1269444
1526	1270006
1527	1270083
1528	1271051
1529	1271619
1530	1272168
1531	1272258
1532	1272293
1533	1273036
1534	1275015
1535	1275286
1536	1275518
1537	1275586
1538	1275596
1539	1275600
1540	1275674
1541	1275714
1542	1276084
1543	1276360
1544	1277646
1545	1277800
1546	1280531
1547	1281609
1548	1282540
1549	1283291
1550	1283701
1551	1284247
1552	1284326
1553	1284346
1554	1285551
1555	1285564
1556	1286485
1557	1287020
1558	1287846
1559	1288358
1560	1289359
1561	1290079
1562	1290434
1563	1291802
1564	1292312
1565	1295502
1566	1295640
1567	1296159
1568	1296209
1569	1298675
1570	1300030
1571	1300333
1572	1301047
1573	1304545
1574	1309579
1575	1309807
1576	1310416
1577	1315662
1578	1316985
1579	1318877
1580	1319887
1581	1323832
1582	1325006
1583	1328196
1584	1328380
1585	1328796
1586	1330248
1587	1330720
1588	1332241
1589	1334937
1590	1335671
1591	1338320
1592	1340606
1593	1341257
1594	1342060
1595	1342908
1596	1342909
1597	1342912
1598	1343753
1599	1344278
1600	1344324
1601	1344440
1602	1344555
1603	1345117
1604	1345979
1605	1345982
1606	1346047
1607	1346242
1608	1346701
1609	1346997
1610	1347321
1611	1347378
1612	1347921
1613	1348379
1614	1349025
1615	1349168
1616	1349265
1617	1349548
1618	1349904
1619	1350290
1620	1353018
1621	1353182
1622	1353258
1623	1353933
1624	1354147
1625	1354721
1626	1355654
1627	1355977
1628	1356888
1629	1357583
1630	1357793
1631	1358736
1632	1358809
1633	1360603
1634	1360639
1635	1360740
1636	1361348
1637	1361596
1638	1361761
1639	1361894
1640	1362856
1641	1366504
1642	1367183
1643	1367550
1644	1368008
1645	1368540
1646	1369742
1647	1369876
1648	1370258
1649	1370597
1650	1371313
1651	1371351
1652	1371941
1653	1372216
1654	1373965
1655	1375896
1656	1376175
1657	1378957
1658	1380186
1659	1383234
1660	1383336
1661	1383745
1662	1383898
1663	1384154
1664	1384346
1665	1384416
1666	1386031
1667	1386368
1668	1386856
1669	1390092
1670	1391813
1671	1392218
1672	1392260
1673	1392346
1674	1392678
1675	1392680
1676	1394259
1677	1397299
1678	1397305
1679	1397332
1680	1397554
1681	1397917
1682	1398909
1683	1405067
1684	1410000
1685	1410111
1686	1410225
1687	1410353
1688	1410413
1689	1412843
1690	1414080
1691	1414274
1692	1415022
1693	1416094
1694	1416748
1695	1417020
1696	1417525
1697	1417687
1698	1418061
1699	1418464
1700	1418878
1701	1419542
1702	1420046
1703	1420066
1704	1420411
1705	1420479
1706	1421817
1707	1421818
1708	1421843
1709	1421844
1710	1421883
1711	1421887
1712	1423407
1713	1424281
1714	1424300
1715	1430105
1716	1433440
1717	1438319
1718	1440968
1719	1441883
1720	1445651
1721	1446209
1722	1449156
1723	1452863
1724	1453180
1725	1460109
1726	1460281
1727	1460536
1728	1461273
1729	1461496
1730	1461810
1731	1463566
1732	1464861
1733	1464975
1734	1465119
1735	1465163
1736	1465282
1737	1465639
1738	1466002
1739	1466427
1740	1468790
1741	1469099
1742	1469257
1743	1469656
1744	1469657
1745	1469658
1746	1469838
1747	1469856
1748	1471373
1749	1471438
1750	1471749
1751	1471757
1752	1471885
1753	1472074
1754	1472724
1755	1472737
1756	1472866
1757	1472898
1758	1472914
1759	1474409
1760	1474427
1761	1474964
1762	1475986
1763	1477505
1764	1477761
1765	1478445
1766	1478738
1767	1479111
1768	1480214
1769	1480245
1770	1480334
1771	1481259
1772	1481338
1773	1481352
1774	1481523
1775	1484483
1776	1484495
1777	1485061
1778	1486220
1779	1487667
1780	1489032
1781	1490040
1782	1490315
1783	1490729
1784	1490731
1785	1491067
1786	1491436
1787	1491446
1788	1491448
1789	1491514
1790	1491536
1791	1491652
1792	1491657
1793	1492930
1794	1493779
1795	1494714
1796	1495489
1797	1496745
1798	1497836
1799	1498930
1800	1499641
1801	1500279
1802	1500552
1803	1501196
1804	1501574
1805	1501582
1806	1502611
1807	1502647
1808	1503710
1809	1505272
1810	1506002
1811	1506648
1812	1508068
1813	1508466
1814	1515851
1815	1516195
1816	1516565
1817	1517499
1818	1517552
1819	1518438
1820	1519278
1821	1520938
1822	1521550
1823	1521906
1824	1521928
1825	1521990
1826	1522489
1827	1522575
1828	1522597
1829	1522650
1830	1525062
1831	1525708
1832	1525941
1833	1526630
1834	1526799
1835	1526947
1836	1527045
1837	1527283
1838	1527838
1839	1528425
1840	1529118
1841	1529132
1842	1530172
1843	1530913
1844	1531385
1845	1531426
1846	1532873
1847	1539582
1848	1539676
1849	1540956
1850	1540962
1851	1541842
1852	1542460
1853	1542754
1854	1543295
1855	1544070
1856	1544913
1857	1545475
1858	1545498
1859	1545984
1860	1545999
1861	1547242
1862	1548582
1863	1549152
1864	1550611
1865	1552090
1866	1552411
1867	1553454
1868	1553537
1869	1554345
1870	1554714
1871	1554818
1872	1556156
1873	1556337
1874	1557569
1875	1558881
1876	1559226
1877	1559227
1878	1559335
1879	1561004
1880	1561205
1881	1566028
1882	1570865
1883	1571794
1884	1572033
1885	1572060
1886	1572294
1887	1572685
1888	1572868
1889	1573101
1890	1574620
1891	1574979
1892	1575017
1893	1576397
1894	1576607
1895	1576660
1896	1576677
1897	1576933
1898	1577118
1899	1577490
1900	1577599
1901	1580029
1902	1580030
1903	1580031
1904	1580183
1905	1582764
1906	1584304
1907	1584673
1908	1584893
1909	1585453
1910	1585503
1911	1585520
1912	1585877
1913	1586563
1914	1589271
1915	1589344
1916	1590565
1917	1592126
1918	1597385
1919	1597443
1920	1598614
1921	1604238
1922	1606047
1923	1606676
1924	1611470
1925	1615543
1926	1615545
1927	1615546
1928	1615633
1929	1615635
1930	1615636
1931	1615665
1932	1615666
1933	1615837
1934	1615845
1935	1617510
1936	1618030
1937	1618103
1938	1618364
1939	1618427
1940	1618784
1941	1619989
1942	1620325
1943	1620644
1944	1621599
1945	1621820
1946	1622006
1947	1622572
1948	1622667
1949	1623321
1950	1624670
1951	1625516
1952	1626239
1953	1627123
1954	1627928
1955	1628216
1956	1628270
1957	1628724
1958	1628727
1959	1630212
1960	1633359
1961	1633804
1962	1633805
1963	1633832
1964	1634097
1965	1634396
1966	1635416
1967	1637684
1968	1638110
1969	1640046
1970	1643434
1971	1645199
1972	1646971
1973	1647233
1974	1649647
1975	1649684
1976	1650970
1977	1651761
1978	1651973
1979	1657785
1980	1660911
1981	1660916
1982	1663859
1983	1663959
1984	1664205
1985	1664764
1986	1668534
1987	1670399
1988	1671371
1989	1673177
1990	1676217
1991	1676964
1992	1679680
1993	1680423
1994	1681342
1995	1681343
1996	1681344
1997	1681351
1998	1681376
1999	1682364
2000	1684449
2001	1685761
2002	1694959
2003	1695812
2004	1695845
2005	1695905
2006	1695917
2007	1695929
2008	1696006
2009	1696084
2010	1696108
2011	1696180
2012	1696186
2013	1701157
2014	1701365
2015	1701577
2016	1702323
2017	1702370
2018	1702631
2019	1702712
2020	1703184
2021	1703251
2022	1703408
2023	1704075
2024	1705043
2025	1705092
2026	1706549
2027	1707038
2028	1707257
2029	1708421
2030	1708802
2031	1709152
2032	1709733
2033	1713090
2034	1713434
2035	1714085
2036	1714298
2037	1716097
2038	1716129
2039	1716277
2040	1716706
2041	1718264
2042	1719323
2043	1719347
2044	1719420
2045	1719809
2046	1720526
2047	1720745
2048	1720780
2049	1722588
2050	1722814
2051	1725545
2052	1728044
2053	1728752
2054	1729446
2055	1729688
2056	1731560
2057	1732467
2058	1732773
2059	1736466
2060	1742679
2061	1746779
2062	1747193
2063	1747351
2064	1747507
2065	1747604
2066	1748689
2067	1749365
2068	1758795
2069	1761512
2070	1765532
2071	1765623
2072	1765688
2073	1765716
2074	1765887
2075	1766067
2076	1766327
2077	1767246
2078	1767488
2079	1767930
2080	1768110
2081	1768422
2082	1770034
2083	1770703
2084	1771105
2085	1771496
2086	1773774
2087	1773777
2088	1773821
2089	1773845
2090	1774030
2091	1776100
2092	1778791
2093	1781550
2094	1783398
2095	1786718
2096	1787019
2097	1787317
2098	1787833
2099	1787856
2100	1789276
2101	1789582
2102	1790174
2103	1790296
2104	1792443
2105	1792631
2106	1797420
2107	1798344
2108	1799566
2109	1801030
2110	1801039
2111	1801054
2112	1801180
2113	1801273
2114	1801280
2115	1801524
2116	1801549
2117	1802407
2118	1802420
2119	1803325
2120	1803362
2121	1804057
2122	1804162
2123	1806920
2124	1808905
2125	1811055
2126	1811400
2127	1811878
2128	1812416
2129	1812797
2130	1813812
2131	1814909
2132	1815034
2133	1815065
2134	1815111
2135	1816142
2136	1816989
2137	1817491
2138	1817774
2139	1818024
2140	1820406
2141	1820645
2142	1821789
2143	1824102
2144	1824980
2145	1825459
2146	1826117
2147	1827087
2148	1827261
2149	1827556
2150	1827996
2151	1828037
2152	1829631
2153	1829802
2154	1830113
2155	1831154
2156	1831452
2157	1832031
2158	1832546
2159	1832837
2160	1832930
2161	1832938
2162	1832979
2163	1833086
2164	1833113
2165	1833223
2166	1833266
2167	1833567
2168	1833893
2169	1834077
2170	1834539
2171	1834698
2172	1834779
2173	1838338
2174	1839790
2175	1839793
2176	1839809
2177	1839814
2178	1840562
2179	1841821
2180	1841858
2181	1842347
2182	1843125
2183	1843325
2184	1844316
2185	1844414
2186	1848068
2187	1848086
2188	1848095
2189	1848292
2190	1848410
2191	1848483
2192	1848488
2193	1848614
2194	1849968
2195	1849997
2196	1854215
2197	1854736
2198	1855104
2199	1855313
2200	1855488
2201	1859728
2202	1859777
2203	1863103
2204	1863599
2205	1864219
2206	1864330
2207	1864769
2208	1865075
2209	1867070
2210	1867101
2211	1867110
2212	1867145
2213	1867380
2214	1868565
2215	1869546
2216	1870206
2217	1870752
2218	1876781
2219	1877330
2220	1877334
2221	1877887
2222	1878445
2223	1879255
2224	1880642
2225	1881231
2226	1882101
2227	1882458
2228	1884190
2229	1885197
2230	1885278
2231	1885782
2232	1887417
2233	1887541
2234	1887592
2235	1887862
2236	1887928
2237	1888009
2238	1888016
2239	1888636
2240	1889901
2241	1890140
2242	1890307
2243	1891462
2244	1892709
2245	1893304
2246	1894348
2247	1894370
2248	1894406
2249	1895207
2250	1895470
2251	1896295
2252	1896694
2253	1898138
2254	1898320
2255	1899112
2256	1899907
2257	1899910
2258	1900948
2259	1901093
2260	1901248
2261	1901526
2262	1902243
2263	1903004
2264	1903244
2265	1904346
2266	1904975
2267	1905309
2268	1906314
2269	1906358
2270	1906508
2271	1907403
2272	1910035
2273	1912477
2274	1913575
2275	1913935
2276	1916476
2277	1917792
2278	1917797
2279	1918169
2280	1918474
2281	1919827
2282	1920138
2283	1920768
2284	1920803
2285	1920879
2286	1920987
2287	1921055
2288	1921994
2289	1922113
2290	1922345
2291	1922359
2292	1922728
2293	1923041
2294	1923370
2295	1923990
2296	1924601
2297	1925396
2298	1925685
2299	1926156
2300	1927917
2301	1928321
2302	1928395
2303	1928601
2304	1929679
2305	1929913
2306	1930278
2307	1931011
2308	1931572
2309	1931608
2310	1931973
2311	1932266
2312	1932919
2313	1933340
2314	1933365
2315	1933567
2316	1933572
2317	1933671
2318	1934133
2319	1934162
2320	1934183
2321	1934470
2322	1934541
2323	1934589
2324	1934731
2325	1935017
2326	1935578
2327	1937062
2328	1937877
2329	1938228
2330	1939329
2331	1939514
2332	1940364
2333	1941462
2334	1941839
2335	1942618
2336	1943061
2337	1943081
2338	1944498
2339	1944568
2340	1945558
2341	1946456
2342	1947326
2343	1948726
2344	1949157
2345	1949853
2346	1952255
2347	1952444
2348	1953044
2349	1955740
2350	1957162
2351	1959317
2352	1964667
2353	1965600
2354	1967065
2355	1970270
2356	1970389
2357	1970390
2358	1970393
2359	1973496
2360	1975213
2361	1979537
2362	1980180
2363	1980552
2364	1981289
2365	1985387
2366	1985894
2367	1986003
2368	1986761
2369	1988258
2370	1988521
2371	1990302
2372	1990824
2373	1991263
2374	1991368
2375	1992150
2376	1992230
2377	1995006
2378	1995204
2379	1996165
2380	1997617
2381	1997704
2382	1997890
2383	1998099
2384	1998248
2385	1998283
2386	2000431
2387	2000988
2388	2001628
2389	2003390
2390	2004320
2391	2005460
2392	2006417
2393	2007273
2394	2007768
2395	2008298
2396	2008778
2397	2008793
2398	2008841
2399	2009117
2400	2010623
2401	2010992
2402	2011820
2403	2011824
2404	2013312
2405	2013506
2406	2023013
2407	2023198
2408	2023224
2409	2023245
2410	2023373
2411	2024478
2412	2024546
2413	2026479
2414	2027474
2415	2028444
2416	2029242
2417	2029246
2418	2029293
2419	2029332
2420	2029336
2421	2029729
2422	2030449
2423	2030579
2424	2030810
2425	2030878
2426	2031069
2427	2031231
2428	2031258
2429	2031656
2430	2031910
2431	2032194
2432	2038382
2433	2039170
2434	2039285
2435	2039651
2436	2039660
2437	2039661
2438	2039742
2439	2042700
2440	2044514
2441	2045426
2442	2045780
2443	2045879
2444	2046076
2445	2047355
2446	2047669
2447	2048418
2448	2049650
2449	2049923
2450	2051493
2451	2051990
2452	2052194
2453	2053104
2454	2053436
2455	2053985
2456	2056742
2457	2061419
2458	2069216
2459	2069306
2460	2069564
2461	2070273
2462	2072042
2463	2073679
2464	2076939
2465	2077772
2466	2078074
2467	2078092
2468	2078125
2469	2078564
2470	2081535
2471	2081687
2472	2081739
2473	2082189
2474	2082227
2475	2083002
2476	2083769
2477	2083862
2478	2084269
2479	2084429
2480	2084654
2481	2085326
2482	2085526
2483	2086629
2484	2087034
2485	2087455
2486	2087769
2487	2088345
2488	2088347
2489	2088638
2490	2089341
2491	2089715
2492	2089878
2493	2090138
2494	2090462
2495	2090463
2496	2093136
2497	2093150
2498	2093243
2499	2093398
2500	2094131
2501	2094758
2502	2095298
2503	2097002
2504	2097092
2505	2097666
2506	2098584
2507	2101606
2508	2104348
2509	2106693
2510	2109440
2511	2110561
2512	2110579
2513	2110999
2514	2111038
2515	2111376
2516	2111421
2517	2111569
2518	2111853
2519	2112193
2520	2112606
2521	2113778
2522	2113884
2523	2113935
2524	2113963
2525	2114447
2526	2115325
2527	2117912
2528	2117924
2529	2118695
2530	2118709
2531	2119133
2532	2119267
2533	2120191
2534	2120202
2535	2123009
2536	2123427
2537	2123480
2538	2124526
2539	2124772
2540	2124858
2541	2124866
2542	2124980
2543	2125084
2544	2125160
2545	2125168
2546	2125171
2547	2125211
2548	2125904
2549	2125985
2550	2126539
2551	2127140
2552	2128167
2553	2128350
2554	2128428
2555	2129031
2556	2129061
2557	2131038
2558	2131240
2559	2131924
2560	2137228
2561	2140637
2562	2140684
2563	2141506
2564	2141509
2565	2141787
2566	2141800
2567	2141805
2568	2142122
2569	2143631
2570	2143639
2571	2143668
2572	2143725
2573	2143777
2574	2144031
2575	2144461
2576	2144949
