1	138
2	393
3	1461
4	1598
5	1835
6	1889
7	2492
8	3059
9	3535
10	4167
11	4448
12	4554
13	5030
14	5124
15	5442
16	5661
17	5795
18	5862
19	5990
20	6157
21	6236
22	6282
23	6612
24	7063
25	7107
26	7821
27	7847
28	8034
29	8128
30	8374
31	8746
32	8809
33	8987
34	9182
35	9774
36	10211
37	10280
38	10939
39	11299
40	12077
41	12282
42	12587
43	12851
44	13123
45	13438
46	13517
47	14269
48	14943
49	15173
50	15421
51	15767
52	15921
53	15955
54	16290
55	16306
56	16313
57	34424
58	34466
59	34475
60	34667
61	34720
62	34740
63	34801
64	34962
65	35264
66	35420
67	35463
68	35581
69	35582
70	35591
71	35711
72	35794
73	35872
74	35922
75	36195
76	36374
77	36730
78	36734
79	36941
80	37409
81	37597
82	37734
83	38022
84	38179
85	38483
86	39020
87	39084
88	39306
89	39569
90	39740
91	40003
92	40558
93	40622
94	40741
95	41280
96	41334
97	41517
98	41531
99	41830
100	42605
101	42937
102	43056
103	43064
104	43267
105	43335
106	43477
107	43808
108	43864
109	44108
110	44115
111	44184
112	44413
113	44494
114	44572
115	44759
116	45034
117	45770
118	45796
119	45938
120	45971
121	46103
122	46150
123	46215
124	46306
125	46436
126	46923
127	47320
128	47413
129	47615
130	48166
131	48284
132	48570
133	48763
134	48901
135	48975
136	49445
137	49485
138	49840
139	49924
140	50383
141	50490
142	50780
143	50916
144	51018
145	51295
146	51694
147	51775
148	51787
149	51910
150	52220
151	52307
152	52365
153	52455
154	52793
155	53567
156	53646
157	53749
158	53848
159	54090
160	54177
161	54341
162	54779
163	55748
164	56159
165	56169
166	56176
167	56233
168	56441
169	56657
170	57436
171	57496
172	58553
173	58836
174	59274
175	59517
176	61119
177	61163
178	62012
179	62016
180	62045
181	62204
182	62420
183	62476
184	62848
185	63246
186	63451
187	63647
188	63652
189	63774
190	63804
191	63857
192	63888
193	63948
194	64121
195	64225
196	64454
197	64742
198	64907
199	64931
200	65525
201	66094
202	66354
203	69440
204	69794
205	70360
206	70382
207	72157
208	72281
209	72351
210	72642
211	72663
212	73021
213	73226
214	74454
215	75146
216	75506
217	75623
218	75724
219	76131
220	76318
221	77674
222	78121
223	78225
224	78471
225	78483
226	78488
227	78527
228	78558
229	78783
230	78953
231	78954
232	79108
233	79230
234	79309
235	79315
236	79328
237	79390
238	79416
239	79449
240	79991
241	80277
242	81337
243	81684
244	81846
245	82724
246	82726
247	83931
248	84947
249	85198
250	86704
251	88878
252	89756
253	89794
254	90035
255	90471
256	90809
257	91100
258	91447
259	91767
260	92237
261	92934
262	93702
263	93726
264	93750
265	93773
266	93775
267	93782
268	93841
269	96220
270	96223
271	96255
272	97074
273	97159
274	97200
275	97313
276	97457
277	97480
278	103639
279	103640
280	103657
281	104126
282	104127
283	104496
284	105915
285	105992
286	106784
287	108045
288	108438
289	108799
290	109258
291	109396
292	109853
293	110218
294	110367
295	110475
296	110913
297	111216
298	111367
299	112152
300	113363
301	113480
302	114976
303	115203
304	115326
305	116168
306	116348
307	116361
308	117178
309	117412
310	117705
311	117865
312	118035
313	118119
314	118395
315	118420
316	118455
317	118462
318	118748
319	119058
320	119309
321	120213
322	120550
323	121964
324	122427
325	122561
326	122663
327	122666
328	122840
329	122932
330	122964
331	123190
332	123613
333	124325
334	124673
335	124690
336	125032
337	125439
338	125647
339	125744
340	125930
341	125983
342	126213
343	126215
344	126441
345	126493
346	126609
347	126636
348	126691
349	126875
350	127119
351	127351
352	127545
353	127611
354	127768
355	127810
356	128044
357	128100
358	128109
359	128205
360	128424
361	128674
362	128739
363	128769
364	129135
365	129832
366	129923
367	132149
368	132366
369	132680
370	132913
371	133244
372	133572
373	133684
374	134513
375	134554
376	134708
377	134932
378	135003
379	135059
380	135279
381	135426
382	135499
383	135775
384	135864
385	135894
386	136580
387	136793
388	136886
389	136909
390	137266
391	137517
392	137602
393	138161
394	138795
395	138808
396	138919
397	139227
398	139876
399	140036
400	140689
401	140723
402	141035
403	141038
404	141238
405	141243
406	141374
407	141801
408	142192
409	142558
410	142570
411	142593
412	142652
413	142871
414	142988
415	143033
416	143615
417	143660
418	143921
419	143943
420	143977
421	144061
422	144466
423	144516
424	144858
425	144905
426	145164
427	145375
428	145683
429	145918
430	146586
431	146613
432	146661
433	146703
434	146755
435	146780
436	147590
437	148551
438	148754
439	148797
440	149105
441	150698
442	150748
443	150764
444	150802
445	151777
446	151891
447	152638
448	153031
449	153246
450	153247
451	154275
452	155173
453	155449
454	155629
455	156301
456	156310
457	158062
458	158305
459	158710
460	158838
461	159167
462	159397
463	159739
464	159807
465	160177
466	160264
467	161170
468	161564
469	161648
470	161910
471	163273
472	163316
473	163533
474	164181
475	164196
476	164890
477	165812
478	166613
479	166631
480	166698
481	166719
482	167246
483	167258
484	167454
485	167550
486	167675
487	168077
488	168105
489	168643
490	168645
491	168760
492	168766
493	169110
494	169301
495	169490
496	169881
497	169977
498	170634
499	171078
500	171492
501	171624
502	171709
503	171958
504	172089
505	172093
506	172588
507	173134
508	178735
509	179032
510	179276
511	180073
512	180553
513	180745
514	181408
515	181480
516	181643
517	181783
518	181989
519	182315
520	182620
521	182800
522	182942
523	182951
524	182985
525	182987
526	183036
527	183038
528	183994
529	184010
530	184368
531	185812
532	186093
533	186605
534	186663
535	186743
536	187433
537	187440
538	187448
539	187452
540	187740
541	187845
542	187895
543	189814
544	189947
545	190363
546	190947
547	191047
548	191185
549	193475
550	193805
551	193826
552	194028
553	194288
554	194516
555	195384
556	195891
557	196388
558	196623
559	197047
560	197191
561	197215
562	197692
563	198372
564	198496
565	198839
566	199863
567	199931
568	200680
569	200947
570	201121
571	201363
572	201488
573	202149
574	202382
575	202710
576	204777
577	204818
578	204860
579	205423
580	205838
581	205986
582	206420
583	206658
584	206838
585	207516
586	207901
587	207943
588	208664
589	208722
590	209097
591	209325
592	209958
593	210097
594	210624
595	210817
596	211378
597	212022
598	212162
599	212180
600	212293
601	212977
602	213075
603	213582
604	214720
605	214835
606	215072
607	215201
608	215417
609	215937
610	216045
611	216239
612	216366
613	216680
614	217000
615	217085
616	217309
617	217390
618	217584
619	217715
620	217761
621	217790
622	218299
623	218365
624	218486
625	218657
626	218729
627	219033
628	219110
629	219193
630	219261
631	219341
632	219968
633	220578
634	220953
635	221696
636	221724
637	222701
638	222737
639	222868
640	222953
641	222954
642	223262
643	223319
644	223459
645	224131
646	224233
647	224821
648	225104
649	225448
650	225467
651	225477
652	226079
653	226256
654	226275
655	226329
656	226395
657	226914
658	227111
659	227135
660	227226
661	227538
662	227633
663	227825
664	228002
665	228177
666	228233
667	228259
668	228410
669	228431
670	229450
671	229583
672	229782
673	230251
674	231178
675	231420
676	231512
677	231531
678	231670
679	231696
680	231808
681	231930
682	232109
683	232278
684	232327
685	232520
686	232651
687	233419
688	233484
689	233859
690	234026
691	234218
692	234273
693	235579
694	235657
695	235796
696	236332
697	236448
698	236682
699	236841
700	237002
701	237070
702	237255
703	238622
704	238626
705	253974
706	254139
707	254679
708	254803
709	254967
710	255260
711	255402
712	255445
713	255612
714	256245
715	256340
716	256873
717	257085
718	257186
719	257420
720	257486
721	257569
722	257595
723	257677
724	257799
725	257931
726	259341
727	259531
728	259787
729	266152
730	266153
731	266303
732	266484
733	266491
734	266495
735	266917
736	266961
737	267021
738	267120
739	267400
740	267533
741	267560
742	267875
743	268022
744	268273
745	268292
746	269312
747	269754
748	269880
749	269982
750	270287
751	270420
752	270519
753	271330
754	271516
755	272973
756	273105
757	273335
758	273957
759	274180
760	274251
761	274639
762	274662
763	274792
764	275002
765	275342
766	275850
767	275964
768	276189
769	276361
770	276442
771	276600
772	276604
773	276605
774	276836
775	276866
776	277151
777	277173
778	277226
779	277411
780	277524
781	277576
782	277719
783	277747
784	278062
785	278528
786	278694
787	279483
788	280039
789	280040
790	280066
791	280087
792	280099
793	280295
794	280366
795	280460
796	280521
797	280650
798	280677
799	280714
800	281722
801	281998
802	282089
803	282671
804	282737
805	283046
806	283663
807	284115
808	284231
809	284358
810	284664
811	284759
812	285244
813	285285
814	285304
815	285346
816	285779
817	286122
818	286278
819	286625
820	287187
821	287262
822	287544
823	288285
824	288376
825	288885
826	289064
827	289297
828	289425
829	289434
830	289716
831	289859
832	290061
833	290096
834	290152
835	290591
836	290834
837	291010
838	291359
839	291376
840	291638
841	291747
842	291969
843	293465
844	294329
845	294427
846	294497
847	294512
848	294702
849	294718
850	294810
851	295030
852	295499
853	295634
854	295732
855	295999
856	296021
857	296047
858	296126
859	296216
860	296321
861	296414
862	296951
863	297014
864	297016
865	297387
866	297407
867	297459
868	297637
869	297894
870	298316
871	298659
872	298896
873	299137
874	299488
875	299644
876	300259
877	300302
878	300620
879	300930
880	301328
881	301463
882	301466
883	302225
884	303685
885	303867
886	305347
887	305874
888	306049
889	306244
890	306545
891	306943
892	308206
893	309286
894	309536
895	309847
896	309930
897	309940
898	309955
899	310802
900	311156
901	311165
902	311689
903	312665
904	312898
905	312964
906	313998
907	314304
908	314415
909	314969
910	315605
911	315670
912	315853
913	315870
914	316076
915	317226
916	317231
917	317864
918	318010
919	318377
920	318462
921	318725
922	318731
923	318738
924	318788
925	319627
926	319645
927	319884
928	320469
929	320539
930	320963
931	321622
932	322129
933	322223
934	323104
935	324456
936	324457
937	324458
938	324459
939	324505
940	324741
941	324852
942	324893
943	325489
944	325510
945	325584
946	325792
947	326164
948	326214
949	326320
950	326371
951	326374
952	326515
953	326698
954	326727
955	326740
956	326839
957	326857
958	326919
959	326928
960	327022
961	327037
962	327061
963	327075
964	327176
965	327231
966	327531
967	327548
968	327568
969	327682
970	327724
971	327739
972	328341
973	328389
974	328672
975	328934
976	329120
977	329147
978	329228
979	330019
980	330197
981	330437
982	331219
983	331497
984	332710
985	333021
986	333814
987	333932
988	334021
989	335266
990	335563
991	336201
992	336313
993	336385
994	336395
995	336455
996	337129
997	337622
998	337896
999	338221
1000	338268
1001	338406
1002	339033
1003	339153
1004	339261
1005	339639
1006	339826
1007	340663
1008	341213
1009	341411
1010	341875
1011	342017
1012	342055
1013	342434
1014	342479
1015	343423
1016	343619
1017	344002
1018	344024
1019	344222
1020	344349
1021	344351
1022	344353
1023	344492
1024	346099
1025	346180
1026	346299
1027	346322
1028	346679
1029	347116
1030	347240
1031	347254
1032	347269
1033	347311
1034	347661
1035	347874
1036	347944
1037	348149
1038	348215
1039	348533
1040	348537
1041	348847
1042	349001
1043	349128
1044	349143
1045	349211
1046	349403
1047	349657
1048	349832
1049	350200
1050	350802
1051	351101
1052	351289
1053	351471
1054	351584
1055	351673
1056	352564
1057	352707
1058	353211
1059	353325
1060	353366
1061	353468
1062	353513
1063	353777
1064	353905
1065	353933
1066	354515
1067	354759
1068	354950
1069	355145
1070	355615
1071	360830
1072	361210
1073	361485
1074	361962
1075	362160
1076	362578
1077	362651
1078	362683
1079	362728
1080	362770
1081	362829
1082	363153
1083	363501
1084	363994
1085	363998
1086	365227
1087	365326
1088	365715
1089	366611
1090	366727
1091	366871
1092	367101
1093	367183
1094	367329
1095	367803
1096	368245
1097	368314
1098	368484
1099	368626
1100	368778
1101	368983
1102	369164
1103	369214
1104	369275
1105	369382
1106	369444
1107	369639
1108	369820
1109	370316
1110	370447
1111	370855
1112	371178
1113	371202
1114	371245
1115	371303
1116	371306
1117	372375
1118	372552
1119	373304
1120	373957
1121	374384
1122	374504
1123	374675
1124	374751
1125	374855
1126	374887
1127	376697
1128	377232
1129	377564
1130	377646
1131	377737
1132	377902
1133	378079
1134	378437
1135	379088
1136	379234
1137	379258
1138	379440
1139	379752
1140	380709
1141	381387
1142	381940
1143	382885
1144	383028
1145	383313
1146	383447
1147	383941
1148	384333
1149	384443
1150	384935
1151	384979
1152	385422
1153	386430
1154	386471
1155	386800
1156	387198
1157	387238
1158	387315
1159	387462
1160	387591
1161	387605
1162	387631
1163	388158
1164	388212
1165	388395
1166	388646
1167	388710
1168	388767
1169	388808
1170	388842
1171	389843
1172	389891
1173	389909
1174	389952
1175	390152
1176	390875
1177	391374
1178	391436
1179	392296
1180	392826
1181	392918
1182	393699
1183	394010
1184	394265
1185	395634
1186	395742
1187	396013
1188	396282
1189	396418
1190	397744
1191	398015
1192	398159
1193	398209
1194	398301
1195	398339
1196	398657
1197	398662
1198	398698
1199	399120
1200	399266
1201	399612
1202	399703
1203	399710
1204	399732
1205	399887
1206	401129
1207	401625
1208	401957
1209	402276
1210	402621
1211	403383
1212	404278
1213	404398
1214	404863
1215	404984
1216	405090
1217	405194
1218	406250
1219	406472
1220	406992
1221	407917
1222	408105
1223	408454
1224	408473
1225	408489
1226	408608
1227	408828
1228	408872
1229	409104
1230	409132
1231	409179
1232	409396
1233	409461
1234	409488
1235	409606
1236	409731
1237	409910
1238	410297
1239	410419
1240	410483
1241	410608
1242	410835
1243	410859
1244	411101
1245	411322
1246	412210
1247	412234
1248	412347
1249	412378
1250	412568
1251	412606
1252	412623
1253	412769
1254	412814
1255	413404
1256	413690
1257	413700
1258	413708
1259	413714
1260	413725
1261	413730
1262	413951
1263	414431
1264	414433
1265	414477
1266	414499
1267	414633
1268	414649
1269	414711
1270	414885
1271	414992
1272	415283
1273	415330
1274	416073
1275	416193
1276	416204
1277	416205
1278	416328
1279	416425
1280	416431
1281	416435
1282	416537
1283	416626
1284	417707
1285	417726
1286	417735
1287	417789
1288	418013
1289	418020
1290	418257
1291	418825
1292	418853
1293	419864
1294	420103
1295	420247
1296	420407
1297	420408
1298	420434
1299	420501
1300	420534
1301	420911
1302	420943
1303	421189
1304	421389
1305	421412
1306	421447
1307	421606
1308	421703
1309	421816
1310	421885
1311	421996
1312	422170
1313	422770
1314	423399
1315	423658
1316	424173
1317	424544
1318	430417
1319	430765
1320	430925
1321	432214
1322	432319
1323	432706
1324	432931
1325	433423
1326	434258
1327	434411
1328	434633
1329	434776
1330	434981
1331	435024
1332	435032
1333	435053
1334	435897
1335	436020
1336	436688
1337	436870
1338	436926
1339	437195
1340	437393
1341	437525
1342	437730
1343	437978
1344	438100
1345	438610
1346	438637
1347	438734
1348	439188
1349	439247
1350	439397
1351	439421
1352	439465
1353	439533
1354	440256
1355	440340
1356	440710
1357	441434
1358	441721
1359	441896
1360	442069
1361	442315
1362	442828
1363	443665
1364	444699
1365	444833
1366	444912
1367	444955
1368	445008
1369	445657
1370	445717
1371	446369
1372	446546
1373	446766
1374	446978
1375	448413
1376	448906
1377	449190
1378	449191
1379	449225
1380	449262
1381	449589
1382	450437
1383	450449
1384	450512
1385	451074
1386	451257
1387	451467
1388	451570
1389	451636
1390	451794
1391	451797
1392	452060
1393	452204
1394	452396
1395	452405
1396	452744
1397	452847
1398	453113
1399	453700
1400	453994
1401	454287
1402	454871
1403	455144
1404	455240
1405	455613
1406	455643
1407	455778
1408	455812
1409	455814
1410	455837
1411	455940
1412	466602
1413	466784
1414	467230
1415	467625
1416	468949
1417	469054
1418	469565
1419	469778
1420	470391
1421	470460
1422	470666
1423	470802
1424	471532
1425	471775
1426	471978
1427	472830
1428	473262
1429	473947
1430	474901
1431	475214
1432	475389
1433	475471
1434	475778
1435	476062
1436	476466
1437	476640
1438	476849
1439	477119
1440	477869
1441	478011
1442	478022
1443	478460
1444	480050
1445	480212
1446	480455
1447	481688
1448	481797
1449	482061
1450	482112
1451	482443
1452	483274
1453	483619
1454	483626
1455	484074
1456	484217
1457	484419
1458	484466
1459	484820
1460	485411
1461	485786
1462	485834
1463	485952
1464	486358
1465	486503
1466	486588
1467	486990
1468	487332
1469	487626
1470	488040
1471	488092
1472	488097
1473	488295
1474	488492
1475	489043
1476	489372
1477	489622
1478	489703
1479	490383
1480	490444
1481	491320
1482	492142
1483	492200
1484	492374
1485	492379
1486	493014
1487	493030
1488	493040
1489	493742
1490	494143
1491	494212
1492	494405
1493	494488
1494	494761
1495	494851
1496	494868
1497	495321
1498	495661
1499	496979
1500	498920
1501	499451
1502	499500
1503	499548
1504	499790
1505	501252
1506	501423
1507	501484
1508	501922
1509	502179
1510	502470
1511	502723
1512	503078
1513	503347
1514	505354
1515	505357
1516	505389
1517	505692
1518	506378
1519	506790
1520	506947
1521	507084
1522	507551
1523	507762
1524	507968
1525	508398
1526	508828
1527	508836
1528	509414
1529	509748
1530	510002
1531	510075
1532	510998
1533	511016
1534	512188
1535	512207
1536	512361
1537	512448
1538	513180
1539	513446
1540	513458
1541	513738
1542	513794
1543	513911
1544	514289
1545	514416
1546	514621
1547	514753
1548	515326
1549	515342
1550	515818
1551	515931
1552	515991
1553	516063
1554	516272
1555	516362
1556	517244
1557	517447
1558	517473
1559	517485
1560	517599
1561	518027
1562	518355
1563	518422
1564	518842
1565	519237
1566	519623
1567	519958
1568	519978
1569	520289
1570	520676
1571	520892
1572	521019
1573	521112
1574	521131
1575	521208
1576	521272
1577	521481
1578	521779
1579	521894
1580	521948
1581	522156
1582	522543
1583	523305
1584	523444
1585	523657
1586	523700
1587	523910
1588	523930
1589	524122
1590	524352
1591	525455
1592	525787
1593	525830
1594	525931
1595	526856
1596	527089
1597	527753
1598	527974
1599	527999
1600	528131
1601	528934
1602	529151
1603	529594
1604	529950
1605	530049
1606	530120
1607	530167
1608	530257
1609	530295
1610	530397
1611	530408
1612	531099
1613	531342
1614	531759
1615	532002
1616	532127
1617	532329
1618	532764
1619	532931
1620	533162
1621	533351
1622	533574
1623	533844
1624	534014
1625	534204
1626	534286
1627	534301
1628	534916
1629	535344
1630	536546
1631	536678
1632	536950
1633	537051
1634	537461
1635	537469
1636	537805
1637	538372
1638	538403
1639	538510
1640	538571
1641	538714
1642	538889
1643	538902
1644	539101
1645	539136
1646	539332
1647	539438
1648	539598
1649	539689
1650	539732
1651	539736
1652	539947
1653	540087
1654	540227
1655	540391
1656	540755
1657	540818
1658	540821
1659	541102
1660	541184
1661	541245
1662	542169
1663	542338
1664	542572
1665	542621
1666	542648
1667	542702
1668	542883
1669	542984
1670	543080
1671	543187
1672	543277
1673	543571
1674	543651
1675	543903
1676	544083
1677	544377
1678	545291
1679	545453
1680	545695
1681	545733
1682	547640
1683	547677
1684	548011
1685	548070
1686	548159
1687	548223
1688	548232
1689	548287
1690	548515
1691	548594
1692	548634
1693	548674
1694	548910
1695	548995
1696	549153
1697	549183
1698	549655
1699	549669
1700	549791
1701	550361
1702	550727
1703	550784
1704	550977
1705	551580
1706	551932
1707	552004
1708	552234
1709	552281
1710	552487
1711	552684
1712	552705
1713	553544
1714	554009
1715	554422
1716	555669
1717	556026
1718	556069
1719	556139
1720	556347
1721	556512
1722	557231
1723	557401
1724	557559
1725	557719
1726	558208
1727	558961
1728	559239
1729	559305
1730	559705
1731	559758
1732	559775
1733	559794
1734	560017
1735	560455
1736	560617
1737	560807
1738	560889
1739	561017
1740	561067
1741	561144
1742	561756
1743	561842
1744	562149
1745	562159
1746	562187
1747	562326
1748	562331
1749	562383
1750	562588
1751	563064
1752	563118
1753	563243
1754	563520
1755	564097
1756	564247
1757	564702
1758	565084
1759	565153
1760	565496
1761	565801
1762	565936
1763	566006
1764	566197
1765	566364
1766	566539
1767	567253
1768	567658
1769	567693
1770	567992
1771	568284
1772	568356
1773	568451
1774	569289
1775	569523
1776	570064
1777	570135
1778	570270
1779	570363
1780	570413
1781	570527
1782	570953
1783	571044
1784	571286
1785	571397
1786	571565
1787	571773
1788	572444
1789	572623
1790	572696
1791	572863
1792	574143
1793	574248
1794	575487
1795	575597
1796	576136
1797	576361
1798	576368
1799	577261
1800	577554
1801	578119
1802	578185
1803	578266
1804	578422
1805	578509
1806	578572
1807	578616
1808	579110
1809	579199
1810	579271
1811	579470
1812	579471
1813	579725
1814	579863
1815	579887
1816	580357
1817	580469
1818	580564
1819	580744
1820	580757
1821	580805
1822	580894
1823	581114
1824	581217
1825	581413
1826	581792
1827	582215
1828	582666
1829	583341
1830	583593
1831	583885
1832	584381
1833	584432
1834	584680
1835	585028
1836	585877
1837	586361
1838	586362
1839	586428
1840	588177
1841	588540
1842	588720
1843	588791
1844	589372
1845	589468
1846	589537
1847	589565
1848	589688
1849	589823
1850	589867
1851	589918
1852	590001
1853	590447
1854	591433
1855	592151
1856	592152
1857	592225
1858	592926
1859	592994
1860	593775
1861	594369
1862	594379
1863	594471
1864	594603
1865	594707
1866	595008
1867	595175
1868	595395
1869	595443
1870	597695
1871	597835
1872	598390
1873	598436
1874	598586
1875	598852
1876	599055
1877	599280
1878	599310
1879	599325
1880	599720
1881	600256
1882	600370
1883	600480
1884	600491
1885	600636
1886	600637
1887	600855
1888	601060
1889	601234
1890	601620
1891	601990
1892	602282
1893	602359
1894	602410
1895	602831
1896	603024
1897	603308
1898	603352
1899	603358
1900	603467
1901	603577
1902	603587
1903	603801
1904	604127
1905	604174
1906	604264
1907	604365
1908	604401
1909	604763
1910	604822
1911	604953
1912	605047
1913	605250
1914	605578
1915	605887
1916	605908
1917	606072
1918	606259
1919	606445
1920	606492
1921	606790
1922	607143
1923	607939
1924	608226
1925	608380
1926	609202
1927	609378
1928	609479
1929	609626
1930	609736
1931	609882
1932	610159
1933	610160
1934	610252
1935	610330
1936	610499
1937	610503
1938	610831
1939	610863
1940	610894
1941	611178
1942	611253
1943	611401
1944	611516
1945	611984
1946	612108
1947	612614
1948	612710
1949	612776
1950	612919
1951	613027
1952	613098
1953	613457
1954	613469
1955	613799
1956	614080
1957	614536
1958	614577
1959	614851
1960	614884
1961	614901
1962	614909
1963	615343
1964	615348
1965	615488
1966	616131
1967	616810
1968	616951
1969	617354
1970	617468
1971	617584
1972	617825
1973	617970
1974	618003
1975	618038
1976	618125
1977	618274
1978	618302
1979	618745
1980	619015
1981	619081
1982	619663
1983	619682
1984	619815
1985	619979
1986	620124
1987	620262
1988	620535
1989	620709
1990	621361
1991	621511
1992	621748
1993	621932
1994	622034
1995	622502
1996	622605
1997	622767
1998	623358
1999	623460
2000	623543
2001	624157
2002	624172
2003	624487
2004	624818
2005	624867
2006	624905
2007	625332
2008	625697
2009	625903
2010	625916
2011	626260
2012	626754
2013	627972
2014	627978
2015	628851
2016	629230
2017	629341
2018	629460
2019	629500
2020	629697
2021	629716
2022	629877
2023	629924
2024	629930
2025	629973
2026	629999
2027	630105
2028	630505
2029	630510
2030	630527
2031	630989
2032	631121
2033	631688
2034	631881
2035	632409
2036	632459
2037	632786
2038	632828
2039	632882
2040	632885
2041	632906
2042	632983
2043	633044
2044	633683
2045	633866
2046	633926
2047	633991
2048	634309
2049	635667
2050	635744
2051	636078
2052	636105
2053	636106
2054	636183
2055	636319
2056	636464
2057	636482
2058	636503
2059	636505
2060	636508
2061	636526
2062	636536
2063	636554
2064	636643
2065	637075
2066	637264
2067	637468
2068	637541
2069	637546
2070	637563
2071	637622
2072	637707
2073	637753
2074	637994
2075	638041
2076	638479
2077	638724
2078	638949
2079	638962
2080	639009
2081	639544
2082	639595
2083	639600
2084	639642
2085	639647
2086	640182
2087	640287
2088	640293
2089	640307
2090	640367
2091	640422
2092	640464
2093	640679
2094	640756
2095	640802
2096	641248
2097	641253
2098	641307
2099	641343
2100	641791
2101	641792
2102	641975
2103	642090
2104	642211
2105	642816
2106	643057
2107	643184
2108	643205
2109	643420
2110	643690
2111	643748
2112	644075
2113	644450
2114	644817
2115	645224
2116	645342
2117	645553
2118	645737
2119	646390
2120	647366
2121	647371
2122	647378
2123	647386
2124	647392
2125	647467
2126	647880
2127	648306
2128	648326
2129	648405
2130	649208
2131	649211
2132	649414
2133	649450
2134	649492
2135	649712
2136	649755
2137	650196
2138	650760
2139	651810
2140	652493
2141	652582
2142	653318
2143	653889
2144	653899
2145	654469
2146	654645
2147	654711
2148	654784
2149	654953
2150	655242
2151	656275
2152	656347
2153	656681
2154	656822
2155	656913
2156	656992
2157	657508
2158	657869
2159	658613
2160	658840
2161	659419
2162	659499
2163	660066
2164	660271
2165	660275
2166	660359
2167	660389
2168	660515
2169	661362
2170	661620
2171	661875
2172	661944
2173	662207
2174	662273
2175	663047
2176	663048
2177	663050
2178	663090
2179	663300
2180	663303
2181	663491
2182	663639
2183	663736
2184	664250
2185	665041
2186	665104
2187	665390
2188	665526
2189	665632
2190	665740
2191	665754
2192	666026
2193	667105
2194	667175
2195	667962
2196	668288
2197	668456
2198	668692
2199	668802
2200	668885
2201	669152
2202	669915
2203	669965
2204	670910
2205	671069
2206	671596
2207	672211
2208	672844
2209	673401
2210	673574
2211	673811
2212	673841
2213	673907
2214	674127
2215	674247
2216	674373
2217	675442
2218	675559
2219	676009
2220	676025
2221	676520
2222	676535
2223	676790
2224	677287
2225	678128
2226	678410
2227	678950
2228	679111
2229	679793
2230	679916
2231	680387
2232	681175
2233	681293
2234	681356
2235	681357
2236	681545
2237	681669
2238	682338
2239	682471
2240	682501
2241	682764
2242	683625
2243	683852
2244	684788
2245	685592
2246	685676
2247	685784
2248	686580
2249	686826
2250	686854
2251	687417
2252	687418
2253	687635
2254	687674
2255	687911
2256	688580
2257	688682
2258	688791
2259	689205
2260	689429
2261	689463
2262	748290
2263	748894
2264	749211
2265	749310
2266	749315
2267	749514
2268	749684
2269	750044
2270	750255
2271	750866
2272	750975
2273	750984
2274	751118
2275	753466
2276	753563
2277	753596
2278	753873
2279	754208
2280	754240
2281	754411
2282	754427
2283	754674
2284	754986
2285	755041
2286	755060
2287	755063
2288	755080
2289	755091
2290	755228
2291	755680
2292	755912
2293	755933
2294	756003
2295	756091
2296	756199
2297	756576
2298	756827
2299	757312
2300	757378
2301	757889
2302	758535
2303	758555
2304	759055
2305	759193
2306	759210
2307	759266
2308	759463
2309	760305
2310	760318
2311	760369
2312	760423
2313	761813
2314	762066
2315	762118
2316	762130
2317	762631
2318	763228
2319	763362
2320	763439
2321	763526
2322	763855
2323	764295
2324	764592
2325	764731
2326	764948
2327	765343
2328	765406
2329	765506
2330	765572
2331	766011
2332	766187
2333	766944
2334	767235
2335	767451
2336	767692
2337	767694
2338	767910
2339	767923
2340	768241
2341	769031
2342	769041
2343	769209
2344	769312
2345	769564
2346	769894
2347	770080
2348	770139
2349	770244
2350	770302
2351	770475
2352	770476
2353	770593
2354	771087
2355	771275
2356	771281
2357	771372
2358	771522
2359	771618
2360	771739
2361	772159
2362	772267
2363	772500
2364	773129
2365	773626
2366	773627
2367	773737
2368	773862
2369	774301
2370	774761
2371	774828
2372	774886
2373	775496
2374	775545
2375	776156
2376	776279
2377	776359
2378	776376
2379	776508
2380	776515
2381	776613
2382	776786
2383	776803
2384	776819
2385	777299
2386	777488
2387	777510
2388	778037
2389	778125
2390	778186
2391	778189
2392	778244
2393	778369
2394	778741
2395	779106
2396	779278
2397	779323
2398	779347
2399	779416
2400	779429
2401	779641
2402	779733
2403	779901
2404	779903
2405	780007
2406	780112
2407	780259
2408	780403
2409	780430
2410	780527
2411	780702
2412	781045
2413	781095
2414	781510
2415	781556
2416	781651
2417	781837
2418	782077
2419	782113
2420	782243
2421	782647
2422	782682
2423	782740
2424	783632
2425	783686
2426	783925
2427	784113
2428	784582
2429	784589
2430	784612
2431	784839
2432	786016
2433	786181
2434	786199
2435	786374
2436	787030
2437	787129
2438	787377
2439	787641
2440	787917
2441	788335
2442	788484
2443	788723
2444	788782
2445	789359
2446	789606
2447	791074
2448	791435
2449	791841
2450	792166
2451	792236
2452	792408
2453	792467
2454	792632
2455	792964
2456	793747
2457	793750
2458	794116
2459	794341
2460	794788
2461	795050
2462	795054
2463	795055
2464	795319
2465	795601
2466	795829
2467	795867
2468	795921
2469	795986
2470	796088
2471	796171
2472	796175
2473	796216
2474	796373
2475	796681
2476	797216
2477	797296
2478	797363
2479	798033
2480	798583
2481	798832
2482	798921
2483	799103
2484	799306
2485	799951
2486	799966
2487	800472
2488	800962
2489	801239
2490	801600
2491	801647
2492	801703
2493	802139
2494	802430
2495	802460
2496	802930
2497	802939
2498	803012
2499	803136
2500	803423
2501	803716
2502	803729
2503	803876
2504	803908
2505	804421
2506	804469
2507	804500
2508	804664
2509	804910
2510	805082
2511	805783
2512	806402
2513	806460
2514	806517
2515	806587
2516	806638
2517	806939
2518	807029
2519	807064
2520	807096
2521	807328
2522	807521
2523	807533
2524	807609
2525	807799
2526	807911
2527	808016
2528	808278
2529	808299
2530	808358
2531	808670
2532	808968
2533	809173
2534	809338
2535	809632
2536	810111
2537	810952
2538	810975
2539	811181
2540	811278
2541	811532
2542	811772
2543	812153
2544	812254
2545	812700
2546	812719
2547	812787
2548	813579
2549	813629
2550	813800
2551	813818
2552	813963
2553	814038
2554	814263
2555	814405
2556	814495
2557	815239
2558	815240
2559	815257
2560	815324
2561	815411
2562	815960
2563	816234
2564	816350
2565	816771
2566	817160
2567	817349
2568	817732
2569	817830
2570	818227
2571	818397
2572	818722
2573	818986
2574	819451
2575	819824
2576	819885
2577	819960
2578	820066
2579	820227
2580	820245
2581	820279
2582	820720
2583	820799
2584	820977
2585	821113
2586	821520
2587	822101
2588	822196
2589	822669
2590	823084
2591	823622
2592	823845
2593	824190
2594	824204
2595	825230
2596	825344
2597	825591
2598	825732
2599	825754
2600	826388
2601	826507
2602	826587
2603	826912
2604	827235
2605	827421
2606	827592
2607	828318
2608	828371
2609	828517
2610	828555
2611	828561
2612	829665
2613	829821
2614	829860
2615	830089
2616	830119
2617	830278
2618	830457
2619	830505
2620	830551
2621	830577
2622	830703
2623	830795
2624	830978
2625	830997
2626	831133
2627	831137
2628	831481
2629	831511
2630	831529
2631	831656
2632	831765
2633	831913
2634	832143
2635	832205
2636	832418
2637	832745
2638	833174
2639	833195
2640	833239
2641	833345
2642	833470
2643	833890
2644	833918
2645	834395
2646	834579
2647	834890
2648	835094
2649	835120
2650	835464
2651	835494
2652	835918
2653	836036
2654	836111
2655	836960
2656	837185
2657	837555
2658	837873
2659	838012
2660	838164
2661	838821
2662	838832
2663	838879
2664	839295
2665	839302
2666	839353
2667	839597
2668	839736
2669	839756
2670	839947
2671	840912
2672	840913
2673	841652
2674	842178
2675	842544
2676	843187
2677	843477
2678	844641
2679	844797
2680	845293
2681	845623
2682	845847
2683	845879
2684	846599
2685	846605
2686	846636
2687	846799
2688	846959
2689	847284
2690	847292
2691	847449
2692	847888
2693	847891
2694	847899
2695	847925
2696	847941
2697	848321
2698	848529
2699	849024
2700	849407
2701	849579
2702	849681
2703	849779
2704	850579
2705	850763
2706	851001
2707	851434
2708	852189
2709	853034
2710	853186
2711	853200
2712	853368
2713	853830
2714	854121
2715	854216
2716	854703
2717	855013
2718	855031
2719	855269
2720	855383
2721	855605
2722	855918
2723	855926
2724	855930
2725	856155
2726	856527
2727	856544
2728	856629
2729	856898
2730	857324
2731	857351
2732	857807
2733	857952
2734	858460
2735	858895
2736	859351
2737	859378
2738	859387
2739	859397
2740	859451
2741	859539
2742	859560
2743	859585
2744	859602
2745	859603
2746	859616
2747	861281
2748	861549
2749	862145
2750	862306
2751	862338
2752	862481
2753	862495
2754	862605
2755	862647
2756	862940
2757	862956
2758	863061
2759	863063
2760	863279
2761	865237
2762	865369
2763	865437
2764	865899
2765	866025
2766	866104
2767	866432
2768	866665
2769	866818
2770	866991
2771	867200
2772	867217
2773	867875
2774	867903
2775	867905
2776	868347
2777	868366
2778	868890
2779	869493
2780	869845
2781	870383
2782	870639
2783	870693
2784	870780
2785	871746
2786	871767
2787	871837
2788	872065
2789	873206
2790	873248
2791	873428
2792	873625
2793	873860
2794	873861
2795	873973
2796	874033
2797	874293
2798	874504
2799	874965
2800	875001
2801	875045
2802	875066
2803	875479
2804	876211
2805	876353
2806	876360
2807	876400
2808	876748
2809	876824
2810	877679
2811	877772
2812	877886
2813	878797
2814	879113
2815	880224
2816	880642
2817	880678
2818	881442
2819	881731
2820	881981
2821	882373
2822	882507
2823	882567
2824	882904
2825	883586
2826	883723
2827	884181
2828	884262
2829	884270
2830	884636
2831	884908
2832	885074
2833	886006
2834	886052
2835	886133
2836	887261
2837	887706
2838	888162
2839	888307
2840	888765
2841	889083
2842	889428
2843	889566
2844	889849
2845	889915
2846	890035
2847	890324
2848	890669
2849	891895
2850	892547
2851	892551
2852	893087
2853	893328
2854	893496
2855	893871
2856	893907
2857	894577
2858	894898
2859	894899
2860	895185
2861	895561
2862	895948
2863	896260
2864	896304
2865	896853
2866	897050
2867	897324
2868	897701
2869	897798
2870	898176
2871	898789
2872	899835
2873	899984
2874	900334
2875	900376
2876	900453
2877	900702
2878	900881
2879	900958
2880	901472
2881	901650
2882	901700
2883	901863
2884	902863
2885	902963
2886	903313
2887	903399
2888	903936
2889	904029
2890	904121
2891	904311
2892	904656
2893	905036
2894	905880
2895	905924
2896	906192
2897	906632
2898	906747
2899	907288
2900	907552
2901	907802
2902	907991
2903	908388
2904	908557
2905	908598
2906	908730
2907	908965
2908	908968
2909	909604
2910	909863
2911	910780
2912	910783
2913	910808
2914	911358
2915	911438
2916	912261
2917	912387
2918	912441
2919	912520
2920	912641
2921	912970
2922	913428
2923	913919
2924	914857
2925	915763
2926	916479
2927	916598
2928	916632
2929	916830
2930	916884
2931	917528
2932	917982
2933	918027
2934	918132
2935	918412
2936	918876
2937	918932
2938	921131
2939	921450
2940	921721
2941	922002
2942	922351
2943	923284
2944	923442
2945	924375
2946	924520
2947	924587
2948	925176
2949	925710
2950	926156
2951	926294
2952	926381
2953	926466
2954	926718
2955	927293
2956	927389
2957	927879
2958	927910
2959	928441
2960	928760
2961	928865
2962	928911
2963	928986
2964	929666
2965	929740
2966	930946
2967	930948
2968	930951
2969	930969
2970	931594
2971	931753
2972	931817
2973	931818
2974	931832
2975	931844
2976	932466
2977	932943
2978	933411
2979	934128
2980	934129
2981	934543
2982	935082
2983	935424
2984	935748
2985	935944
2986	936853
2987	937044
2988	937087
2989	937088
2990	937089
2991	937578
2992	937645
2993	937739
2994	938402
2995	938442
2996	938991
2997	939747
2998	940454
2999	940667
3000	940721
3001	940762
3002	940813
3003	940823
3004	940844
3005	941435
3006	941619
3007	942145
3008	942266
3009	942641
3010	942676
3011	942698
3012	942875
3013	942897
3014	943009
3015	943046
3016	943291
3017	943387
3018	943622
3019	943931
3020	943958
3021	944042
3022	944297
3023	944308
3024	944651
3025	944883
3026	944993
3027	945191
3028	945791
3029	945822
3030	945850
3031	946319
3032	946637
3033	946663
3034	947776
3035	948345
3036	948408
3037	948634
3038	948816
3039	948903
3040	949043
3041	949525
3042	949719
3043	949957
3044	950196
3045	950199
3046	950905
3047	951193
3048	951472
3049	951485
3050	951788
3051	951906
3052	951929
3053	952049
3054	952066
3055	952100
3056	952750
3057	952773
3058	953361
3059	953865
3060	953967
3061	954110
3062	954442
3063	955108
3064	955960
3065	956042
3066	956104
3067	956214
3068	956373
3069	957424
3070	957425
3071	958833
3072	959219
3073	959243
3074	959249
3075	959664
3076	959710
3077	960010
3078	960157
3079	960819
3080	961385
3081	961794
3082	961806
3083	962403
3084	962989
3085	963079
3086	963119
3087	963515
3088	964002
3089	964474
3090	964704
3091	964707
3092	964733
3093	964737
3094	964747
3095	965004
3096	965063
3097	965083
3098	965230
3099	965661
3100	965701
3101	966005
3102	966034
3103	966175
3104	966314
3105	966551
3106	966566
3107	966710
3108	966949
3109	967644
3110	968549
3111	968554
3112	968555
3113	968596
3114	968922
3115	969335
3116	969554
3117	969869
3118	970689
3119	970976
3120	971449
3121	971554
3122	971953
3123	972254
3124	972276
3125	972640
3126	973580
3127	973934
3128	974480
3129	974576
3130	974688
3131	975067
3132	975577
3133	976333
3134	976451
3135	976672
3136	976808
3137	977152
3138	977825
3139	977898
3140	977904
3141	978116
3142	978310
3143	978921
3144	979210
3145	979271
3146	979376
3147	979386
3148	979491
3149	979615
3150	980291
3151	980561
3152	980749
3153	1002343
3154	1002625
3155	1002769
3156	1002928
3157	1002937
3158	1003039
3159	1003171
3160	1004088
3161	1004146
3162	1004244
3163	1004539
3164	1004557
3165	1004866
3166	1004917
3167	1005175
3168	1005391
3169	1005496
3170	1005890
3171	1005897
3172	1006293
3173	1006440
3174	1006538
3175	1007194
3176	1007510
3177	1007548
3178	1007558
3179	1008376
3180	1008484
3181	1008729
3182	1008754
3183	1009422
3184	1009574
3185	1009806
3186	1010118
3187	1010213
3188	1011792
3189	1012515
3190	1012585
3191	1012794
3192	1012885
3193	1013295
3194	1013380
3195	1013382
3196	1013435
3197	1013642
3198	1013643
3199	1013644
3200	1014033
3201	1014640
3202	1014785
3203	1014909
3204	1015236
3205	1016354
3206	1016361
3207	1016514
3208	1016571
3209	1016684
3210	1016877
3211	1017166
3212	1017254
3213	1017411
3214	1017900
3215	1018225
3216	1018226
3217	1018231
3218	1018232
3219	1018343
3220	1018497
3221	1018670
3222	1019683
3223	1020086
3224	1020245
3225	1020284
3226	1020285
3227	1020590
3228	1020636
3229	1020672
3230	1020721
3231	1021666
3232	1021839
3233	1022017
3234	1022519
3235	1022709
3236	1022880
3237	1023224
3238	1023431
3239	1023437
3240	1023544
3241	1023779
3242	1023790
3243	1024218
3244	1024865
3245	1025066
3246	1026520
3247	1026530
3248	1026669
3249	1026953
3250	1027282
3251	1027321
3252	1028723
3253	1028845
3254	1029003
3255	1029089
3256	1029689
3257	1030047
3258	1030183
3259	1030384
3260	1030444
3261	1030827
3262	1031306
3263	1031437
3264	1031487
3265	1032403
3266	1032448
3267	1032515
3268	1033114
3269	1033478
3270	1033622
3271	1033876
3272	1034441
3273	1034722
3274	1034764
3275	1034823
3276	1035090
3277	1035445
3278	1035993
3279	1036107
3280	1036413
3281	1036585
3282	1036647
3283	1036994
3284	1037069
3285	1037140
3286	1037230
3287	1037239
3288	1037326
3289	1037436
3290	1037512
3291	1037603
3292	1037701
3293	1037764
3294	1037813
3295	1038051
3296	1038095
3297	1038200
3298	1038359
3299	1038365
3300	1038375
3301	1038383
3302	1038389
3303	1038413
3304	1038705
3305	1039075
3306	1039354
3307	1039621
3308	1039744
3309	1039766
3310	1039830
3311	1039968
3312	1040428
3313	1040830
3314	1040879
3315	1041223
3316	1041284
3317	1041390
3318	1041476
3319	1041523
3320	1041593
3321	1041839
3322	1041913
3323	1042300
3324	1042836
3325	1043072
3326	1043099
3327	1043152
3328	1043397
3329	1043427
3330	1043772
3331	1043774
3332	1044050
3333	1044080
3334	1044395
3335	1044456
3336	1044554
3337	1044584
3338	1044651
3339	1044823
3340	1044889
3341	1044924
3342	1044975
3343	1045172
3344	1045214
3345	1045449
3346	1045544
3347	1045665
3348	1045829
3349	1045986
3350	1046075
3351	1047276
3352	1047770
3353	1048549
3354	1048589
3355	1048680
3356	1049069
3357	1049084
3358	1049153
3359	1049154
3360	1049167
3361	1049431
3362	1049720
3363	1049813
3364	1049978
3365	1050688
3366	1050872
3367	1051106
3368	1051197
3369	1051634
3370	1051900
3371	1052196
3372	1052249
3373	1052483
3374	1052837
3375	1052841
3376	1053073
3377	1053187
3378	1054127
3379	1054171
3380	1054296
3381	1054455
3382	1054662
3383	1054684
3384	1054737
3385	1054872
3386	1055467
3387	1055493
3388	1056626
3389	1056643
3390	1056721
3391	1056824
3392	1056886
3393	1057207
3394	1061630
3395	1063829
3396	1064200
3397	1064221
3398	1064751
3399	1064855
3400	1064989
3401	1065000
3402	1065690
3403	1065722
3404	1066090
3405	1066188
3406	1066204
3407	1066319
3408	1066682
3409	1066807
3410	1066898
3411	1066909
3412	1066915
3413	1066954
3414	1066984
3415	1067117
3416	1067361
3417	1067680
3418	1068177
3419	1068292
3420	1068837
3421	1069193
3422	1069606
3423	1070280
3424	1070282
3425	1070440
3426	1070548
3427	1070670
3428	1070781
3429	1070817
3430	1070953
3431	1071183
3432	1071443
3433	1071703
3434	1072239
3435	1072378
3436	1072402
3437	1072488
3438	1072840
3439	1073332
3440	1073510
3441	1073881
3442	1073903
3443	1073904
3444	1074069
3445	1074157
3446	1074230
3447	1074832
3448	1074918
3449	1075045
3450	1075076
3451	1075333
3452	1075674
3453	1075745
3454	1075981
3455	1076065
3456	1076201
3457	1076522
3458	1076958
3459	1077168
3460	1077425
3461	1077713
3462	1077832
3463	1078567
3464	1078660
3465	1078706
3466	1078793
3467	1078839
3468	1078849
3469	1079139
3470	1080432
3471	1081048
3472	1081083
3473	1081463
3474	1081676
3475	1082091
3476	1082663
3477	1082752
3478	1082787
3479	1083025
3480	1083212
3481	1083322
3482	1084629
3483	1084936
3484	1085170
3485	1085355
3486	1085590
3487	1086027
3488	1086046
3489	1086049
3490	1086064
3491	1086082
3492	1086085
3493	1086118
3494	1086196
3495	1086241
3496	1086244
3497	1086245
3498	1086256
3499	1086287
3500	1086323
3501	1086413
3502	1086484
3503	1086508
3504	1086785
3505	1086789
3506	1087426
3507	1087544
3508	1087844
3509	1087875
3510	1088089
3511	1088588
3512	1088834
3513	1088950
3514	1089279
3515	1089311
3516	1089345
3517	1089879
3518	1090037
3519	1090574
3520	1090575
3521	1090579
3522	1090679
3523	1091678
3524	1091974
3525	1092020
3526	1092124
3527	1092357
3528	1093372
3529	1093787
3530	1094130
3531	1094174
3532	1095063
3533	1095379
3534	1095587
3535	1095634
3536	1095656
3537	1096576
3538	1096955
3539	1097429
3540	1097484
3541	1097705
3542	1097871
3543	1098356
3544	1098388
3545	1098452
3546	1098588
3547	1098590
3548	1098720
3549	1098766
3550	1099143
3551	1099229
3552	1099609
3553	1099983
3554	1100346
3555	1100421
3556	1100902
3557	1101642
3558	1101922
3559	1102180
3560	1103106
3561	1103217
3562	1103247
3563	1103531
3564	1103730
3565	1104050
3566	1104111
3567	1104122
3568	1104549
3569	1105054
3570	1105094
3571	1105450
3572	1106270
3573	1106597
3574	1106913
3575	1106918
3576	1107635
3577	1107751
3578	1107882
3579	1108102
3580	1108112
3581	1108227
3582	1108448
3583	1108629
3584	1109617
3585	1109766
3586	1110370
3587	1110558
3588	1110750
3589	1111007
3590	1112742
3591	1112780
3592	1112822
3593	1113217
3594	1113409
3595	1113432
3596	1113485
3597	1113486
3598	1113487
3599	1113717
3600	1113942
3601	1113987
3602	1114381
3603	1115165
3604	1115178
3605	1115190
3606	1115401
3607	1115587
3608	1115846
3609	1115932
3610	1116151
3611	1116337
3612	1116841
3613	1117636
3614	1117673
3615	1117714
3616	1117725
3617	1117761
3618	1118253
3619	1119757
3620	1120047
3621	1120087
3622	1120270
3623	1120575
3624	1120582
3625	1120938
3626	1121434
3627	1121546
3628	1121951
3629	1122309
3630	1123170
3631	1123181
3632	1123221
3633	1123227
3634	1123329
3635	1123412
3636	1123669
3637	1123754
3638	1123815
3639	1123850
3640	1123923
3641	1124146
3642	1124189
3643	1124214
3644	1124396
3645	1124851
3646	1124987
3647	1125100
3648	1125104
3649	1125246
3650	1125421
3651	1125840
3652	1126230
3653	1126774
3654	1126909
3655	1127178
3656	1127255
3657	1127516
3658	1127546
3659	1127906
3660	1128130
3661	1128211
3662	1128255
3663	1128692
3664	1129047
3665	1129793
3666	1129813
3667	1130011
3668	1130376
3669	1130845
3670	1131418
3671	1131837
3672	1131968
3673	1132037
3674	1132504
3675	1132599
3676	1132709
3677	1132739
3678	1133001
3679	1133186
3680	1133395
3681	1133555
3682	1133674
3683	1133926
3684	1134135
3685	1134175
3686	1134863
3687	1135315
3688	1135494
3689	1135649
3690	1135761
3691	1135969
3692	1137150
3693	1137181
3694	1137477
3695	1137755
3696	1137756
3697	1138039
3698	1138688
3699	1139264
3700	1139856
3701	1140045
3702	1140086
3703	1140118
3704	1140950
3705	1141093
3706	1142545
3707	1143797
3708	1144129
3709	1144368
3710	1144669
3711	1144960
3712	1144993
3713	1145059
3714	1145736
3715	1145865
3716	1146109
3717	1147041
3718	1147269
3719	1147293
3720	1147571
3721	1147705
3722	1147925
3723	1149342
3724	1150024
3725	1150237
3726	1150985
3727	1151200
3728	1152013
3729	1152066
3730	1152394
3731	1152594
3732	1154576
3733	1154659
3734	1155129
3735	1155266
3736	1155731
3737	1155985
3738	1156344
3739	1156523
3740	1156604
3741	1156733
3742	1156822
3743	1157023
3744	1157295
3745	1157308
3746	1157359
3747	1157758
3748	1158282
3749	1158305
3750	1158366
3751	1158687
3752	1159930
3753	1160386
3754	1160603
3755	1160664
3756	1161055
3757	1161215
3758	1161310
3759	1161729
3760	1162476
3761	1162834
3762	1163160
3763	1163525
3764	1164366
3765	1164407
3766	1164415
3767	1164669
3768	1164713
3769	1164945
3770	1164950
3771	1165023
3772	1165033
3773	1165049
3774	1165052
3775	1165054
3776	1165067
3777	1165074
3778	1165111
3779	1165130
3780	1165340
3781	1165371
3782	1166169
3783	1166628
3784	1166785
3785	1167641
3786	1170341
3787	1170622
3788	1170662
3789	1171491
3790	1171998
3791	1172681
3792	1172836
3793	1173667
3794	1173980
3795	1173984
3796	1174438
3797	1174745
3798	1174807
3799	1175648
3800	1176154
3801	1177530
3802	1177705
3803	1178200
3804	1178384
3805	1179798
3806	1180661
3807	1181107
3808	1183651
3809	1184299
3810	1184467
3811	1184905
3812	1184937
3813	1185037
3814	1185469
3815	1186008
3816	1186130
3817	1186284
3818	1186470
3819	1187475
3820	1188831
3821	1189512
3822	1189734
3823	1190303
3824	1190307
3825	1194969
3826	1195412
3827	1195511
3828	1195538
3829	1195610
3830	1195837
3831	1196099
3832	1196281
3833	1196471
3834	1196554
3835	1196761
3836	1196881
3837	1196885
3838	1196912
3839	1196941
3840	1196944
3841	1196948
3842	1196950
3843	1197079
3844	1197115
3845	1197116
3846	1197122
3847	1197130
3848	1197205
3849	1197206
3850	1197229
3851	1197245
3852	1197247
3853	1197256
3854	1197257
3855	1197264
3856	1197331
3857	1197347
3858	1197351
3859	1197534
3860	1197542
3861	1197587
3862	1197705
3863	1198186
3864	1198317
3865	1198752
3866	1199811
3867	1200365
3868	1200414
3869	1200456
3870	1200462
3871	1200466
3872	1200760
3873	1203206
3874	1203878
3875	1204512
3876	1205741
3877	1205795
3878	1206138
3879	1206356
3880	1206375
3881	1206478
3882	1207007
3883	1208407
3884	1208496
3885	1209019
3886	1209164
3887	1209377
3888	1209624
3889	1209792
3890	1210333
3891	1210749
3892	1210955
3893	1211872
3894	1211954
3895	1212200
3896	1212881
3897	1213026
3898	1213429
3899	1214037
3900	1214115
3901	1214598
3902	1214897
3903	1215518
3904	1215698
3905	1216283
3906	1216472
3907	1217230
3908	1217419
3909	1217436
3910	1217464
3911	1217723
3912	1219026
3913	1220916
3914	1221606
3915	1221938
3916	1221972
3917	1222762
3918	1223348
3919	1223735
3920	1224233
3921	1224964
3922	1225120
3923	1225522
3924	1226638
3925	1227089
3926	1227281
3927	1227827
3928	1228022
3929	1230233
3930	1230252
3931	1230831
3932	1231453
3933	1231937
3934	1232095
3935	1232206
3936	1232327
3937	1232708
3938	1232843
3939	1233968
3940	1234244
3941	1234394
3942	1234510
3943	1235394
3944	1236032
3945	1237198
3946	1237397
3947	1238202
3948	1238390
3949	1238898
3950	1239681
3951	1241183
3952	1241351
3953	1241578
3954	1242875
3955	1243192
3956	1243533
3957	1243889
3958	1244011
3959	1244203
3960	1245078
3961	1245305
3962	1245613
3963	1246593
3964	1247643
3965	1247880
3966	1248000
3967	1248838
3968	1249407
3969	1249605
3970	1249628
3971	1250113
3972	1250239
3973	1250570
3974	1251201
3975	1251552
3976	1251696
3977	1252209
3978	1252477
3979	1253274
3980	1255755
3981	1256011
3982	1256445
3983	1256919
3984	1257522
3985	1257873
3986	1258418
3987	1258937
3988	1259066
3989	1259171
3990	1259276
3991	1260595
3992	1260662
3993	1261294
3994	1261438
3995	1261611
3996	1263073
3997	1263231
3998	1263584
3999	1263625
4000	1263721
4001	1263884
4002	1264058
4003	1264077
4004	1264332
4005	1264499
4006	1264598
4007	1264648
4008	1265685
4009	1265717
4010	1265867
4011	1266138
4012	1266200
4013	1266458
4014	1266815
4015	1266926
4016	1267277
4017	1267476
4018	1267594
4019	1268027
4020	1270348
4021	1270354
4022	1270399
4023	1270405
4024	1270412
4025	1270420
4026	1270425
4027	1270454
4028	1270457
4029	1270628
4030	1270683
4031	1270767
4032	1270822
4033	1270864
4034	1271180
4035	1271513
4036	1271571
4037	1271840
4038	1272117
4039	1272525
4040	1272602
4041	1273257
4042	1273647
4043	1273752
4044	1273758
4045	1273762
4046	1273872
4047	1274125
4048	1274253
4049	1274311
4050	1274385
4051	1274414
4052	1274517
4053	1274736
4054	1274908
4055	1274930
4056	1275559
4057	1275606
4058	1276983
4059	1278831
4060	1278960
4061	1279062
4062	1279321
4063	1279417
4064	1279583
4065	1279733
4066	1280068
4067	1280082
4068	1289930
4069	1290168
4070	1290349
4071	1290462
4072	1290600
4073	1290754
4074	1290920
4075	1291154
4076	1291178
4077	1291467
4078	1291690
4079	1291775
4080	1292404
4081	1292945
4082	1292975
4083	1293513
4084	1293697
4085	1294360
4086	1294902
4087	1294968
4088	1295140
4089	1295234
4090	1295268
4091	1295762
4092	1295994
4093	1296335
4094	1296567
4095	1296733
4096	1296981
4097	1297031
4098	1297101
4099	1297107
4100	1297270
4101	1297894
4102	1298029
4103	1298279
4104	1298383
4105	1299175
4106	1299227
4107	1299285
4108	1299993
4109	1301333
4110	1302086
4111	1302269
4112	1302550
4113	1303967
4114	1305594
4115	1305662
4116	1305939
4117	1306384
4118	1306413
4119	1306666
4120	1306828
4121	1307692
4122	1308027
4123	1308693
4124	1309382
4125	1309425
4126	1309768
4127	1310612
4128	1311378
4129	1311475
4130	1311826
4131	1312248
4132	1312513
4133	1313164
4134	1313178
4135	1313513
4136	1313897
4137	1314001
4138	1314010
4139	1314117
4140	1314401
4141	1315107
4142	1315329
4143	1315513
4144	1315631
4145	1316317
4146	1316847
4147	1316979
4148	1317173
4149	1317472
4150	1318311
4151	1318725
4152	1318987
4153	1319033
4154	1319061
4155	1319174
4156	1319660
4157	1320473
4158	1320526
4159	1320607
4160	1321045
4161	1321409
4162	1321412
4163	1321458
4164	1321635
4165	1322052
4166	1323725
4167	1323780
4168	1323879
4169	1324031
4170	1324150
4171	1324259
4172	1325040
4173	1325645
4174	1326063
4175	1326654
4176	1326678
4177	1326794
4178	1326829
4179	1326900
4180	1327021
4181	1328050
4182	1328160
4183	1328259
4184	1328458
4185	1328557
4186	1329353
4187	1329365
4188	1329446
4189	1329486
4190	1329757
4191	1330923
4192	1331172
4193	1331233
4194	1331356
4195	1331462
4196	1331744
4197	1331891
4198	1332102
4199	1332115
4200	1332120
4201	1332228
4202	1332242
4203	1332377
4204	1332430
4205	1332462
4206	1332465
4207	1332645
4208	1332745
4209	1332803
4210	1332936
4211	1333331
4212	1334158
4213	1334216
4214	1334744
4215	1335176
4216	1335322
4217	1336118
4218	1336622
4219	1336766
4220	1336924
4221	1336927
4222	1337105
4223	1337239
4224	1337556
4225	1337678
4226	1337726
4227	1337819
4228	1337843
4229	1337983
4230	1338195
4231	1338203
4232	1338246
4233	1338713
4234	1338999
4235	1339314
4236	1339567
4237	1339598
4238	1339765
4239	1339786
4240	1339804
4241	1339871
4242	1339999
4243	1340241
4244	1340665
4245	1340692
4246	1340736
4247	1341319
4248	1341384
4249	1341564
4250	1341669
4251	1342008
4252	1342193
4253	1342231
4254	1342267
4255	1342313
4256	1342396
4257	1342489
4258	1342600
4259	1342607
4260	1342708
4261	1343118
4262	1343332
4263	1343781
4264	1343859
4265	1345160
4266	1345832
4267	1346724
4268	1346850
4269	1347065
4270	1347703
4271	1348126
4272	1349230
4273	1349666
4274	1352193
4275	1352298
4276	1352409
4277	1352535
4278	1352919
4279	1353040
4280	1353622
4281	1354373
4282	1354988
4283	1355880
4284	1356031
4285	1356096
4286	1356755
4287	1357113
4288	1357897
4289	1358243
4290	1358305
4291	1358408
4292	1358424
4293	1358601
4294	1358850
4295	1358890
4296	1360729
4297	1361062
4298	1361102
4299	1361653
4300	1361801
4301	1362236
4302	1362323
4303	1362530
4304	1362627
4305	1363080
4306	1368980
4307	1369007
4308	1369032
4309	1369033
4310	1370331
4311	1370334
4312	1370751
4313	1370769
4314	1370792
4315	1370802
4316	1381172
4317	1381275
4318	1381397
4319	1381608
4320	1382720
4321	1383254
4322	1383448
4323	1384035
4324	1384352
4325	1385163
4326	1386268
4327	1387133
4328	1388009
4329	1388025
4330	1389081
4331	1389571
4332	1389772
4333	1390474
4334	1390863
4335	1391044
4336	1391425
4337	1392373
4338	1392659
4339	1392849
4340	1392942
4341	1393578
4342	1394414
4343	1395099
4344	1395862
4345	1396529
4346	1397077
4347	1397139
4348	1397496
4349	1397526
4350	1398411
4351	1398996
4352	1399357
4353	1399379
4354	1399557
4355	1399614
4356	1399721
4357	1399757
4358	1399938
4359	1400078
4360	1400160
4361	1400162
4362	1400321
4363	1400584
4364	1401569
4365	1402119
4366	1402156
4367	1402308
4368	1402346
4369	1402382
4370	1403017
4371	1403334
4372	1403688
4373	1403743
4374	1406143
4375	1406462
4376	1407285
4377	1407288
4378	1407598
4379	1408165
4380	1408626
4381	1415957
4382	1416397
4383	1417687
4384	1417728
4385	1418684
4386	1419175
4387	1419683
4388	1419980
4389	1420085
4390	1421103
4391	1421386
4392	1421588
4393	1421758
4394	1423181
4395	1423268
4396	1424134
4397	1424255
4398	1424379
4399	1424511
4400	1424647
4401	1425704
4402	1426246
4403	1426375
4404	1426376
4405	1426614
4406	1426766
4407	1427084
4408	1427498
4409	1427839
4410	1428150
4411	1428538
4412	1428576
4413	1428742
4414	1429543
4415	1429638
4416	1430241
4417	1430652
4418	1430823
4419	1431354
4420	1431722
4421	1431895
4422	1432338
4423	1432510
4424	1432767
4425	1433540
4426	1433732
4427	1434442
4428	1435341
4429	1435666
4430	1435717
4431	1436242
4432	1436370
4433	1436395
4434	1439210
4435	1439277
4436	1439384
4437	1439489
4438	1439732
4439	1439921
4440	1440053
4441	1440110
4442	1440903
4443	1440942
4444	1441205
4445	1441302
4446	1441326
4447	1441377
4448	1441419
4449	1441781
4450	1441852
4451	1442189
4452	1442326
4453	1442644
4454	1443019
4455	1443436
4456	1443554
4457	1443936
4458	1444008
4459	1444150
4460	1444777
4461	1444902
4462	1445363
4463	1445477
4464	1445605
4465	1445636
4466	1445686
4467	1445735
4468	1445736
4469	1445737
4470	1445743
4471	1445746
4472	1445755
4473	1445756
4474	1445758
4475	1445759
4476	1445764
4477	1445767
4478	1445876
4479	1445915
4480	1446145
4481	1446687
4482	1446689
4483	1446707
4484	1446769
4485	1447339
4486	1447573
4487	1447896
4488	1448222
4489	1448536
4490	1449101
4491	1449346
4492	1449615
4493	1450019
4494	1450498
4495	1450499
4496	1450539
4497	1450676
4498	1450743
4499	1450786
4500	1450885
4501	1451227
4502	1451301
4503	1451507
4504	1451555
4505	1451946
4506	1452350
4507	1452587
4508	1452780
4509	1453260
4510	1453594
4511	1453795
4512	1454195
4513	1454544
4514	1454829
4515	1455577
4516	1456371
4517	1458095
4518	1458165
4519	1458241
4520	1458272
4521	1458302
4522	1458418
4523	1464210
4524	1464380
4525	1465066
4526	1465517
4527	1465807
4528	1465904
4529	1466649
4530	1467005
4531	1467146
4532	1467180
4533	1467204
4534	1467367
4535	1467631
4536	1468012
4537	1468373
4538	1468470
4539	1468492
4540	1468723
4541	1468771
4542	1469685
4543	1470228
4544	1470232
4545	1471140
4546	1471291
4547	1471555
4548	1471863
4549	1472526
4550	1472897
4551	1472956
4552	1473243
4553	1473630
4554	1474042
4555	1474079
4556	1474180
4557	1474361
4558	1474474
4559	1474903
4560	1475064
4561	1475277
4562	1475414
4563	1475709
4564	1476211
4565	1476515
4566	1476557
4567	1476567
4568	1478922
4569	1479217
4570	1479472
4571	1479496
4572	1479707
4573	1480029
4574	1480215
4575	1480265
4576	1480270
4577	1480448
4578	1480507
4579	1480651
4580	1481328
4581	1481651
4582	1482224
4583	1482390
4584	1482619
4585	1482633
4586	1482637
4587	1483236
4588	1483823
4589	1484123
4590	1484798
4591	1485113
4592	1485448
4593	1486300
4594	1486323
4595	1486590
4596	1486883
4597	1486884
4598	1486903
4599	1487223
4600	1487645
4601	1488043
4602	1488962
4603	1489282
4604	1489413
4605	1489763
4606	1490197
4607	1490406
4608	1490665
4609	1491218
4610	1491290
4611	1492035
4612	1492845
4613	1493163
4614	1493436
4615	1493683
4616	1494018
4617	1494100
4618	1494521
4619	1494637
4620	1494723
4621	1494771
4622	1494779
4623	1495051
4624	1495785
4625	1495953
4626	1496118
4627	1496302
4628	1497111
4629	1497312
4630	1497461
4631	1497943
4632	1498104
4633	1498780
4634	1499071
4635	1499468
4636	1500070
4637	1500337
4638	1500478
4639	1500635
4640	1500853
4641	1501421
4642	1501528
4643	1501537
4644	1501638
4645	1501728
4646	1501789
4647	1502109
4648	1502154
4649	1502365
4650	1502393
4651	1502513
4652	1502569
4653	1502578
4654	1502719
4655	1502740
4656	1502742
4657	1503223
4658	1504381
4659	1504494
4660	1504651
4661	1504695
4662	1505173
4663	1505193
4664	1505578
4665	1505918
4666	1506069
4667	1506087
4668	1506665
4669	1506762
4670	1507083
4671	1507188
4672	1507225
4673	1508168
4674	1508363
4675	1508804
4676	1508990
4677	1510030
4678	1510127
4679	1510192
4680	1510763
4681	1510807
4682	1511361
4683	1511498
4684	1511762
4685	1511839
4686	1512164
4687	1512553
4688	1512653
4689	1512748
4690	1512783
4691	1512876
4692	1512917
4693	1513425
4694	1513562
4695	1514188
4696	1514207
4697	1514509
4698	1514967
4699	1515355
4700	1515467
4701	1515857
4702	1515858
4703	1515875
4704	1517679
4705	1517708
4706	1517819
4707	1517864
4708	1517968
4709	1518339
4710	1518516
4711	1518560
4712	1518561
4713	1518691
4714	1518751
4715	1518946
4716	1519000
4717	1519090
4718	1519164
4719	1519495
4720	1519549
4721	1519570
4722	1520074
4723	1520090
4724	1520145
4725	1520263
4726	1520322
4727	1520732
4728	1521345
4729	1521357
4730	1521389
4731	1521433
4732	1521565
4733	1521696
4734	1521747
4735	1523682
4736	1523685
4737	1523988
4738	1524780
4739	1524797
4740	1525157
4741	1525598
4742	1525652
4743	1525726
4744	1525785
4745	1526430
4746	1526655
4747	1526887
4748	1527169
4749	1527687
4750	1527721
4751	1527755
4752	1528551
4753	1528925
4754	1528931
4755	1528936
4756	1529445
4757	1529637
4758	1529667
4759	1529851
4760	1530073
4761	1530167
4762	1530443
4763	1530747
4764	1530845
4765	1531288
4766	1531599
4767	1531875
4768	1531953
4769	1532233
4770	1532478
4771	1532864
4772	1533162
4773	1533649
4774	1533973
4775	1534089
4776	1534969
4777	1535026
4778	1535192
4779	1535474
4780	1535829
4781	1535946
4782	1535959
4783	1535997
4784	1536131
4785	1536169
4786	1536774
4787	1537292
4788	1537532
4789	1538110
4790	1538521
4791	1538555
4792	1538720
4793	1539541
4794	1539783
4795	1540097
4796	1540205
4797	1540255
4798	1540297
4799	1540304
4800	1540475
4801	1540530
4802	1540692
4803	1540737
4804	1540898
4805	1541500
4806	1543051
4807	1543217
4808	1543334
4809	1543479
4810	1543679
4811	1543748
4812	1543785
4813	1543811
4814	1543943
4815	1544186
4816	1544448
4817	1544872
4818	1544943
4819	1545134
4820	1545448
4821	1546014
4822	1546276
4823	1546421
4824	1546489
4825	1546501
4826	1546516
4827	1546779
4828	1547245
4829	1547955
4830	1548302
4831	1548460
4832	1549354
4833	1549358
4834	1549384
4835	1549706
4836	1549836
4837	1551364
4838	1552521
4839	1553022
4840	1553709
4841	1553997
4842	1554135
4843	1556002
4844	1556451
4845	1556538
4846	1556739
4847	1557178
4848	1557359
4849	1557550
4850	1557625
4851	1557727
4852	1558379
4853	1558620
4854	1558913
4855	1559189
4856	1559261
4857	1559884
4858	1560131
4859	1560481
4860	1560913
4861	1560977
4862	1561624
4863	1562258
4864	1564980
4865	1565102
4866	1565312
4867	1565318
4868	1565343
4869	1565375
4870	1565426
4871	1565499
4872	1565504
4873	1565824
4874	1566161
4875	1566166
4876	1566213
4877	1566515
4878	1567720
4879	1567823
4880	1568087
4881	1568095
4882	1568100
4883	1568344
4884	1568799
4885	1569298
4886	1569774
4887	1569861
4888	1569929
4889	1569947
4890	1570028
4891	1570044
4892	1570094
4893	1571297
4894	1571358
4895	1572283
4896	1572292
4897	1572795
4898	1572847
4899	1573094
4900	1573943
4901	1574386
4902	1574398
4903	1574689
4904	1574821
4905	1575436
4906	1575440
4907	1576062
4908	1576428
4909	1577284
4910	1577298
4911	1577302
4912	1577335
4913	1577452
4914	1577564
4915	1577758
4916	1577778
4917	1578512
4918	1578540
4919	1579143
4920	1579165
4921	1579558
4922	1579703
4923	1580603
4924	1581527
4925	1581834
4926	1582006
4927	1582256
4928	1582512
4929	1582711
4930	1583403
4931	1583473
4932	1583611
4933	1583659
4934	1584298
4935	1584619
4936	1584699
4937	1585242
4938	1585246
4939	1585261
4940	1586384
4941	1586452
4942	1587447
4943	1587464
4944	1587919
4945	1588032
4946	1588259
4947	1588293
4948	1588377
4949	1588530
4950	1588784
4951	1589144
4952	1589204
4953	1589293
4954	1589557
4955	1589745
4956	1589763
4957	1589841
4958	1589918
4959	1590108
4960	1590110
4961	1590195
4962	1590580
4963	1590851
4964	1591117
4965	1591541
4966	1591973
4967	1592088
4968	1592263
4969	1592374
4970	1592621
4971	1592676
4972	1593660
4973	1593747
4974	1593984
4975	1594334
4976	1594447
4977	1594528
4978	1594617
4979	1595705
4980	1595896
4981	1596139
4982	1596678
4983	1596708
4984	1597121
4985	1597349
4986	1597531
4987	1597669
4988	1597862
4989	1597934
4990	1598152
4991	1598164
4992	1598272
4993	1598311
4994	1598339
4995	1599382
4996	1599514
4997	1599817
4998	1599890
4999	1599967
5000	1600367
5001	1601235
5002	1601309
5003	1601531
5004	1602035
5005	1602361
5006	1602805
5007	1603477
5008	1603546
5009	1603578
5010	1603601
5011	1603689
5012	1603833
5013	1604368
5014	1604378
5015	1605076
5016	1605092
5017	1605565
5018	1605714
5019	1605966
5020	1606086
5021	1606220
5022	1606437
5023	1606485
5024	1606673
5025	1606700
5026	1606765
5027	1607306
5028	1607774
5029	1607784
5030	1608076
5031	1608186
5032	1608748
5033	1608833
5034	1608943
5035	1609031
5036	1609071
5037	1609527
5038	1609778
5039	1609859
5040	1609873
5041	1610176
5042	1610177
5043	1610307
5044	1610634
5045	1610635
5046	1610766
5047	1610972
5048	1611004
5049	1611130
5050	1611212
5051	1611245
5052	1611349
5053	1611402
5054	1611710
5055	1611757
5056	1611790
5057	1611999
5058	1612146
5059	1612438
5060	1612686
5061	1612836
5062	1613453
5063	1613834
5064	1614705
5065	1615167
5066	1615612
5067	1616451
5068	1616756
5069	1616962
5070	1617001
5071	1617316
5072	1618135
5073	1618235
5074	1618296
5075	1618430
5076	1618632
5077	1618643
5078	1618647
5079	1618844
5080	1618932
5081	1618995
5082	1619034
5083	1619230
5084	1619324
5085	1619479
5086	1620731
5087	1621016
5088	1621176
5089	1621384
5090	1621402
5091	1621415
5092	1621498
5093	1621509
5094	1621561
5095	1621750
5096	1622446
5097	1622514
5098	1622573
5099	1622621
5100	1622649
5101	1623043
5102	1623152
5103	1623812
5104	1623813
5105	1624363
5106	1624413
5107	1624917
5108	1625015
5109	1625091
5110	1625265
5111	1625463
5112	1625599
5113	1625648
5114	1625671
5115	1625831
5116	1626002
5117	1626285
5118	1626399
5119	1630697
5120	1630780
5121	1631141
5122	1632193
5123	1632457
5124	1632597
5125	1632944
5126	1633070
5127	1633098
5128	1633330
5129	1633598
5130	1633663
5131	1633682
5132	1633783
5133	1634031
5134	1634446
5135	1634704
5136	1635486
5137	1635829
5138	1635933
5139	1635980
5140	1636173
5141	1636912
5142	1637538
5143	1637945
5144	1638056
5145	1638246
5146	1639290
5147	1639348
5148	1639449
5149	1639478
5150	1639559
5151	1639563
5152	1639582
5153	1640056
5154	1641342
5155	1641793
5156	1642471
5157	1642529
5158	1642540
5159	1642851
5160	1642883
5161	1643076
5162	1643297
5163	1644735
5164	1645142
5165	1645340
5166	1646197
5167	1646638
5168	1647030
5169	1647130
5170	1647135
5171	1647450
5172	1647502
5173	1647602
5174	1648046
5175	1648482
5176	1648586
5177	1648593
5178	1648713
5179	1648816
5180	1649126
5181	1649351
5182	1649697
5183	1649716
5184	1650352
5185	1650368
5186	1650401
5187	1650649
5188	1650671
5189	1650720
5190	1650843
5191	1650911
5192	1651221
5193	1651308
5194	1651782
5195	1651817
5196	1651883
5197	1652049
5198	1652310
5199	1652531
5200	1652532
5201	1652621
5202	1653795
5203	1653879
5204	1653883
5205	1654288
5206	1654403
5207	1654440
5208	1654708
5209	1654980
5210	1655249
5211	1655392
5212	1656030
5213	1656182
5214	1656620
5215	1656755
5216	1657308
5217	1657309
5218	1657405
5219	1657700
5220	1657810
5221	1657909
5222	1658325
5223	1658364
5224	1658417
5225	1658898
5226	1659282
5227	1659322
5228	1659662
5229	1660004
5230	1660578
5231	1660608
5232	1660633
5233	1661225
5234	1661781
5235	1662558
5236	1662566
5237	1662609
5238	1662657
5239	1663061
5240	1663115
5241	1663232
5242	1663778
5243	1663867
5244	1664222
5245	1664325
5246	1665037
5247	1665135
5248	1665586
5249	1665587
5250	1665605
5251	1665680
5252	1665823
5253	1665860
5254	1666694
5255	1666888
5256	1667338
5257	1668800
5258	1669122
5259	1669292
5260	1669397
5261	1669978
5262	1670017
5263	1670344
5264	1671687
5265	1672218
5266	1672499
5267	1674070
5268	1674097
5269	1674135
5270	1674141
5271	1674162
5272	1674183
5273	1675519
5274	1675733
5275	1675743
5276	1676032
5277	1676104
5278	1676108
5279	1676326
5280	1677026
5281	1677323
5282	1677661
5283	1677725
5284	1678076
5285	1678276
5286	1678340
5287	1678356
5288	1678409
5289	1678442
5290	1680771
5291	1681117
5292	1681249
5293	1681890
5294	1682292
5295	1682416
5296	1682459
5297	1682846
5298	1682883
5299	1682933
5300	1683192
5301	1683359
5302	1684086
5303	1684112
5304	1684242
5305	1685055
5306	1685415
5307	1685496
5308	1685504
5309	1685774
5310	1686016
5311	1686281
5312	1686342
5313	1686509
5314	1686964
5315	1687163
5316	1687556
5317	1687618
5318	1687835
5319	1688668
5320	1688782
5321	1689169
5322	1689258
5323	1689259
5324	1689277
5325	1689396
5326	1689717
5327	1689836
5328	1689894
5329	1690075
5330	1690104
5331	1690216
5332	1690652
5333	1691312
5334	1691328
5335	1691412
5336	1691433
5337	1691562
5338	1691598
5339	1691607
5340	1691642
5341	1691868
5342	1691929
5343	1692248
5344	1692381
5345	1692424
5346	1692533
5347	1692774
5348	1692915
5349	1692949
5350	1693300
5351	1693749
5352	1693851
5353	1694168
5354	1694687
5355	1694760
5356	1694773
5357	1694946
5358	1694988
5359	1695037
5360	1695459
5361	1695509
5362	1695711
5363	1696063
5364	1696130
5365	1696179
5366	1696301
5367	1696673
5368	1696876
5369	1696918
5370	1697146
5371	1697594
5372	1697814
5373	1698758
5374	1698835
5375	1699742
5376	1699921
5377	1699926
5378	1700127
5379	1700636
5380	1700852
5381	1701011
5382	1701283
5383	1701454
5384	1701635
5385	1702103
5386	1702702
5387	1702866
5388	1703200
5389	1703259
5390	1703516
5391	1703520
5392	1703712
5393	1704264
5394	1704571
5395	1704599
5396	1705034
5397	1705820
5398	1705862
5399	1706945
5400	1706993
5401	1707274
5402	1707365
5403	1707373
5404	1708018
5405	1708136
5406	1708149
5407	1708197
5408	1708646
5409	1708806
5410	1708939
5411	1709213
5412	1709475
5413	1709590
5414	1710219
5415	1711244
5416	1711291
5417	1711411
5418	1711461
5419	1711495
5420	1711498
5421	1711522
5422	1711529
5423	1711989
5424	1712524
5425	1712722
5426	1712888
5427	1714061
5428	1714109
5429	1714129
5430	1714444
5431	1714499
5432	1714523
5433	1715549
5434	1715708
5435	1715939
5436	1716808
5437	1716822
5438	1716933
5439	1717266
5440	1717276
5441	1717385
5442	1717641
5443	1717773
5444	1717932
5445	1718284
5446	1718485
5447	1718856
5448	1719313
5449	1719422
5450	1719586
5451	1719695
5452	1719708
5453	1719927
5454	1720038
5455	1720299
5456	1720464
5457	1720698
5458	1721107
5459	1721108
5460	1722320
5461	1723563
5462	1724027
5463	1724164
5464	1724312
5465	1724412
5466	1724779
5467	1725447
5468	1726005
5469	1726068
5470	1726080
5471	1726083
5472	1726433
5473	1727640
5474	1727842
5475	1728786
5476	1728798
5477	1728827
5478	1729085
5479	1729232
5480	1729278
5481	1729419
5482	1729718
5483	1730257
5484	1730259
5485	1730918
5486	1730920
5487	1730922
5488	1731381
5489	1731751
5490	1731987
5491	1732017
5492	1732032
5493	1732489
5494	1732563
5495	1732652
5496	1733125
5497	1733310
5498	1733490
5499	1734057
5500	1734714
5501	1734846
5502	1735039
5503	1735151
5504	1735235
5505	1735719
5506	1736405
5507	1736534
5508	1736592
5509	1736662
5510	1736964
5511	1737097
5512	1737285
5513	1737357
5514	1737920
5515	1737977
5516	1738810
5517	1739115
5518	1739441
5519	1739615
5520	1739656
5521	1739657
5522	1739658
5523	1739659
5524	1739992
5525	1740030
5526	1740525
5527	1740648
5528	1740712
5529	1740918
5530	1741258
5531	1741431
5532	1742261
5533	1742266
5534	1742913
5535	1742931
5536	1742951
5537	1743190
5538	1743785
5539	1744427
5540	1744698
5541	1744770
5542	1744815
5543	1744851
5544	1745162
5545	1745265
5546	1745592
5547	1745995
5548	1746350
5549	1746447
5550	1746638
5551	1746848
5552	1747004
5553	1747237
5554	1747243
5555	1747465
5556	1747478
5557	1748065
5558	1748081
5559	1748826
5560	1748889
5561	1749030
5562	1749455
5563	1749534
5564	1749591
5565	1749903
5566	1749912
5567	1750149
5568	1750150
5569	1750223
5570	1750826
5571	1750899
5572	1751211
5573	1751276
5574	1751586
5575	1751930
5576	1752071
5577	1752375
5578	1752453
5579	1752948
5580	1753098
5581	1753519
5582	1754354
5583	1754708
5584	1754916
5585	1755037
5586	1755081
5587	1755334
5588	1755538
5589	1755659
5590	1755786
5591	1756103
5592	1756466
5593	1756864
5594	1757086
5595	1758082
5596	1758225
5597	1759407
5598	1759524
5599	1759650
5600	1759817
5601	1760082
5602	1760381
5603	1760717
5604	1760834
5605	1761488
5606	1761678
5607	1761764
5608	1762270
5609	1762617
5610	1762881
5611	1762991
5612	1763448
5613	1763449
5614	1763452
5615	1763466
5616	1763506
5617	1763542
5618	1763928
5619	1763945
5620	1763977
5621	1764409
5622	1764434
5623	1764533
5624	1764589
5625	1765241
5626	1765305
5627	1765824
5628	1765868
5629	1766409
5630	1766449
5631	1766956
5632	1766963
5633	1767009
5634	1767102
5635	1767310
5636	1767312
5637	1767339
5638	1767511
5639	1767563
5640	1767834
5641	1768108
5642	1768282
5643	1768409
5644	1768575
5645	1768740
5646	1769063
5647	1769459
5648	1769468
5649	1769771
5650	1772338
5651	1772518
5652	1772656
5653	1772788
5654	1773000
5655	1773458
5656	1773626
5657	1773736
5658	1774739
5659	1775012
5660	1775256
5661	1775596
5662	1775624
5663	1775773
5664	1775865
5665	1775917
5666	1776144
5667	1777292
5668	1777315
5669	1778570
5670	1778984
5671	1779006
5672	1779019
5673	1779302
5674	1779576
5675	1779936
5676	1780523
5677	1780655
5678	1781003
5679	1781058
5680	1782548
5681	1782759
5682	1782840
5683	1782998
5684	1783095
5685	1783159
5686	1783197
5687	1783219
5688	1783318
5689	1783358
5690	1783488
5691	1783593
5692	1783932
5693	1784078
5694	1784306
5695	1784411
5696	1784873
5697	1785058
5698	1785112
5699	1785495
5700	1785684
5701	1785701
5702	1785859
5703	1785867
5704	1786104
5705	1786331
5706	1786412
5707	1786608
5708	1786829
5709	1787011
5710	1787012
5711	1787375
5712	1787438
5713	1787538
5714	1787923
5715	1787933
5716	1787940
5717	1787955
5718	1788275
5719	1788393
5720	1789728
5721	1790839
5722	1790870
5723	1791630
5724	1791783
5725	1792500
5726	1792582
5727	1792989
5728	1793542
5729	1794627
5730	1794630
5731	1795363
5732	1795553
5733	1795587
5734	1795703
5735	1795964
5736	1796015
5737	1796073
5738	1796472
5739	1797327
5740	1797481
5741	1797696
5742	1797870
5743	1798847
5744	1798857
5745	1798996
5746	1799090
5747	1799374
5748	1799379
5749	1799482
5750	1799563
5751	1799734
5752	1799849
5753	1799900
5754	1800263
5755	1800853
5756	1800932
5757	1801229
5758	1801408
5759	1801482
5760	1801670
5761	1801830
5762	1801846
5763	1801977
5764	1802203
5765	1802257
5766	1802656
5767	1803473
5768	1803643
5769	1803733
5770	1804034
5771	1804124
5772	1804827
5773	1805637
5774	1805666
5775	1806210
5776	1806752
5777	1806875
5778	1807280
5779	1807350
5780	1807729
5781	1807760
5782	1807891
5783	1807904
5784	1807961
5785	1807967
5786	1808084
5787	1808228
5788	1808471
5789	1808771
5790	1809968
5791	1810238
5792	1810483
5793	1810616
5794	1810864
5795	1810974
5796	1811135
5797	1811596
5798	1811711
5799	1811918
5800	1812376
5801	1812643
5802	1812863
5803	1813286
5804	1813442
5805	1813521
5806	1813532
5807	1813538
5808	1813978
5809	1814479
5810	1814534
5811	1814604
5812	1815400
5813	1815690
5814	1816366
5815	1816879
5816	1816922
5817	1816986
5818	1817298
5819	1817376
5820	1817442
5821	1817596
5822	1817716
5823	1817883
5824	1818546
5825	1818654
5826	1818719
5827	1818959
5828	1818976
5829	1819341
5830	1819459
5831	1820163
5832	1820269
5833	1820535
5834	1821271
5835	1821325
5836	1821372
5837	1821384
5838	1821386
5839	1821465
5840	1821555
5841	1821576
5842	1821663
5843	1822007
5844	1822354
5845	1822375
5846	1822474
5847	1822635
5848	1822718
5849	1823523
5850	1823806
5851	1823858
5852	1823909
5853	1824149
5854	1824160
5855	1824169
5856	1824737
5857	1824806
5858	1825215
5859	1825244
5860	1825511
5861	1826012
5862	1826349
5863	1826462
5864	1826579
5865	1826740
5866	1827183
5867	1827192
5868	1827198
5869	1837791
5870	1838344
5871	1838739
5872	1838980
5873	1839014
5874	1839039
5875	1839083
5876	1839547
5877	1839549
5878	1842303
5879	1842352
5880	1843410
5881	1843469
5882	1843968
5883	1844206
5884	1844365
5885	1845182
5886	1845194
5887	1845257
5888	1845325
5889	1845710
5890	1845932
5891	1845971
5892	1846073
5893	1846839
5894	1847451
5895	1847603
5896	1848431
5897	1848958
5898	1849201
5899	1849324
5900	1850063
5901	1851204
5902	1851267
5903	1851488
5904	1851894
5905	1851939
5906	1851991
5907	1852159
5908	1852217
5909	1852791
5910	1853096
5911	1853175
5912	1853282
5913	1853477
5914	1853815
5915	1854591
5916	1854619
5917	1855363
5918	1855489
5919	1855570
5920	1855799
5921	1856141
5922	1856701
5923	1856736
5924	1857017
5925	1857290
5926	1857706
5927	1857727
5928	1858232
5929	1858364
5930	1858439
5931	1858446
5932	1858618
5933	1858640
5934	1858994
5935	1859452
5936	1859686
5937	1859900
5938	1860179
5939	1860411
5940	1861024
5941	1861206
5942	1861352
5943	1861447
5944	1861452
5945	1861487
5946	1861493
5947	1861584
5948	1861632
5949	1861890
5950	1861987
5951	1862284
5952	1862285
5953	1862353
5954	1862389
5955	1862430
5956	1862863
5957	1863166
5958	1865339
5959	1865637
5960	1865713
5961	1866020
5962	1866024
5963	1866029
5964	1866067
5965	1866068
5966	1866583
5967	1866623
5968	1866698
5969	1866795
5970	1867130
5971	1867536
5972	1867569
5973	1867818
5974	1868189
5975	1868266
5976	1868304
5977	1868335
5978	1868412
5979	1868416
5980	1868799
5981	1868800
5982	1868827
5983	1868832
5984	1869085
5985	1869536
5986	1869872
5987	1870108
5988	1870240
5989	1870262
5990	1870270
5991	1870273
5992	1870293
5993	1870308
5994	1870312
5995	1870328
5996	1870333
5997	1870339
5998	1870385
5999	1870400
6000	1870935
6001	1871049
6002	1871290
6003	1871667
6004	1871770
6005	1871783
6006	1871913
6007	1872078
6008	1872236
6009	1872363
6010	1872435
6011	1872579
6012	1873472
6013	1873956
6014	1875044
6015	1875326
6016	1875797
6017	1875842
6018	1876330
6019	1876354
6020	1876511
6021	1876586
6022	1878474
6023	1878756
6024	1879081
6025	1879120
6026	1879156
6027	1879423
6028	1879543
6029	1879605
6030	1879743
6031	1879893
6032	1880384
6033	1880536
6034	1880774
6035	1880805
6036	1881174
6037	1881439
6038	1881911
6039	1881917
6040	1882209
6041	1882647
6042	1883103
6043	1883265
6044	1883832
6045	1884294
6046	1884517
6047	1884534
6048	1884753
6049	1884811
6050	1885176
6051	1885506
6052	1885913
6053	1886308
6054	1886931
6055	1886985
6056	1887045
6057	1887977
6058	1888265
6059	1888830
6060	1888867
6061	1889078
6062	1889151
6063	1890078
6064	1890294
6065	1890397
6066	1890824
6067	1891556
6068	1891685
6069	1891779
6070	1892132
6071	1892277
6072	1892835
6073	1893059
6074	1893239
6075	1893421
6076	1893857
6077	1893866
6078	1893925
6079	1894178
6080	1894293
6081	1894346
6082	1894712
6083	1894736
6084	1895338
6085	1895608
6086	1895625
6087	1896167
6088	1896569
6089	1896720
6090	1896838
6091	1896861
6092	1897018
6093	1897176
6094	1897540
6095	1897998
6096	1898363
6097	1898843
6098	1898845
6099	1898851
6100	1899141
6101	1899205
6102	1899402
6103	1899614
6104	1899802
6105	1900359
6106	1900528
6107	1900912
6108	1901380
6109	1901401
6110	1901486
6111	1901685
6112	1901855
6113	1902615
6114	1903658
6115	1903695
6116	1903723
6117	1904305
6118	1904595
6119	1905037
6120	1905623
6121	1905867
6122	1905949
6123	1905950
6124	1906630
6125	1907100
6126	1907265
6127	1907470
6128	1907886
6129	1907898
6130	1907936
6131	1908058
6132	1908377
6133	1908420
6134	1908451
6135	1908919
6136	1909491
6137	1909546
6138	1909663
6139	1909721
6140	1909723
6141	1909973
6142	1910202
6143	1910300
6144	1910355
6145	1910389
6146	1910873
6147	1910933
6148	1911033
6149	1911341
6150	1911456
6151	1911662
6152	1911992
6153	1912779
6154	1912837
6155	1915439
6156	1915485
6157	1916757
6158	1917011
6159	1917766
6160	1918254
6161	1918825
6162	1919613
6163	1919628
6164	1921539
6165	1921630
6166	1923219
6167	1923391
6168	1923497
6169	1923772
6170	1923951
6171	1923991
6172	1926161
6173	1926512
6174	1927240
6175	1927290
6176	1927656
6177	1927987
6178	1928264
6179	1928435
6180	1928575
6181	1928681
6182	1928907
6183	1929074
6184	1929082
6185	1929227
6186	1930245
6187	1930307
6188	1930465
6189	1930470
6190	1930513
6191	1930568
6192	1930725
6193	1931277
6194	1931431
6195	1931507
6196	1931518
6197	1931656
6198	1931660
6199	1931679
6200	1931869
6201	1932343
6202	1932356
6203	1932418
6204	1932494
6205	1932506
6206	1933382
6207	1933841
6208	1933971
6209	1933972
6210	1934167
6211	1934517
6212	1935181
6213	1935391
6214	1935675
6215	1935806
6216	1935841
6217	1936264
6218	1936286
6219	1936295
6220	1936523
6221	1937079
6222	1938284
6223	1938339
6224	1938369
6225	1938522
6226	1938548
6227	1938647
6228	1938804
6229	1939079
6230	1939312
6231	1939566
6232	1939726
6233	1939762
6234	1939837
6235	1939894
6236	1940199
6237	1940756
6238	1940938
6239	1941146
6240	1941568
6241	1941696
6242	1942265
6243	1942365
6244	1942565
6245	1942881
6246	1943013
6247	1943019
6248	1943287
6249	1943452
6250	1943586
6251	1943831
6252	1943849
6253	1943990
6254	1944380
6255	1944446
6256	1944627
6257	1944642
6258	1944672
6259	1944674
6260	1944675
6261	1944677
6262	1945859
6263	1945916
6264	1945998
6265	1946323
6266	1946354
6267	1946450
6268	1946588
6269	1946968
6270	1946971
6271	1947083
6272	1947274
6273	1947580
6274	1947620
6275	1947741
6276	1948611
6277	1948660
6278	1948710
6279	1948979
6280	1949024
6281	1949054
6282	1949303
6283	1950090
6284	1952034
6285	1952209
6286	1952260
6287	1952731
6288	1952768
6289	1953021
6290	1953358
6291	1953362
6292	1953444
6293	1953494
6294	1953652
6295	1953750
6296	1954078
6297	1957317
6298	1957366
6299	1957634
6300	1957690
6301	1957856
6302	1957865
6303	1957866
6304	1957874
6305	1957878
6306	1957880
6307	1957886
6308	1957889
6309	1957898
6310	1957910
6311	1957916
6312	1957938
6313	1957940
6314	1958006
6315	1958018
6316	1958021
6317	1958022
6318	1958030
6319	1958034
6320	1958506
6321	1958538
6322	1958681
6323	1959473
6324	1959503
6325	1959555
6326	1959574
6327	1959603
6328	1960501
6329	1960822
6330	1960893
6331	1961010
6332	1961571
6333	1962155
6334	1962893
6335	1963125
6336	1963155
6337	1963358
6338	1963722
6339	1964455
6340	1964800
6341	1964819
6342	1964990
6343	1965159
6344	1965222
6345	1966144
6346	1966534
6347	1966651
6348	1966745
6349	1968105
6350	1968282
6351	1969153
6352	1969275
6353	1969318
6354	1969620
6355	1969623
6356	1970112
6357	1970402
6358	1972464
6359	1972709
6360	1972823
6361	1973059
6362	1973838
6363	1974112
6364	1975026
6365	1975124
6366	1976329
6367	1976401
6368	1976575
6369	1976811
6370	1977204
6371	1977230
6372	1977292
6373	1977415
6374	1977548
6375	1977562
6376	1978089
6377	1978483
6378	1978570
6379	1978633
6380	1978852
6381	1978882
6382	1979247
6383	1980108
6384	1980449
6385	1980583
6386	1980955
6387	1981000
6388	1981016
6389	1981029
6390	1981102
6391	1981139
6392	1981320
6393	1981484
6394	1981829
6395	1981852
6396	1981925
6397	1982535
6398	1982906
6399	1982978
6400	1983122
6401	1983223
6402	1983628
6403	1983836
6404	1984129
6405	1984193
6406	1985536
6407	1986131
6408	1986622
6409	1986739
6410	1986884
6411	1986912
6412	1987093
6413	1987209
6414	1987600
6415	1987617
6416	1987657
6417	1987901
6418	1988128
6419	1988225
6420	1988358
6421	1989329
6422	1989661
6423	1989789
6424	1990049
6425	1990193
6426	1990801
6427	1991244
6428	1991246
6429	1991359
6430	1991760
6431	1991767
6432	1992071
6433	1993284
6434	1994502
6435	1994983
6436	1995909
6437	1995925
6438	1996154
6439	1996213
6440	1996526
6441	1996567
6442	1996662
6443	1997157
6444	1998633
6445	1998728
6446	1998796
6447	1999225
6448	1999498
6449	2001546
6450	2001997
6451	2002143
6452	2002144
6453	2002162
6454	2002506
6455	2002798
6456	2003092
6457	2003172
6458	2003810
6459	2004411
6460	2004499
6461	2005545
6462	2013887
6463	2013960
6464	2014225
6465	2014361
6466	2014622
6467	2015050
6468	2015120
6469	2015142
6470	2015332
6471	2015616
6472	2015696
6473	2015839
6474	2016118
6475	2016268
6476	2016359
6477	2016738
6478	2017353
6479	2017403
6480	2018156
6481	2019136
6482	2019419
6483	2019619
6484	2019985
6485	2020073
6486	2020519
6487	2020555
6488	2020753
6489	2020853
6490	2021142
6491	2021936
6492	2021997
6493	2022411
6494	2023089
6495	2023094
6496	2024030
6497	2024151
6498	2024288
6499	2024352
6500	2024450
6501	2024476
6502	2024691
6503	2025004
6504	2025146
6505	2026628
6506	2026758
6507	2026765
6508	2026797
6509	2027564
6510	2028418
6511	2028870
6512	2029488
6513	2030144
6514	2030874
6515	2031097
6516	2031506
6517	2031507
6518	2031521
6519	2031522
6520	2031628
6521	2031725
6522	2031850
6523	2031925
6524	2032013
6525	2032070
6526	2032072
6527	2032262
6528	2033440
6529	2034495
6530	2034576
6531	2034744
6532	2035014
6533	2035060
6534	2035212
6535	2035476
6536	2035693
6537	2036363
6538	2036621
6539	2037098
6540	2037350
6541	2037628
6542	2037874
6543	2038031
6544	2038085
6545	2038089
6546	2038230
6547	2038250
6548	2038772
6549	2038866
6550	2038982
6551	2039075
6552	2039195
6553	2039216
6554	2039314
6555	2040743
6556	2040782
6557	2041423
6558	2041735
6559	2041982
6560	2043155
6561	2043204
6562	2043398
6563	2043460
6564	2043465
6565	2043497
6566	2043661
6567	2043702
6568	2043980
6569	2044348
6570	2044905
6571	2045022
6572	2045200
6573	2045208
6574	2045433
6575	2045689
6576	2046250
6577	2046295
6578	2046926
6579	2047756
6580	2047915
6581	2048225
6582	2048866
6583	2049718
6584	2049754
6585	2050319
6586	2050816
6587	2050973
6588	2051201
6589	2051798
6590	2051962
6591	2053007
6592	2053275
6593	2053783
6594	2053945
6595	2054176
6596	2054726
6597	2054890
6598	2055483
6599	2056577
6600	2056594
6601	2057186
6602	2057444
6603	2057742
6604	2057751
6605	2057810
6606	2057989
6607	2058063
6608	2058365
6609	2059540
6610	2059823
6611	2059876
6612	2059979
6613	2061333
6614	2061430
6615	2062245
6616	2062471
6617	2062603
6618	2062738
6619	2062754
6620	2063470
6621	2063602
6622	2063805
6623	2063829
6624	2064412
6625	2064432
6626	2065198
6627	2065361
6628	2066409
6629	2067130
6630	2067239
6631	2067457
6632	2068362
6633	2068430
6634	2068598
6635	2068620
6636	2068627
6637	2069272
6638	2069567
6639	2070474
6640	2070487
6641	2070661
6642	2071571
6643	2071748
6644	2072114
6645	2072246
6646	2072314
6647	2072348
6648	2072742
6649	2073619
6650	2073742
6651	2074021
