1	2542
2	3915
3	3947
4	10243
5	11345
6	13706
7	23473
8	24489
9	29904
10	30607
11	41040
12	44471
13	44491
14	51312
15	53070
16	53729
17	53851
18	56562
19	57101
20	57966
21	59947
22	64309
23	66162
24	67154
25	71511
26	74628
27	75131
28	75881
29	78125
30	84148
31	87968
32	91558
33	93146
34	94655
35	97170
36	103971
37	115339
38	116742
39	126231
40	127764
41	128242
42	132832
43	141385
44	142382
45	142729
46	143038
47	143501
48	146331
49	148719
50	152109
51	153792
52	155720
53	156295
54	157780
55	163253
56	166756
57	171204
58	171398
59	171735
60	179373
61	180175
62	182176
63	182850
64	183713
65	186737
66	190866
67	196141
68	203038
69	206936
70	211326
71	213542
72	213908
73	218331
74	220550
75	228554
76	229778
77	232978
78	237204
79	238922
80	245385
81	245469
82	246970
83	253476
84	253758
85	257502
86	261631
87	262432
88	263884
89	265777
90	266773
91	268161
92	268901
93	272502
94	274640
95	277641
96	277662
97	277678
98	278546
99	279607
100	288606
101	290070
102	304159
103	304278
104	307369
105	313781
106	313808
107	323395
108	324413
109	327561
110	329799
111	332709
112	339921
113	344467
114	346924
115	348023
116	351416
117	351524
118	356682
119	360857
120	365104
121	365221
122	365578
123	365942
124	372309
125	375701
126	377217
127	377670
128	379795
129	386611
130	390926
131	393870
132	394714
133	396193
134	399390
135	400283
136	400329
137	402917
138	403326
139	404747
140	404771
141	405111
142	406864
143	407099
144	409265
145	410222
146	415727
147	416349
148	419549
149	420333
150	421435
151	423935
152	425180
153	428143
154	428488
155	430927
156	435028
157	435293
158	438621
159	440466
160	440471
161	440483
162	440693
163	443698
164	444312
165	444912
166	449574
167	449777
168	459979
169	461205
170	462474
171	463066
172	464067
173	465374
174	465820
175	470960
176	473568
177	473862
178	474149
179	474355
180	474898
181	477090
182	477742
183	478849
184	484266
185	487706
186	488426
187	488700
188	489099
189	492113
190	493304
191	497206
192	497489
193	500549
194	503286
195	507840
196	509388
197	514151
198	514487
199	514986
200	515535
201	515774
202	519738
203	519943
204	522941
205	524939
206	525155
207	527616
208	529549
209	530794
210	531416
211	535362
212	540735
213	543589
214	543833
215	544169
216	544929
217	547735
218	549379
219	550197
220	556099
221	559273
222	560940
223	562475
224	564023
225	565060
226	566705
227	572343
228	573908
229	579258
230	579407
231	592846
232	594468
233	594524
234	594654
235	595623
236	604203
237	605831
238	606002
239	606371
240	607261
241	608240
242	610460
243	611488
244	612749
245	612907
246	613124
247	614138
248	614254
249	614653
250	614779
251	614825
252	616631
253	618511
254	624029
255	625025
256	626897
257	627516
258	631461
259	632009
260	632595
261	632889
262	633680
263	635623
264	638864
265	640495
266	654925
267	654963
268	656703
269	658509
270	658910
271	666184
272	670374
273	672544
274	672770
275	674979
276	676688
277	684250
278	685913
279	690412
280	697013
281	698466
282	708575
283	709410
284	710116
285	712424
286	712429
287	713659
288	715487
289	715519
290	717444
291	726738
292	727477
293	727495
294	728191
295	730177
296	731814
297	734496
298	740933
299	745926
300	747895
301	748326
302	748879
303	750455
304	750547
305	750947
306	753773
307	754782
308	755213
309	756555
310	757430
311	764783
312	765024
313	765590
314	768696
315	771043
316	774881
317	775374
318	775378
319	783359
320	785389
321	785621
322	787639
323	788824
324	790176
325	796944
326	806761
327	807136
328	807375
329	810578
330	813634
331	825025
332	827222
333	828848
334	831932
335	836263
336	836950
337	838251
338	838324
339	841079
340	844429
341	846124
342	850115
343	851560
344	852080
345	852579
346	853974
347	855231
348	855304
349	857373
350	862300
351	865294
352	866276
353	868058
354	871053
355	871471
356	878996
357	881951
358	883070
359	884518
360	889225
361	889805
362	892025
363	892607
364	892714
365	893915
366	896854
367	897130
368	902397
369	902538
370	905692
371	906790
372	907363
373	908457
374	908494
375	912601
376	916895
377	917321
378	919724
379	921992
380	922320
381	922326
382	936445
383	936447
384	938886
385	939924
386	939939
387	942096
388	943834
389	954660
390	957830
391	959952
392	962755
393	965925
394	967190
395	972049
396	975917
397	976099
398	976492
399	976682
400	979195
401	984159
402	984204
403	985768
404	986500
405	987784
406	988535
407	993565
408	997991
409	1010175
410	1011692
411	1012749
412	1013654
413	1014278
414	1014577
415	1019137
416	1022099
417	1022988
418	1026196
419	1031924
420	1041192
421	1043990
422	1044308
423	1054001
424	1055809
425	1062486
426	1063355
427	1063665
428	1066141
429	1069241
430	1069776
431	1072772
432	1073137
433	1074059
434	1075631
435	1077925
436	1079304
437	1079468
438	1081348
439	1081597
440	1084876
441	1105476
442	1107212
443	1111663
444	1111940
445	1116448
446	1119779
447	1120097
448	1120148
449	1123131
450	1124524
451	1128890
452	1129221
453	1129222
454	1129898
455	1131532
456	1133722
457	1138554
458	1139450
459	1143321
460	1143373
461	1146548
462	1146584
463	1146674
464	1147225
465	1148211
466	1148280
467	1148801
468	1148999
469	1149019
470	1149076
471	1149106
472	1157832
473	1158355
474	1161257
475	1161538
476	1164279
477	1170233
478	1170568
479	1173104
480	1176117
481	1180426
482	1180780
483	1182484
484	1184492
485	1187622
486	1190256
487	1199500
488	1200413
489	1200450
490	1201223
491	1201242
492	1201645
493	1201673
494	1201756
495	1205555
496	1207156
497	1210317
498	1210415
499	1210769
500	1216183
501	1217298
502	1221050
503	1234145
504	1235875
505	1237198
506	1238248
507	1238917
508	1247963
509	1250236
510	1251273
511	1252428
512	1252554
513	1253496
514	1258872
515	1260758
516	1261483
517	1264409
518	1273257
519	1278556
520	1279608
521	1292437
522	1295674
523	1297147
524	1299897
525	1304050
526	1304806
527	1307667
528	1308757
529	1311601
530	1317572
531	1317704
532	1320034
533	1327662
534	1327939
535	1328136
536	1330450
537	1332524
538	1332923
539	1332926
540	1333136
541	1333140
542	1336871
543	1337116
544	1348688
545	1348878
546	1348981
547	1353631
548	1354076
549	1354724
550	1362620
551	1364100
552	1364141
553	1364387
554	1366356
555	1366455
556	1369373
557	1370455
558	1370794
559	1372003
560	1372822
561	1377833
562	1380322
563	1384836
564	1385006
565	1385280
566	1391188
567	1398145
568	1402342
569	1402729
570	1403331
571	1404956
572	1405031
573	1406541
574	1408072
575	1408867
576	1411260
577	1413964
578	1416429
579	1426348
580	1430192
581	1430292
582	1431005
583	1432072
584	1432463
585	1434665
586	1434735
587	1435092
588	1443891
589	1445219
590	1449992
591	1451432
592	1455018
593	1468215
594	1471792
595	1472387
596	1476240
597	1476764
598	1478445
599	1478736
600	1480344
601	1481429
602	1484521
603	1484633
604	1488010
605	1491264
606	1493035
607	1501658
608	1506253
609	1509373
610	1511815
611	1513203
612	1514245
613	1515407
614	1515563
615	1523992
616	1526661
617	1539773
618	1540046
619	1543481
620	1543991
621	1547516
622	1547629
623	1552384
624	1554512
625	1555244
626	1560208
627	1560583
628	1562407
629	1566035
630	1566043
631	1566236
632	1572541
633	1574589
634	1575947
635	1581244
636	1584089
637	1586099
638	1587497
639	1591263
640	1595856
641	1596727
642	1596977
643	1600096
644	1600618
645	1600870
646	1609004
647	1609998
648	1610047
649	1611403
650	1613370
651	1614468
652	1615215
653	1617820
654	1618385
655	1619789
656	1620432
657	1621097
658	1622083
659	1622148
660	1623205
661	1624342
662	1627660
663	1630129
664	1631120
665	1631486
666	1632050
667	1634712
668	1636227
669	1643156
670	1647346
671	1647682
672	1648713
673	1648982
674	1649210
675	1650784
676	1651440
677	1651486
678	1651650
679	1651872
680	1652127
681	1655149
682	1655573
683	1655989
684	1659321
685	1664023
686	1665841
687	1667384
688	1668968
689	1670746
690	1670961
691	1672697
692	1673190
693	1674069
694	1676384
695	1677691
696	1679147
697	1679882
698	1681318
699	1681811
700	1682137
701	1682484
702	1684721
703	1688103
704	1690531
705	1701265
706	1703355
707	1703473
708	1706762
709	1708159
710	1709894
711	1710464
712	1718762
713	1718767
714	1723746
715	1727009
716	1727687
717	1728826
718	1729465
719	1730098
720	1731823
721	1737499
722	1737890
723	1738143
724	1741130
725	1741888
726	1742763
727	1743468
728	1746284
729	1747201
730	1752814
731	1755987
732	1761009
733	1761531
734	1763588
735	1774062
736	1775262
737	1776523
738	1776695
739	1777845
740	1779801
741	1780071
742	1784836
743	1785700
744	1786548
745	1787847
746	1789121
747	1789544
748	1793403
749	1793696
750	1793977
751	1794027
752	1795579
753	1795625
754	1797611
755	1801354
756	1802001
757	1803439
758	1803525
759	1804030
760	1805908
761	1807126
762	1807561
763	1807637
764	1807887
765	1807960
766	1808155
767	1816121
768	1819065
769	1819515
770	1820493
771	1821787
772	1821983
773	1822682
774	1823832
775	1824496
776	1827328
777	1827805
778	1828085
779	1832836
780	1832975
781	1834000
782	1836346
783	1837793
784	1839671
785	1843658
786	1847390
787	1854129
788	1855170
789	1859881
790	1866108
791	1876246
792	1876279
793	1876281
794	1883867
795	1883899
796	1889664
797	1889847
798	1892197
799	1892280
800	1900740
801	1904041
802	1906801
803	1910305
804	1912426
805	1913362
806	1914389
807	1917238
808	1917339
809	1917340
810	1925326
811	1925400
812	1928818
813	1930124
814	1933530
815	1938557
816	1938579
817	1939896
818	1940538
819	1942344
820	1945866
821	1947927
822	1951761
823	1954312
824	1954546
825	1959595
826	1962722
827	1963807
828	1964318
829	1964366
830	1981384
831	1984778
832	1985414
833	1991051
834	1991337
835	1993026
836	1997052
837	1997564
838	1997591
839	1998851
840	1999267
841	1999850
842	2001006
843	2008635
844	2010405
845	2020000
846	2020681
847	2021786
848	2023609
849	2023971
850	2029260
851	2029741
852	2031664
853	2031882
854	2033696
855	2034625
856	2036106
857	2036790
858	2037659
859	2038845
860	2043479
861	2046007
862	2047106
863	2048352
864	2049780
865	2050832
866	2051942
867	2054732
868	2057244
869	2060543
870	2062748
871	2064811
872	2069316
873	2069538
874	2070461
875	2073854
876	2074879
877	2076054
878	2082262
879	2084363
880	2091312
881	2095661
882	2096549
883	2102045
884	2107347
885	2108552
886	2108951
887	2113836
888	2114460
889	2114809
890	2114813
891	2114829
892	2114840
893	2115126
894	2115342
895	2125294
896	2129808
897	2131739
898	2134440
899	2138526
900	2139660
901	2141927
902	2144979
903	2150594
904	2152496
905	2155212
906	2155593
907	2156090
908	2160978
909	2162077
910	2166308
911	2168265
912	2169045
913	2172011
914	2172070
915	2173955
916	2178383
917	2181975
918	2183090
919	2184019
920	2187834
921	2187950
922	2189295
923	2193814
924	2194554
925	2194893
926	2201169
927	2204940
928	2205091
929	2205447
930	2205992
931	2206529
932	2207345
933	2208887
934	2211482
935	2220392
936	2221174
937	2223522
938	2225102
939	2225430
940	2226230
941	2227857
942	2232289
943	2233230
944	2233355
945	2235886
946	2236954
947	2237860
948	2245199
949	2246636
950	2248904
951	2248936
952	2251204
953	2252806
954	2253606
955	2254169
956	2254659
957	2257700
958	2259117
959	2260134
960	2260578
961	2263948
962	2264319
963	2264822
964	2268425
965	2275982
966	2276879
967	2282404
968	2287762
969	2294361
970	2294717
971	2296733
972	2297378
973	2298904
974	2301039
975	2301352
976	2302135
977	2302819
978	2303016
979	2306597
980	2306910
981	2307744
982	2310306
983	2315735
984	2315763
985	2315936
986	2316992
987	2318231
988	2318232
989	2318390
990	2318439
991	2319775
992	2320194
993	2323525
994	2326231
995	2329380
996	2330116
997	2334791
998	2336543
999	2341967
1000	2342715
1001	2342825
1002	2344149
1003	2346968
1004	2347851
1005	2350565
1006	2354272
1007	2356562
1008	2359316
1009	2359505
1010	2365353
1011	2367642
1012	2369363
1013	2370285
1014	2373669
1015	2373981
1016	2378522
1017	2387064
1018	2388188
1019	2394083
1020	2398160
1021	2398540
1022	2404025
1023	2407256
1024	2410008
1025	2411338
1026	2411350
1027	2413236
1028	2418034
1029	2419423
1030	2419941
1031	2420648
1032	2422452
1033	2428380
1034	2428731
1035	2429562
1036	2429692
1037	2429942
1038	2432484
1039	2434536
1040	2437976
1041	2438851
1042	2447416
1043	2448232
1044	2450606
1045	2454245
1046	2454552
1047	2455889
1048	2462384
1049	2468507
1050	2475588
1051	2475677
1052	2476253
1053	2476490
1054	2478481
1055	2479398
1056	2482902
1057	2485327
1058	2486100
1059	2486779
1060	2488770
1061	2490157
1062	2490213
1063	2490699
1064	2496882
1065	2506246
1066	2510726
1067	2511904
1068	2519320
1069	2521471
1070	2525655
1071	2526104
1072	2526434
1073	2527587
1074	2529192
1075	2531146
1076	2531350
1077	2531844
1078	2534108
1079	2542055
1080	2544186
1081	2544193
1082	2547725
1083	2548046
1084	2549849
1085	2550986
1086	2552846
1087	2553802
1088	2553873
1089	2554503
1090	2554931
1091	2555449
1092	2556322
1093	2556516
1094	2557241
1095	2558590
1096	2560266
1097	2561234
1098	2562317
1099	2562416
1100	2563258
1101	2563262
1102	2563334
1103	2563417
1104	2563493
1105	2563668
1106	2564998
1107	2565191
1108	2565596
1109	2566639
1110	2568565
1111	2575432
1112	2581784
1113	2584506
1114	2584704
1115	2584917
1116	2589368
1117	2589431
1118	2596742
1119	2600664
1120	2601130
1121	2601360
1122	2607015
1123	2608867
1124	2609872
1125	2613739
1126	2616766
1127	2618593
1128	2620131
1129	2620720
1130	2621708
1131	2624648
1132	2625431
1133	2631902
1134	2631949
1135	2632613
1136	2636379
1137	2640606
1138	2640728
1139	2644398
1140	2644505
1141	2648246
1142	2649718
1143	2650236
1144	2653265
1145	2655468
1146	2658355
1147	2660075
1148	2661186
1149	2662093
1150	2663280
1151	2666324
1152	2667888
1153	2679432
1154	2683522
1155	2683881
1156	2685449
1157	2685779
1158	2686443
1159	2686777
1160	2691306
1161	2695233
1162	2696555
1163	2703993
1164	2704733
1165	2705203
1166	2707909
1167	2707953
1168	2714943
1169	2718156
1170	2721401
1171	2728276
1172	2744219
1173	2744418
1174	2748499
1175	2748893
1176	2751254
1177	2751723
1178	2753379
1179	2753647
1180	2753767
1181	2757103
1182	2759545
1183	2761201
1184	2764002
1185	2767008
1186	2770384
1187	2772634
1188	2774792
1189	2776274
1190	2782040
1191	2783405
1192	2786479
1193	2788573
1194	2789705
1195	2795094
1196	2795184
1197	2797979
1198	2800540
1199	2802296
1200	2808660
1201	2816403
1202	2816899
1203	2821228
1204	2821986
1205	2822637
1206	2825818
1207	2826955
1208	2828363
1209	2832434
1210	2832442
1211	2832777
1212	2835249
1213	2835870
1214	2837015
1215	2837529
1216	2837588
1217	2839212
1218	2843787
1219	2843800
1220	2845519
1221	2846072
1222	2847352
1223	2853374
1224	2853565
1225	2853629
1226	2855566
1227	2857928
1228	2861032
1229	2861387
1230	2862930
1231	2863724
1232	2863926
1233	2866048
1234	2868054
1235	2868181
1236	2869006
1237	2870970
1238	2872178
1239	2877672
1240	2878617
1241	2887132
1242	2894321
1243	2899510
1244	2901050
1245	2901996
1246	2905333
1247	2907660
1248	2915113
1249	2918955
1250	2919629
1251	2920412
1252	2922206
1253	2924095
1254	2924588
1255	2929376
1256	2929710
1257	2931824
1258	2941710
1259	2941845
1260	2943250
1261	2943552
1262	2947310
1263	2951759
1264	2952317
1265	2953394
1266	2956465
1267	2957296
1268	2959896
1269	2960051
1270	2968989
1271	2970741
1272	2973351
1273	2975553
1274	2975982
1275	2978469
1276	2979149
1277	2985096
1278	2991808
1279	2996175
1280	2996488
1281	2998136
1282	2998248
1283	3006667
1284	3011455
1285	3012088
1286	3013483
1287	3019229
1288	3021686
1289	3022776
1290	3024706
1291	3025035
1292	3025188
1293	3025534
1294	3026291
1295	3027154
1296	3030286
1297	3030547
1298	3030586
1299	3030603
1300	3030658
1301	3030768
1302	3031279
1303	3031420
1304	3037336
1305	3038290
1306	3038826
1307	3039569
1308	3040950
1309	3042178
1310	3042523
1311	3046205
1312	3046792
1313	3049470
1314	3054043
1315	3061443
1316	3063277
1317	3065755
1318	3065931
1319	3067013
1320	3070531
1321	3076742
1322	3077111
1323	3077441
1324	3077804
1325	3078797
1326	3080517
1327	3082710
1328	3088069
1329	3092726
1330	3093731
1331	3097566
1332	3097677
1333	3097784
1334	3104879
1335	3107349
1336	3109229
1337	3113909
1338	3114934
1339	3115862
1340	3121656
1341	3124638
1342	3126672
1343	3127292
1344	3127406
1345	3131612
1346	3132305
1347	3133486
1348	3134394
1349	3135406
1350	3136257
1351	3138908
1352	3140413
1353	3145619
1354	3149980
1355	3150099
1356	3150706
1357	3155884
1358	3156426
1359	3158732
1360	3160435
1361	3160966
1362	3163634
1363	3163746
1364	3164673
1365	3165045
1366	3169375
1367	3174431
1368	3174630
1369	3183591
1370	3187315
1371	3191840
1372	3193849
1373	3195578
1374	3195805
1375	3197917
1376	3202591
1377	3210467
1378	3210971
1379	3214371
1380	3215603
1381	3219166
1382	3219430
1383	3221576
1384	3223616
1385	3225145
1386	3225371
1387	3226425
1388	3231177
1389	3234630
1390	3235435
1391	3236295
1392	3242351
1393	3244538
1394	3247954
1395	3258282
1396	3260438
1397	3264134
1398	3266938
1399	3270391
1400	3270636
1401	3271076
1402	3274474
1403	3276908
1404	3281449
1405	3281983
1406	3285941
1407	3286018
1408	3286509
1409	3287138
1410	3288394
1411	3290813
1412	3292387
1413	3296059
1414	3297433
1415	3298911
1416	3298951
1417	3306784
1418	3310632
1419	3313470
1420	3315762
1421	3326377
1422	3327479
1423	3331698
1424	3339977
1425	3342737
1426	3343359
1427	3343872
1428	3347724
1429	3351288
1430	3355102
1431	3357477
1432	3364198
1433	3365352
1434	3367800
1435	3368861
1436	3372668
1437	3375380
1438	3377367
1439	3379623
1440	3379634
1441	3380202
1442	3380880
1443	3381770
1444	3381844
1445	3382012
1446	3383256
1447	3385496
1448	3385695
1449	3386941
1450	3390404
1451	3390506
1452	3391158
1453	3399494
1454	3401991
1455	3402390
1456	3404671
1457	3411298
1458	3411486
1459	3411722
1460	3415439
1461	3417327
1462	3417634
1463	3419633
1464	3422797
1465	3427292
1466	3429733
1467	3431033
1468	3434522
1469	3435562
1470	3436682
1471	3438065
1472	3438137
1473	3442364
1474	3443757
1475	3449268
1476	3451556
1477	3451580
1478	3451890
1479	3454244
1480	3455146
1481	3466149
1482	3471815
1483	3474229
1484	3476368
1485	3477563
1486	3478672
1487	3479764
1488	3481210
1489	3483058
1490	3483874
1491	3490304
1492	3490666
1493	3494985
1494	3495240
1495	3497656
1496	3499758
1497	3501306
1498	3506118
1499	3508748
1500	3511910
1501	3513396
1502	3514098
1503	3514165
1504	3516351
1505	3524042
1506	3525626
1507	3526846
1508	3527769
1509	3531161
1510	3531832
1511	3533802
1512	3536312
1513	3541011
1514	3541045
1515	3544869
1516	3545694
1517	3547857
1518	3550168
1519	3554105
1520	3554127
1521	3557194
1522	3558558
1523	3558564
1524	3558586
1525	3559542
1526	3564739
1527	3572994
1528	3573642
1529	3573654
1530	3584860
1531	3592617
1532	3601821
1533	3603918
1534	3605894
1535	3606295
1536	3608386
1537	3610462
1538	3610534
1539	3616087
1540	3618480
1541	3621573
1542	3622634
1543	3623965
1544	3631683
1545	3636053
1546	3637228
1547	3645835
1548	3648743
1549	3649836
1550	3652839
1551	3652852
1552	3653178
1553	3653547
1554	3657940
1555	3662991
1556	3664379
1557	3665416
1558	3665780
1559	3666312
1560	3666466
1561	3667817
1562	3672760
1563	3675081
1564	3678052
1565	3678227
1566	3680444
1567	3684612
1568	3688475
1569	3688900
1570	3695547
1571	3696005
1572	3697729
1573	3698925
1574	3706404
1575	3710062
1576	3714703
1577	3717350
1578	3717403
1579	3717435
1580	3717894
1581	3718371
1582	3718497
1583	3720970
1584	3722587
1585	3722883
1586	3723496
1587	3723866
1588	3726582
1589	3726810
1590	3727033
1591	3729562
1592	3732146
1593	3741204
1594	3745895
1595	3745919
1596	3752463
1597	3767055
1598	3767260
1599	3767508
1600	3771388
1601	3780475
1602	3781918
1603	3782359
1604	3783352
1605	3784391
1606	3792849
1607	3792956
1608	3796312
1609	3798257
1610	3799071
1611	3800255
1612	3801772
1613	3801810
1614	3802544
1615	3803501
1616	3805815
1617	3810917
1618	3814752
1619	3819097
1620	3819729
1621	3819891
1622	3821392
1623	3821642
1624	3824767
1625	3827907
1626	3828339
1627	3828458
1628	3832377
1629	3835471
1630	3836261
1631	3838213
1632	3839052
1633	3842255
1634	3842284
1635	3843401
1636	3843790
1637	3847622
1638	3853044
1639	3856560
1640	3857024
1641	3858248
1642	3860126
1643	3863195
1644	3863199
1645	3864649
1646	3867699
1647	3868350
1648	3871207
1649	3871327
1650	3873987
1651	3874111
1652	3875529
1653	3876158
1654	3877552
1655	3881056
1656	3886614
1657	3888092
1658	3892414
1659	3894030
1660	3894445
1661	3894520
1662	3896114
1663	3897684
1664	3898158
1665	3898865
1666	3902471
1667	3903574
1668	3905768
1669	3906421
1670	3906758
1671	3907942
1672	3910681
1673	3912057
1674	3916334
1675	3918551
1676	3921389
1677	3921471
1678	3924949
1679	3926621
1680	3927333
1681	3935007
1682	3935681
1683	3936256
1684	3938448
1685	3940179
1686	3941104
1687	3942904
1688	3946923
1689	3948552
1690	3953666
1691	3957107
1692	3959771
1693	3961644
1694	3964216
1695	3966056
1696	3967542
1697	3970025
1698	3984785
1699	3987635
1700	3988564
1701	3990546
1702	3992037
1703	3992362
1704	3993441
1705	3996145
1706	3998427
1707	3999483
1708	3999484
1709	4003055
1710	4004528
1711	4010917
1712	4011756
1713	4035022
1714	4035033
1715	4035054
1716	4036648
1717	4039131
1718	4039145
1719	4039539
1720	4041401
1721	4043544
1722	4044037
1723	4044586
1724	4052789
1725	4055976
1726	4060577
1727	4061180
1728	4064088
1729	4065952
1730	4069611
1731	4071028
1732	4071985
1733	4073574
1734	4073592
1735	4075098
1736	4076394
1737	4076465
1738	4076470
1739	4076509
1740	4076716
1741	4076897
1742	4077282
1743	4077996
1744	4078696
1745	4079334
1746	4084068
1747	4084416
1748	4085343
1749	4085373
1750	4086515
1751	4086621
1752	4087981
1753	4088936
1754	4089466
1755	4116781
1756	4119167
1757	4121158
1758	4122883
1759	4124671
1760	4125809
1761	4126915
1762	4130991
1763	4133739
1764	4133874
1765	4134193
1766	4137629
1767	4139167
1768	4140889
1769	4142796
1770	4144044
1771	4147667
1772	4154003
1773	4155162
1774	4159525
1775	4160500
1776	4162660
1777	4163899
1778	4164783
1779	4173315
1780	4175493
1781	4177322
1782	4178436
1783	4178911
1784	4185378
1785	4187409
1786	4187470
1787	4190553
1788	4191090
1789	4196339
1790	4198049
1791	4198454
1792	4198527
1793	4200074
1794	4200633
1795	4200956
1796	4202271
1797	4204091
1798	4205639
1799	4214500
1800	4216618
1801	4221794
1802	4225384
1803	4226727
1804	4229500
1805	4229745
1806	4231555
1807	4233880
1808	4236379
1809	4238524
1810	4240116
1811	4247172
1812	4248056
1813	4248572
1814	4249158
1815	4250365
1816	4251799
1817	4259955
1818	4262067
1819	4262119
1820	4268333
1821	4268813
1822	4273052
1823	4282680
1824	4285790
1825	4291052
1826	4292861
1827	4295962
1828	4302065
1829	4305257
1830	4307604
1831	4308238
1832	4311339
1833	4314110
1834	4314492
1835	4314751
1836	4316262
1837	4321361
1838	4322930
1839	4333382
1840	4334690
1841	4335014
1842	4349370
1843	4349787
1844	4352203
1845	4353139
1846	4355794
1847	4361737
1848	4363386
1849	4366619
1850	4366789
1851	4366975
1852	4368215
1853	4373976
1854	4374125
1855	4374284
1856	4376399
1857	4378705
1858	4381271
1859	4385866
1860	4395197
1861	4396674
1862	4401675
1863	4401967
1864	4409144
1865	4414899
1866	4415069
1867	4415337
1868	4421380
1869	4421804
1870	4423549
1871	4423626
1872	4425989
1873	4433375
1874	4436134
1875	4447403
1876	4447437
1877	4448537
1878	4452015
1879	4452198
1880	4457193
1881	4457431
1882	4458206
1883	4461337
1884	4462373
1885	4466438
1886	4469245
1887	4470497
1888	4471360
1889	4472332
1890	4478960
1891	4479277
1892	4487342
1893	4489599
1894	4490239
1895	4490761
1896	4490871
1897	4493352
1898	4493751
1899	4493930
1900	4494067
1901	4494068
1902	4495226
1903	4497425
1904	4498462
1905	4506123
1906	4506933
1907	4512402
1908	4512991
1909	4513383
1910	4519485
1911	4521026
1912	4522190
1913	4524107
1914	4526634
1915	4526729
1916	4529699
1917	4534640
1918	4535164
1919	4535929
1920	4536197
1921	4541797
1922	4543110
1923	4543413
1924	4544355
1925	4550144
1926	4550406
1927	4558415
1928	4560533
1929	4565522
1930	4569531
1931	4571825
1932	4573723
1933	4576771
1934	4578994
1935	4586245
1936	4594018
1937	4595408
1938	4595776
1939	4597266
1940	4598784
1941	4602331
1942	4603638
1943	4605137
1944	4607156
1945	4615904
1946	4617719
1947	4618204
1948	4623013
1949	4628777
1950	4630461
1951	4631687
1952	4636025
1953	4640710
1954	4640794
1955	4641042
1956	4645140
1957	4648862
1958	4649681
1959	4654038
1960	4656792
1961	4657545
1962	4659313
1963	4660596
1964	4661615
1965	4662168
1966	4663603
1967	4664722
1968	4665208
1969	4665279
1970	4666114
1971	4668297
1972	4670322
1973	4672244
1974	4676083
1975	4676480
1976	4678932
1977	4688328
1978	4688814
1979	4689855
1980	4695688
1981	4695709
1982	4697549
1983	4698321
1984	4699633
1985	4702512
1986	4704679
1987	4706268
1988	4711659
1989	4714823
1990	4716738
1991	4718439
1992	4723237
1993	4725670
1994	4726632
1995	4730824
1996	4735254
1997	4736294
1998	4737602
1999	4738758
2000	4740361
2001	4740750
2002	4743939
2003	4745689
2004	4749146
2005	4749213
2006	4749235
2007	4759134
2008	4762595
2009	4768405
2010	4768749
2011	4772324
2012	4773776
2013	4775928
2014	4781761
2015	4785775
2016	4790470
2017	4790801
2018	4791019
2019	4796796
2020	4800373
2021	4800903
2022	4808306
2023	4818104
2024	4821164
2025	4823211
2026	4823212
2027	4824029
2028	4824365
