1	1450
2	2136
3	3544
4	3558
5	3560
6	3693
7	3698
8	3792
9	3869
10	3906
11	4140
12	4164
13	9574
14	10783
15	10785
16	12879
17	14317
18	15205
19	16631
20	17726
21	19374
22	21205
23	21894
24	22632
25	23482
26	24157
27	24892
28	25043
29	26634
30	26858
31	28083
32	28161
33	28624
34	33253
35	33583
36	37738
37	37984
38	38161
39	38609
40	42216
41	46016
42	46102
43	46477
44	47198
45	47731
46	48160
47	48278
48	48546
49	48708
50	50888
51	52157
52	54046
53	55642
54	56229
55	56714
56	56952
57	57063
58	57066
59	57331
60	57602
61	57621
62	59121
63	60014
64	60015
65	60359
66	60780
67	61289
68	65542
69	66262
70	67241
71	71549
72	71550
73	72616
74	74743
75	75375
76	76214
77	83652
78	83956
79	87384
80	87402
81	87703
82	144417
83	147109
84	151655
85	153234
86	153925
87	156462
88	156485
89	158845
90	160150
91	163611
92	166263
93	169828
94	174686
95	175368
96	181335
97	182441
98	183372
99	183465
100	183810
101	185319
102	185595
103	185953
104	186497
105	188342
106	189378
107	189563
108	190373
109	190670
110	190671
111	192313
112	192514
113	192515
114	192665
115	192816
116	193712
117	193769
118	193821
119	194993
120	199951
121	200991
122	201725
123	202733
124	203015
125	203028
126	203037
127	203383
128	206416
129	207077
130	208050
131	208663
132	209306
133	209381
134	213917
135	214686
136	216275
137	216779
138	218485
139	220881
140	221268
141	221891
142	221939
143	223554
144	224537
145	224816
146	225617
147	225640
148	226604
149	226885
150	227668
151	228407
152	228574
153	233088
154	234999
155	235365
156	236682
157	238190
158	239506
159	242143
160	247059
161	247872
162	248964
163	252694
164	253008
165	253870
166	254488
167	254877
168	256615
169	257028
170	257183
171	257660
172	258972
173	261168
174	263585
175	266921
176	267661
177	272738
178	274438
179	274439
180	274440
181	275698
182	277035
183	277101
184	277919
185	278857
186	280093
187	281785
188	281936
189	282089
190	282163
191	285190
192	285200
193	285416
194	285446
195	285447
196	285484
197	285487
198	285646
199	285838
200	285883
201	285938
202	286274
203	286856
204	288598
205	289688
206	289843
207	290569
208	290743
209	290769
210	290847
211	290907
212	290922
213	297868
214	297980
215	298089
216	298146
217	300301
218	300307
219	300443
220	300445
221	300577
222	300589
223	304144
224	305686
225	306005
226	306190
227	306314
228	306812
229	306864
230	306974
231	307319
232	308034
233	310061
234	310418
235	310444
236	311241
237	311274
238	311280
239	311352
240	312067
241	312133
242	315845
243	319734
244	319836
245	321428
246	321473
247	321491
248	321733
249	322710
250	324130
251	324838
252	325443
253	325922
254	329853
255	329970
256	330237
257	330306
258	330836
259	331330
260	332829
261	333596
262	334421
263	334485
264	334823
265	334914
266	334949
267	335067
268	335156
269	335167
270	335264
271	335596
272	343284
273	349435
274	351283
275	357920
276	359604
277	360891
278	362998
279	363321
280	365947
281	368230
282	373459
283	373727
284	374489
285	376560
286	382229
287	383722
288	387994
289	388037
290	393265
291	395964
292	397567
293	397620
294	397625
295	399676
296	402935
297	403207
298	407916
299	408728
300	409519
301	409559
302	410120
303	410291
304	413351
305	413606
306	413710
307	415113
308	415250
309	415370
310	415470
311	415532
312	419148
313	421114
314	424120
315	424471
316	424474
317	425136
318	428406
319	428463
320	428513
321	428516
322	428524
323	428545
324	432598
325	432718
326	432824
327	433381
328	434718
329	434737
330	434961
331	435217
332	435332
333	436209
334	437253
335	437620
336	437709
337	439479
338	439809
339	441867
340	442343
341	442526
342	442547
343	442553
344	442610
345	442639
346	442917
347	442920
348	442953
349	443508
350	444095
351	444623
352	446855
353	446880
354	453149
355	453201
356	454778
357	455969
358	456184
359	456322
360	456484
361	457504
362	458139
363	458151
364	458182
365	458305
366	458388
367	458391
368	458403
369	458487
370	458502
371	458565
372	458708
373	458718
374	459552
375	459904
376	460454
377	461943
378	462097
379	464624
380	465016
381	465346
382	465804
383	466051
384	468336
385	472455
386	476136
387	477303
388	479054
389	479218
390	479460
391	489170
392	489662
393	489730
394	491590
395	491685
396	492910
397	496390
398	497048
399	497486
400	497771
401	498274
402	498853
403	498894
404	499051
405	499433
406	499812
407	501844
408	504576
409	504649
410	505296
411	505853
412	506163
413	506434
414	506837
415	514785
416	516386
417	517870
418	517937
419	518500
420	519475
421	521296
422	521408
423	527825
424	528166
425	530044
426	531201
427	531517
428	531561
429	532459
430	533165
431	533767
432	534011
433	535074
434	537130
435	537558
436	538105
437	538108
438	538127
439	538258
440	538279
441	538297
442	538336
443	538417
444	538540
445	538576
446	540331
447	540541
448	540582
449	541652
450	542717
451	543097
452	545581
453	546181
454	548814
455	549155
456	549479
457	549779
458	550052
459	550293
460	552835
461	554616
462	554638
463	554652
464	555233
465	555486
466	555540
467	555616
468	559852
469	561552
470	561849
471	564055
472	566760
473	568329
474	569161
475	569611
476	571450
477	572128
478	573250
479	574831
480	574952
481	575192
482	577398
483	577958
484	578214
485	579489
486	581021
487	581134
488	582760
489	582950
490	583427
491	584738
492	585410
493	588566
494	589127
495	589752
496	589787
497	589788
498	589833
499	589959
500	589971
501	590091
502	590103
503	590168
504	590581
505	590617
506	592175
507	593441
508	594080
509	596328
510	596632
511	596633
512	598825
513	598844
514	599140
515	601686
516	602015
517	603216
518	604471
519	604587
520	606226
521	608022
522	608701
523	613542
524	614389
525	618029
526	618349
527	621185
528	621193
529	621810
530	623958
531	625128
532	626433
533	626495
534	626501
535	626507
536	627148
537	631903
538	637655
539	638241
540	638541
541	638991
542	641951
543	643085
544	643109
545	644180
546	645331
547	645887
548	646070
549	646364
550	650712
551	652417
552	654136
553	656569
554	657802
555	657979
556	658800
557	662854
558	663295
559	663315
560	664143
561	669571
562	670010
563	670410
564	670440
565	671199
566	671393
567	674332
568	674344
569	675995
570	676191
571	676207
572	676261
573	677874
574	679304
575	681367
576	681436
577	681493
578	681593
579	681611
580	681680
581	681688
582	681761
583	682936
584	683332
585	684145
586	684952
587	688588
588	688953
589	689006
590	689046
591	689222
592	689337
593	689653
594	689902
595	689959
596	690312
597	690340
598	690397
599	693902
600	699296
601	699306
602	701951
603	701968
604	702753
605	703516
606	708685
607	708844
608	708868
609	709421
610	729664
611	731846
612	731901
613	732030
614	732101
615	732112
616	738277
617	738506
618	739787
619	739811
620	740006
621	740431
622	740478
623	740576
624	740670
625	741544
626	742594
627	744661
628	745467
629	746496
630	746612
631	750571
632	750739
633	751178
634	751199
635	751401
636	753162
637	754794
638	754959
639	755022
640	755136
641	760698
642	760781
643	760791
644	760797
645	764676
646	772630
647	772648
648	779268
649	779271
650	779292
651	779373
652	779445
653	782554
654	782565
655	783929
656	784431
657	785133
658	786266
659	786581
660	788541
661	789017
662	789328
663	790636
664	791057
665	791156
666	791159
667	794214
668	795183
669	795364
670	819224
671	821210
672	825507
673	825769
674	826004
675	827710
676	828980
677	830234
678	832639
679	832724
680	833491
681	833593
682	833627
683	834297
684	834737
685	836130
686	836198
687	836431
688	836451
689	837187
690	837792
691	837822
692	838294
693	841618
694	841878
695	843140
696	843329
697	843387
698	843521
699	843524
700	843559
701	843946
702	845956
703	874330
704	875532
705	875821
706	875937
707	876736
708	882842
709	882857
710	883768
711	883922
712	883966
713	884624
714	884754
715	884757
716	886354
717	886365
718	886997
719	887509
720	887731
721	888601
722	889826
723	891354
724	892399
725	894268
726	895241
727	895618
728	895622
729	895641
730	896135
731	898460
732	899383
733	900694
734	900726
735	900749
736	903034
737	905349
738	906481
739	908398
740	908697
741	914430
742	915108
743	915239
744	915498
745	915507
746	915620
747	915633
748	915910
749	917455
750	917564
751	917630
752	917729
753	917732
754	917735
755	917769
756	917903
757	918929
758	919074
759	919566
760	920311
761	920896
762	922422
763	922678
764	924166
765	924172
766	924247
767	924394
768	924535
769	924547
770	924689
771	924827
772	924927
773	924945
774	925189
775	926322
776	926328
777	926973
778	927217
779	930110
780	931421
781	936062
782	936075
783	936474
784	938815
785	939484
786	939505
787	940476
788	941240
789	943203
790	945031
791	945305
792	948512
793	952398
794	955979
795	957035
796	958265
797	959469
798	960051
799	960058
800	960297
801	962998
802	963247
803	964274
804	964279
805	964303
806	964710
807	965484
808	966599
809	967320
810	968078
811	968381
812	968445
813	968596
814	968613
815	968730
816	968951
817	969042
818	969294
819	972071
820	977599
821	977978
822	979397
823	981469
824	982790
825	988942
826	991790
827	992285
828	992289
829	992397
830	992466
831	993372
832	993408
833	993442
834	993656
835	993657
836	995642
837	995726
838	998043
839	998724
840	999438
841	999493
842	1000892
843	1002055
844	1002707
845	1003131
846	1005074
847	1007532
848	1009304
849	1011297
850	1011826
851	1013112
852	1016274
853	1017144
854	1017840
855	1017901
856	1018213
857	1018721
858	1022524
859	1023681
860	1024315
861	1024663
862	1025043
863	1025505
864	1035430
865	1035565
866	1035946
867	1036541
868	1038139
869	1038900
870	1039924
871	1046418
872	1047134
873	1047279
874	1047660
875	1048347
876	1048645
877	1049130
878	1051339
879	1056296
880	1056609
881	1056739
882	1057970
883	1059212
884	1059785
885	1060234
886	1061683
887	1065931
888	1066274
889	1070393
890	1072002
891	1072054
892	1075406
893	1076305
894	1076317
895	1076338
896	1076431
897	1076434
898	1078323
899	1078430
900	1078727
901	1078798
902	1079028
903	1079925
904	1080201
905	1081071
906	1081422
907	1081437
908	1083224
909	1084043
910	1084266
911	1085037
912	1085279
913	1086188
914	1086235
915	1086995
916	1088357
917	1088580
918	1091174
919	1093207
920	1093792
921	1094314
922	1094550
923	1095218
924	1095815
925	1097748
926	1098129
927	1099872
928	1101664
929	1101930
930	1103926
931	1104093
932	1104333
933	1106390
934	1106461
935	1106765
936	1107009
937	1107176
938	1107479
939	1108562
940	1108952
941	1109877
942	1110701
943	1111163
944	1112860
945	1117998
946	1118872
947	1122480
948	1125620
949	1125673
950	1126442
951	1127660
952	1128284
953	1129287
954	1131431
955	1132636
956	1132844
957	1133186
958	1133853
959	1134266
960	1135500
961	1135683
962	1137262
963	1137272
964	1139382
965	1139633
966	1139697
967	1140604
968	1141992
969	1146103
970	1149659
971	1154462
972	1154784
973	1156300
974	1156758
975	1160235
976	1167077
977	1167537
978	1167555
979	1167761
980	1168499
981	1168504
982	1168567
983	1169868
984	1170693
985	1170816
986	1172755
987	1172978
988	1173063
989	1173188
990	1173193
991	1173232
992	1173319
993	1173337
994	1173412
995	1173418
996	1173487
997	1173490
998	1173493
999	1174689
1000	1175996
1001	1176442
1002	1176617
1003	1180313
1004	1181415
1005	1181743
1006	1183243
1007	1183670
1008	1184582
1009	1185194
1010	1186756
1011	1187178
1012	1188181
1013	1225671
1014	1225763
1015	1227653
1016	1227771
1017	1227911
1018	1229533
1019	1230159
1020	1230185
1021	1230252
1022	1230258
1023	1230429
1024	1230494
1025	1230513
1026	1230636
1027	1230708
1028	1230831
1029	1231065
1030	1231080
1031	1231086
1032	1231134
1033	1232458
1034	1232570
1035	1234635
1036	1234820
1037	1236733
1038	1237388
1039	1240897
1040	1241945
1041	1242056
1042	1242069
1043	1242882
1044	1242948
1045	1243131
1046	1243316
1047	1243362
1048	1243419
1049	1243486
1050	1243605
1051	1244322
1052	1244401
1053	1244645
1054	1245296
1055	1245381
1056	1246308
1057	1247474
1058	1248573
1059	1250208
1060	1251696
1061	1253408
1062	1255537
1063	1265364
1064	1265388
1065	1265409
1066	1266729
1067	1267223
1068	1268441
1069	1268538
1070	1268645
1071	1268647
1072	1268675
1073	1269045
1074	1269046
1075	1269068
1076	1269078
1077	1271122
1078	1272219
1079	1272262
1080	1290430
1081	1290840
1082	1290913
1083	1291171
1084	1291174
1085	1291473
1086	1291476
1087	1291535
1088	1291569
1089	1291667
1090	1291763
1091	1291927
1092	1292756
1093	1292848
1094	1293491
1095	1293544
1096	1294682
1097	1295261
1098	1295949
1099	1295952
1100	1296489
1101	1296922
1102	1300114
1103	1300269
1104	1301369
1105	1306029
1106	1306414
1107	1307722
1108	1308513
1109	1308572
1110	1309919
1111	1311004
1112	1318059
1113	1321635
1114	1322019
1115	1322668
1116	1324238
1117	1324244
1118	1324479
1119	1324572
1120	1324614
1121	1324878
1122	1325372
1123	1326714
1124	1326824
1125	1327088
1126	1328125
1127	1329655
1128	1332691
1129	1332805
1130	1336704
1131	1338125
1132	1338131
1133	1338263
1134	1338528
1135	1338666
1136	1338768
1137	1339091
1138	1339096
1139	1339098
1140	1339100
1141	1339102
1142	1339251
1143	1339383
1144	1339388
1145	1356270
1146	1357823
1147	1358512
1148	1358532
1149	1358767
1150	1358820
1151	1360704
1152	1362795
1153	1363776
1154	1367459
1155	1370593
1156	1371625
1157	1377270
1158	1377779
1159	1379035
1160	1379550
1161	1381320
1162	1382615
1163	1384564
1164	1385755
1165	1385825
1166	1385991
1167	1386668
1168	1387215
1169	1387297
1170	1387743
1171	1388341
1172	1388843
1173	1389080
1174	1389260
1175	1390861
1176	1391090
1177	1391235
1178	1391313
1179	1391388
1180	1391459
1181	1391480
1182	1393164
1183	1393887
1184	1394253
1185	1395439
1186	1396761
1187	1396903
1188	1398183
1189	1399878
1190	1401055
1191	1402589
1192	1404862
1193	1406522
1194	1407131
1195	1407656
1196	1407752
1197	1407954
1198	1408783
1199	1409516
1200	1409519
1201	1409525
1202	1409666
1203	1409699
1204	1410200
1205	1420261
1206	1420500
1207	1421041
1208	1421146
1209	1421292
1210	1421739
1211	1422006
1212	1423999
1213	1425029
1214	1426818
1215	1427257
1216	1429000
1217	1429850
1218	1432478
1219	1432967
1220	1433222
1221	1433351
1222	1434212
1223	1434758
1224	1435747
1225	1436393
1226	1436454
1227	1437126
1228	1437270
1229	1438019
1230	1438887
1231	1439743
1232	1441011
1233	1442900
1234	1445598
1235	1445719
1236	1445720
1237	1445962
1238	1445965
1239	1445980
1240	1446097
1241	1446109
1242	1446220
1243	1446309
1244	1446310
1245	1446597
1246	1447498
1247	1447771
1248	1448967
1249	1452183
1250	1453176
1251	1453181
1252	1453552
1253	1453611
1254	1454371
1255	1455590
1256	1455927
1257	1458174
1258	1458218
1259	1458519
1260	1459466
1261	1460288
1262	1460941
1263	1461319
1264	1461756
1265	1464223
1266	1465893
1267	1466314
1268	1466341
1269	1466509
1270	1466606
1271	1467901
1272	1468198
1273	1468205
1274	1470027
1275	1471548
1276	1471998
1277	1473266
1278	1476204
1279	1476263
1280	1476268
1281	1476371
1282	1476484
1283	1476588
1284	1476595
1285	1476858
1286	1477693
1287	1478216
1288	1479776
1289	1479981
1290	1480115
1291	1480310
1292	1480798
1293	1483263
1294	1483656
1295	1483667
1296	1484284
1297	1486918
1298	1487070
1299	1487448
1300	1487471
1301	1487576
1302	1487603
1303	1487631
1304	1487669
1305	1487829
1306	1487878
1307	1488199
1308	1488594
1309	1488650
1310	1489613
1311	1489962
1312	1493930
1313	1501117
1314	1502167
1315	1503220
1316	1504197
1317	1504499
1318	1505756
1319	1506491
1320	1507649
1321	1507652
1322	1507946
1323	1509060
1324	1509084
1325	1509093
1326	1509123
1327	1509156
1328	1518359
1329	1519333
1330	1520710
1331	1523539
1332	1524006
1333	1524503
1334	1524539
1335	1525628
1336	1525784
1337	1525787
1338	1525823
1339	1525879
1340	1526025
1341	1526097
1342	1526623
1343	1526641
1344	1527267
1345	1527546
1346	1528036
1347	1530089
1348	1532048
1349	1532675
1350	1533244
1351	1534460
1352	1535002
1353	1535898
1354	1538445
1355	1539305
1356	1542301
1357	1546605
1358	1547321
1359	1547569
1360	1548319
1361	1550481
1362	1551193
1363	1558927
1364	1558954
1365	1560316
1366	1560380
1367	1560404
1368	1560470
1369	1560503
1370	1560515
1371	1562259
1372	1563549
1373	1565191
1374	1566212
1375	1567932
1376	1567943
1377	1574209
1378	1574487
1379	1577218
1380	1578498
1381	1580256
1382	1581033
1383	1581967
1384	1582182
1385	1584279
1386	1584390
1387	1584393
1388	1584396
1389	1584450
1390	1584621
1391	1584630
1392	1584645
1393	1584762
1394	1584765
1395	1584771
1396	1584866
1397	1585002
1398	1585106
1399	1585919
1400	1586433
1401	1587236
1402	1588330
1403	1588375
1404	1589398
1405	1591903
1406	1592561
1407	1594308
1408	1595025
1409	1595102
1410	1595127
1411	1595151
1412	1595157
1413	1595181
1414	1595184
1415	1596232
1416	1596400
1417	1596811
1418	1597051
1419	1599366
1420	1602584
1421	1603895
1422	1605195
1423	1605855
1424	1612580
1425	1614218
1426	1614267
1427	1614347
1428	1614376
1429	1614410
1430	1614673
1431	1615895
1432	1616418
1433	1616773
1434	1617840
1435	1617942
1436	1618113
1437	1618247
1438	1618251
1439	1618254
1440	1620284
1441	1620614
1442	1622661
1443	1624845
1444	1624955
1445	1626232
1446	1627953
1447	1628064
1448	1628065
1449	1628066
1450	1628097
1451	1628098
1452	1628368
1453	1628672
1454	1629445
1455	1629994
1456	1631000
1457	1633810
1458	1635641
1459	1636046
1460	1637400
1461	1638262
1462	1639914
1463	1640146
1464	1640147
1465	1640171
1466	1640852
1467	1640853
1468	1640944
1469	1641428
1470	1641488
1471	1643816
1472	1645237
1473	1645693
1474	1645821
1475	1646149
1476	1646246
1477	1646651
1478	1646836
1479	1647206
1480	1647511
1481	1647561
1482	1647806
1483	1649231
1484	1649501
1485	1649850
1486	1651483
1487	1651556
1488	1652081
1489	1652988
1490	1654267
1491	1654656
1492	1656146
1493	1656366
1494	1656921
1495	1657015
1496	1657100
1497	1657839
1498	1658266
1499	1658505
1500	1659029
1501	1659147
1502	1659149
1503	1659229
1504	1659267
1505	1659294
1506	1659305
1507	1659432
1508	1659437
1509	1659438
1510	1659441
1511	1659599
1512	1659862
1513	1660192
1514	1660510
1515	1662429
1516	1663861
1517	1665034
1518	1665334
1519	1666279
1520	1666333
1521	1666474
1522	1666523
1523	1666907
1524	1667318
1525	1667934
1526	1669468
1527	1669493
1528	1669509
1529	1669701
1530	1669713
1531	1669716
1532	1669776
1533	1669779
1534	1670640
1535	1670643
1536	1670682
1537	1670898
1538	1670952
1539	1670967
1540	1671076
1541	1671078
1542	1671767
1543	1678354
1544	1678560
1545	1678647
1546	1678722
1547	1678866
1548	1688114
1549	1688259
1550	1690317
1551	1690571
1552	1691495
1553	1693198
1554	1693679
1555	1694458
1556	1696021
1557	1696600
1558	1696640
1559	1697573
1560	1697955
1561	1698195
1562	1698331
1563	1698783
1564	1699176
1565	1699738
1566	1701625
1567	1702146
1568	1702378
1569	1703801
1570	1705579
1571	1705918
1572	1707257
1573	1707717
1574	1709727
1575	1710912
1576	1712262
1577	1712645
1578	1713090
1579	1714358
1580	1714359
1581	1714377
1582	1714410
1583	1714473
1584	1716271
1585	1716319
1586	1716391
1587	1716397
1588	1716400
1589	1716602
1590	1716624
1591	1716629
1592	1717726
1593	1718536
1594	1718883
1595	1719238
1596	1719803
1597	1720389
1598	1720681
1599	1722284
1600	1723360
1601	1723502
1602	1726019
1603	1728826
1604	1730333
1605	1730388
1606	1730463
1607	1730523
1608	1730526
1609	1730541
1610	1730571
1611	1730575
1612	1730748
1613	1730751
1614	1733982
1615	1734220
1616	1734599
1617	1734893
1618	1734922
1619	1734992
1620	1735025
1621	1735441
1622	1736583
1623	1737347
1624	1739870
1625	1741437
1626	1742641
1627	1744327
1628	1746163
1629	1754225
1630	1754540
1631	1755955
1632	1766532
1633	1767519
1634	1768463
1635	1768821
1636	1769051
1637	1770522
1638	1771551
1639	1774524
1640	1774811
1641	1775407
1642	1776402
1643	1777331
1644	1782498
1645	1783993
1646	1783998
1647	1786764
1648	1786941
1649	1789540
1650	1790861
1651	1791096
1652	1791171
1653	1791174
1654	1791935
1655	1791938
1656	1791942
1657	1793128
1658	1795861
1659	1796559
1660	1796650
1661	1798776
1662	1799012
1663	1800898
1664	1801646
1665	1801688
1666	1802999
1667	1803126
1668	1803273
1669	1805864
1670	1808698
1671	1809411
1672	1813500
1673	1814151
1674	1814829
1675	1815067
1676	1815536
1677	1816051
1678	1817713
1679	1818267
1680	1818834
1681	1818913
1682	1818944
1683	1819403
1684	1819564
1685	1820232
1686	1821372
1687	1821596
1688	1821781
1689	1823397
1690	1826944
1691	1827124
1692	1827565
1693	1827905
1694	1827914
1695	1828627
1696	1828709
1697	1829714
1698	1833921
1699	1834396
1700	1836507
1701	1838643
1702	1840308
1703	1840762
1704	1844693
1705	1845581
1706	1845668
1707	1846790
1708	1847442
1709	1848798
1710	1848921
1711	1849386
1712	1849517
1713	1850511
1714	1852006
1715	1852058
1716	1853659
1717	1853719
1718	1853792
1719	1854364
1720	1854396
1721	1854445
1722	1854643
1723	1854650
1724	1854760
1725	1854790
1726	1854843
1727	1855152
1728	1855154
1729	1855156
1730	1855200
1731	1856876
1732	1857338
1733	1857673
1734	1859771
1735	1859925
1736	1860063
1737	1861450
1738	1861696
1739	1862159
1740	1864458
1741	1865988
1742	1866413
1743	1869154
1744	1871336
1745	1871892
1746	1872016
1747	1872601
1748	1873720
1749	1874463
1750	1877515
1751	1877778
1752	1878387
1753	1878427
1754	1878498
1755	1878504
1756	1878577
1757	1878624
1758	1879081
1759	1884052
1760	1884170
1761	1885390
1762	1886624
1763	1887928
1764	1892486
1765	1893871
1766	1893961
1767	1893973
1768	1893991
1769	1894003
1770	1894005
1771	1894090
1772	1894145
1773	1894155
1774	1894156
1775	1894159
1776	1895540
1777	1895692
1778	1896338
1779	1896810
1780	1896824
1781	1897130
1782	1897248
1783	1898384
1784	1899488
1785	1899490
1786	1900831
1787	1900949
1788	1901370
1789	1901710
1790	1905910
1791	1909050
1792	1914622
1793	1914872
1794	1914912
1795	1916274
1796	1916779
1797	1917139
1798	1917801
1799	1918435
1800	1919387
1801	1921246
1802	1922362
1803	1923263
1804	1924598
1805	1924806
1806	1925312
1807	1925414
1808	1925423
1809	1925948
1810	1926587
1811	1927098
1812	1927982
1813	1929390
1814	1929666
1815	1931458
1816	1935330
1817	1936059
1818	1936851
1819	1936863
1820	1936882
1821	1936905
1822	1936944
1823	1936946
1824	1937134
1825	1938239
1826	1942743
1827	1942977
1828	1943376
1829	1943703
1830	1945991
1831	1946262
1832	1947185
1833	1953073
1834	1956634
1835	1957633
1836	1957702
1837	1958037
1838	1966902
1839	1973999
1840	1974166
1841	1978342
1842	1979458
1843	1979494
1844	1979497
1845	1980843
1846	1981439
