1	3205
2	5476
3	6187
4	6939
5	7570
6	7820
7	8869
8	9297
9	9712
10	9719
11	11067
12	14797
13	18722
14	18952
15	19529
16	20564
17	21644
18	21835
19	21943
20	22087
21	22134
22	22177
23	24174
24	27758
25	30574
26	31819
27	31824
28	31865
29	33373
30	33733
31	35867
32	38308
33	38809
34	39269
35	42859
36	46170
37	54442
38	55545
39	55916
40	56544
41	59688
42	60546
43	62464
44	62556
45	64124
46	64475
47	66198
48	66739
49	67345
50	67577
51	68635
52	71935
53	74679
54	74703
55	74833
56	80189
57	80908
58	80956
59	80957
60	81526
61	84812
62	85023
63	85792
64	85856
65	88691
66	88696
67	88860
68	92466
69	96859
70	97380
71	97685
72	98053
73	98509
74	98872
75	100088
76	100174
77	102340
78	104743
79	106381
80	107365
81	108573
82	115290
83	116358
84	116387
85	118646
86	119063
87	119597
88	124361
89	125125
90	147437
91	147699
92	148158
93	148288
94	148302
95	148939
96	149111
97	149767
98	149930
99	150585
100	162692
101	163064
102	163894
103	164241
104	166847
105	167384
106	168512
107	172104
108	174038
109	175817
110	178055
111	178928
112	179118
113	180618
114	180663
115	180729
116	181742
117	182389
118	185327
119	186999
120	188273
121	188287
122	188356
123	188563
124	188664
125	190090
126	191242
127	192483
128	192705
129	193315
130	193408
131	195070
132	195497
133	198234
134	199071
135	200551
136	206587
137	206832
138	206980
139	207261
140	219513
141	219927
142	222394
143	229759
144	230381
145	230789
146	230871
147	231114
148	231388
149	232356
150	232728
151	233931
152	233955
153	235210
154	236079
155	236179
156	239285
157	243053
158	243124
159	243895
160	246545
161	247352
162	248337
163	249646
164	250408
165	252829
166	253466
167	254506
168	255076
169	256563
170	258458
171	260708
172	262039
173	262636
174	263553
175	264386
176	265054
177	266329
178	267023
179	268419
180	269948
181	271767
182	271774
183	271784
184	272322
185	272370
186	274036
187	275654
188	276746
189	278866
190	279516
191	279789
192	285073
193	285221
194	288198
195	290506
196	290820
197	290829
198	296109
199	297298
200	297818
201	300849
202	303364
203	305494
204	305811
205	307052
206	307799
207	307851
208	308819
209	310643
210	313353
211	314354
212	315925
213	318884
214	319563
215	320730
216	320953
217	321115
218	321306
219	323730
220	325329
221	326015
222	327237
223	329372
224	331943
225	334669
226	334968
227	336846
228	337114
229	337681
230	338679
231	340703
232	341282
233	341465
234	341547
235	343256
236	345825
237	345858
238	345994
239	346242
240	347939
241	348124
242	348263
243	348894
244	349879
245	355997
246	356455
247	357088
248	358017
249	362586
250	362977
251	364709
252	364864
253	366425
254	366485
255	366575
256	369215
257	374267
258	376984
259	378968
260	378969
261	379777
262	382648
263	385077
264	387751
265	388600
266	389472
267	391752
268	391844
269	391943
270	392227
271	392470
272	392496
273	392820
274	392886
275	396063
276	396723
277	398851
278	402055
279	403066
280	404652
281	405381
282	409295
283	409375
284	412235
285	414530
286	415706
287	416228
288	416229
289	417930
290	418414
291	419073
292	419800
293	420697
294	423830
295	424078
296	424148
297	424369
298	426942
299	427482
300	431611
301	432582
302	434303
303	434377
304	436253
305	437555
306	438169
307	438684
308	440668
309	446838
310	450796
311	453000
312	453355
313	457785
314	459865
315	461707
316	463596
317	463863
318	464059
319	464089
320	464660
321	469791
322	469793
323	474149
324	474659
325	477864
326	478520
327	479368
328	482326
329	482465
330	484822
331	486139
332	487861
333	493633
334	498811
335	502429
336	506446
337	506940
338	507471
339	507505
340	511155
341	512444
342	512707
343	515316
344	517802
345	519644
346	520776
347	522903
348	524504
349	525943
350	526395
351	527670
352	529743
353	530216
354	530503
355	531925
356	532392
357	533248
358	534860
359	535557
360	535678
361	537153
362	539705
363	539760
364	541913
365	543792
366	544527
367	545480
368	548491
369	551373
370	555259
371	555384
372	556157
373	556696
374	560548
375	560743
376	561079
377	572559
378	578776
379	582206
380	582711
381	583356
382	586088
383	586829
384	587844
385	589107
386	589458
387	589821
388	590050
389	591152
390	593237
391	594141
392	595591
393	595655
394	595714
395	596226
396	596774
397	597753
398	598568
399	599277
400	600169
401	604471
402	604927
403	606326
404	606327
405	606693
406	607550
407	608758
408	610813
409	611119
410	612239
411	613126
412	613249
413	614499
414	614514
415	615766
416	618719
417	618998
418	620661
419	622789
420	625141
421	625546
422	626612
423	630486
424	633092
425	633224
426	636111
427	636445
428	636886
429	637033
430	638359
431	641046
432	641149
433	647980
434	649626
435	650133
436	654938
437	655982
438	656309
439	657255
440	657563
441	657637
442	661045
443	661740
444	661870
445	664246
446	665291
447	666450
448	667485
449	668119
450	668401
451	668585
452	669603
453	670505
454	673766
455	674081
456	682267
457	685304
458	685651
459	686022
460	688339
461	694247
462	695500
463	696499
464	697849
465	699259
466	700379
467	701081
468	701921
469	702719
470	703290
471	705882
472	706173
473	706629
474	707027
475	709933
476	709990
477	710315
478	711939
479	713525
480	715011
481	715552
482	715716
483	716992
484	719918
485	720536
486	725769
487	729506
488	729823
489	730682
490	731957
491	732166
492	733301
493	733508
494	734888
495	736302
496	736591
497	737077
498	737078
499	739867
500	741769
501	743653
502	746118
503	746609
504	746610
505	749005
506	750555
507	753050
508	753802
509	754357
510	755208
511	755360
512	758156
513	761384
514	766571
515	767185
516	768792
517	769849
518	770718
519	773314
520	774074
521	774932
522	775482
523	775632
524	780204
525	781377
526	781962
527	782111
528	786207
529	786869
530	787404
531	789032
532	790851
533	792127
534	793504
535	794884
536	796278
537	796986
538	798188
539	798497
540	804181
541	807190
542	808014
543	808602
544	808805
545	809087
546	812536
547	818240
548	819520
549	822089
550	826000
551	827773
552	830733
553	832639
554	832779
555	832903
556	832918
557	832938
558	832939
559	832951
560	833012
561	833055
562	836832
563	837863
564	837982
565	838748
566	838803
567	839223
568	839553
569	840365
570	843166
571	845581
572	846257
573	849716
574	849784
575	849787
576	850145
577	852957
578	852993
579	853109
580	853361
581	853398
582	853401
583	855250
584	856148
585	857407
586	858495
587	860151
588	860940
589	862304
590	865006
591	865048
592	865797
593	868651
594	869074
595	869773
596	871014
597	872408
598	874191
599	874785
600	875005
601	875144
602	877001
603	877853
604	878721
605	878873
606	880975
607	881592
608	882878
609	885171
610	885679
611	886117
612	890726
613	891489
614	892646
615	892684
616	892817
617	893598
618	898369
619	899101
620	900048
621	903554
622	908388
623	909061
624	909715
625	911017
626	913409
627	915133
628	916478
629	922299
630	922469
631	923669
632	925933
633	925978
634	926656
635	930298
636	932717
637	934103
638	934477
639	934946
640	935690
641	935736
642	935871
643	936875
644	937820
645	938060
646	940223
647	941268
648	941459
649	941691
650	942585
651	942691
652	942882
653	944768
654	947004
655	948354
656	948769
657	948838
658	951035
659	951692
660	951694
661	951905
662	952034
663	953397
664	954332
665	955631
666	956917
667	957506
668	959023
669	960155
670	960351
671	961598
672	961721
673	964329
674	964482
675	964679
676	965882
677	967468
678	967731
679	967914
680	969921
681	969989
682	971285
683	971581
684	972107
685	973249
686	975272
687	975542
688	976338
689	976902
690	981532
691	982713
692	983257
693	983269
694	983572
695	983863
696	983893
697	984145
698	986657
699	989311
700	989390
701	989427
702	989771
703	991204
704	993612
705	996054
706	996762
707	997129
708	997276
709	997433
710	998385
711	998691
712	1001738
713	1003997
714	1007302
715	1007399
716	1007498
717	1008819
718	1009043
719	1009118
720	1011432
721	1015798
722	1016858
723	1017926
724	1021082
725	1022428
726	1023786
727	1024029
728	1025322
729	1025896
730	1026757
731	1027086
732	1027267
733	1027550
734	1029641
735	1030267
736	1030836
737	1032179
738	1034667
739	1035802
740	1036089
741	1039516
742	1039744
743	1040238
744	1040904
745	1041227
746	1042579
747	1046936
748	1053433
749	1054654
750	1055503
751	1056109
752	1061795
753	1061973
754	1062368
755	1062754
756	1063077
757	1063644
758	1067627
759	1070093
760	1071417
761	1071842
762	1072407
763	1074535
764	1075482
765	1075602
766	1077533
767	1077814
768	1078385
769	1078635
770	1080251
771	1081600
772	1083727
773	1084752
774	1085443
775	1085787
776	1087623
777	1088249
778	1092917
779	1093558
780	1093846
781	1094775
782	1095063
783	1095082
784	1095102
785	1095371
786	1103111
787	1104137
788	1104138
789	1107694
790	1109178
791	1109507
792	1110510
793	1113271
794	1114875
795	1116089
796	1116674
797	1117346
798	1117364
799	1117808
800	1118948
801	1119197
802	1119652
803	1119689
804	1120826
805	1122140
806	1123133
807	1123172
808	1124493
809	1125907
810	1127537
811	1131006
812	1131662
813	1132277
814	1133560
815	1134513
816	1134961
817	1135866
818	1135956
819	1136186
820	1136872
821	1136963
822	1137663
823	1138312
824	1138760
825	1138898
826	1138899
827	1141449
828	1141528
829	1143030
830	1143090
831	1145168
832	1150173
833	1150262
834	1150401
835	1150541
836	1154313
837	1154331
838	1154347
839	1154371
840	1154386
841	1154482
842	1154485
843	1154496
844	1154512
845	1154590
846	1154855
847	1155247
848	1155606
849	1159642
850	1159817
851	1160509
852	1163980
853	1165100
854	1166272
855	1167629
856	1168682
857	1169215
858	1170559
859	1171149
860	1171597
861	1172724
862	1173155
863	1173968
864	1175364
865	1175479
866	1176456
867	1178096
868	1178203
869	1178474
870	1178496
871	1178781
872	1179386
873	1180666
874	1180962
875	1181122
876	1182279
877	1183905
878	1184802
879	1185293
880	1185609
881	1187677
882	1187880
883	1188684
884	1188949
885	1189518
886	1190986
887	1191333
888	1191338
889	1193047
890	1193061
891	1194216
892	1194327
893	1195144
894	1196161
895	1196703
896	1198105
897	1199151
898	1199551
899	1199769
900	1199817
901	1200071
902	1200281
903	1201057
904	1201228
905	1202851
906	1208437
907	1208719
908	1209657
909	1210991
910	1212322
911	1214583
912	1215914
913	1219396
914	1220709
915	1222587
916	1223279
917	1224069
918	1224521
919	1227515
920	1229159
921	1230875
922	1231873
923	1233036
924	1233588
925	1240976
926	1241202
927	1243949
928	1244567
929	1248934
930	1249105
931	1250070
932	1252514
933	1253033
934	1254451
935	1255546
936	1256831
937	1260764
938	1260911
939	1261212
940	1261819
941	1263426
942	1265520
943	1267756
944	1267794
945	1275204
946	1275803
947	1280385
948	1281401
949	1281882
950	1285612
951	1286773
952	1287791
953	1294777
954	1295385
955	1298327
956	1298503
957	1298508
958	1298511
959	1298571
960	1319163
961	1320505
962	1320551
963	1323170
964	1323273
965	1327421
966	1329471
967	1332182
968	1332496
969	1335314
970	1336043
971	1336076
972	1336373
973	1336469
974	1337064
975	1338344
976	1338819
977	1341760
978	1342517
979	1343315
980	1347489
981	1348778
982	1355392
983	1357248
984	1358096
985	1358945
986	1360542
987	1361072
988	1364022
989	1364086
990	1364847
991	1366437
992	1367799
993	1369069
994	1370282
995	1370411
996	1371657
997	1371695
998	1371699
999	1374616
1000	1377387
1001	1377790
1002	1378400
1003	1381341
1004	1381728
1005	1383144
1006	1383166
1007	1384120
1008	1388766
1009	1388788
1010	1390759
1011	1391973
1012	1396074
1013	1400892
1014	1401282
1015	1403798
1016	1406082
1017	1406439
1018	1407070
1019	1407314
1020	1407530
1021	1408535
1022	1408980
1023	1409711
1024	1409936
1025	1414703
1026	1416864
1027	1419122
1028	1421208
1029	1422782
1030	1423965
1031	1425683
1032	1425710
1033	1426836
1034	1431426
1035	1437281
1036	1440970
1037	1442565
1038	1444256
1039	1444266
1040	1447981
1041	1448485
1042	1452853
1043	1453215
1044	1454676
1045	1456278
1046	1456423
1047	1458128
1048	1458688
1049	1458736
1050	1460984
1051	1461451
1052	1462046
1053	1465346
1054	1466821
1055	1467070
1056	1468403
1057	1473652
1058	1473721
1059	1473788
1060	1473841
1061	1475642
1062	1475776
1063	1476663
1064	1476801
1065	1477183
1066	1477514
1067	1478286
1068	1478373
1069	1478410
1070	1478850
1071	1479399
1072	1479765
1073	1480182
1074	1481028
1075	1482932
1076	1483099
1077	1485521
1078	1485527
1079	1485530
1080	1486791
1081	1487977
1082	1488462
1083	1488615
1084	1489014
1085	1490921
1086	1493886
1087	1494358
1088	1495444
1089	1495970
1090	1496797
1091	1498046
1092	1498392
1093	1498674
1094	1499495
1095	1500552
1096	1502793
1097	1504916
1098	1505245
1099	1505676
1100	1506088
1101	1507634
1102	1508360
1103	1509280
1104	1510543
1105	1514257
1106	1514755
1107	1515572
1108	1517536
1109	1517620
1110	1520000
1111	1522188
1112	1522975
1113	1524788
1114	1524924
1115	1525091
1116	1527415
1117	1528511
1118	1528622
1119	1529040
1120	1530313
1121	1530681
1122	1532459
1123	1534418
1124	1535739
1125	1536067
1126	1536416
1127	1538134
1128	1538630
1129	1543519
1130	1543755
1131	1546798
1132	1547655
1133	1548305
1134	1549044
1135	1549270
1136	1549538
1137	1550709
1138	1553696
1139	1554901
1140	1555865
1141	1556621
1142	1556698
1143	1557230
1144	1557234
1145	1557663
1146	1557938
1147	1559500
1148	1559865
1149	1559868
1150	1560407
1151	1561767
1152	1562889
1153	1563149
1154	1563229
1155	1563609
1156	1563746
1157	1564923
1158	1564963
1159	1564967
1160	1565319
1161	1565526
1162	1566233
1163	1569309
1164	1569790
1165	1570422
1166	1574151
1167	1575408
1168	1576072
1169	1577422
1170	1578599
1171	1578987
1172	1579164
1173	1579619
1174	1580923
1175	1581350
1176	1581941
1177	1585585
1178	1589411
1179	1591124
1180	1591244
1181	1595651
1182	1597172
1183	1597472
1184	1599613
1185	1599616
1186	1600711
1187	1600906
1188	1601569
1189	1603121
1190	1603982
1191	1604257
1192	1604338
1193	1604482
1194	1607925
1195	1607936
1196	1607937
1197	1608162
1198	1609332
1199	1613409
1200	1615339
1201	1616082
1202	1616913
1203	1617090
1204	1617291
1205	1617441
1206	1617444
1207	1617598
1208	1617651
1209	1617652
1210	1617825
1211	1617826
1212	1617867
1213	1617869
1214	1617987
1215	1617988
1216	1618003
1217	1618356
1218	1618464
1219	1618470
1220	1618501
1221	1618708
1222	1619043
1223	1619130
1224	1619796
1225	1620820
1226	1623492
1227	1623871
1228	1628093
1229	1628502
1230	1629139
1231	1629985
1232	1630577
1233	1631590
1234	1633551
1235	1634106
1236	1635824
1237	1636104
1238	1636442
1239	1637279
1240	1637334
1241	1638379
1242	1638797
1243	1639544
1244	1640536
1245	1640694
1246	1640707
1247	1640828
1248	1640857
1249	1641544
1250	1642449
1251	1642722
1252	1646367
1253	1647732
1254	1647803
1255	1647848
1256	1647936
1257	1649136
1258	1649360
1259	1650066
1260	1650083
1261	1652732
1262	1652917
1263	1653577
1264	1656111
1265	1656843
1266	1658110
1267	1658178
1268	1659501
1269	1659666
1270	1660680
1271	1661767
1272	1662277
1273	1662414
1274	1665060
1275	1666331
1276	1666354
1277	1666895
1278	1668945
1279	1671530
1280	1673490
1281	1673674
1282	1675099
1283	1675901
1284	1677029
1285	1680388
1286	1682653
1287	1683508
1288	1683715
1289	1684624
1290	1686079
1291	1687301
1292	1687498
1293	1692378
1294	1692697
1295	1695209
1296	1695798
1297	1696894
1298	1698800
1299	1699296
1300	1705120
1301	1708659
1302	1709263
1303	1711525
1304	1712980
1305	1713519
1306	1716452
1307	1717040
1308	1718979
1309	1721114
1310	1722413
1311	1722789
1312	1723551
1313	1724564
1314	1725489
1315	1727891
1316	1729434
1317	1731817
1318	1732427
1319	1734127
1320	1736926
1321	1737612
1322	1740438
1323	1740805
1324	1741060
1325	1741936
1326	1745603
1327	1746680
1328	1746939
1329	1747145
1330	1747378
1331	1747569
1332	1749042
1333	1749622
1334	1749898
1335	1755954
1336	1755979
1337	1756508
1338	1757512
1339	1761476
1340	1762056
1341	1762059
1342	1762336
1343	1762355
1344	1763146
1345	1765130
1346	1765575
1347	1766036
1348	1766185
1349	1766369
1350	1767203
1351	1767251
1352	1767451
1353	1768252
1354	1769409
1355	1770949
1356	1771109
1357	1771117
1358	1771130
1359	1772504
1360	1772505
1361	1772516
1362	1772588
1363	1772606
1364	1772609
1365	1772610
1366	1772615
1367	1772624
1368	1772631
1369	1772722
1370	1772741
1371	1772834
1372	1773099
1373	1773211
1374	1773302
1375	1773352
1376	1774263
1377	1775576
1378	1775690
1379	1776082
1380	1776572
1381	1777535
1382	1777591
1383	1777606
1384	1779116
1385	1779158
1386	1779608
1387	1779658
1388	1780082
1389	1780098
1390	1780483
1391	1781154
1392	1781591
1393	1781647
1394	1782224
1395	1782589
1396	1783656
1397	1784256
1398	1784547
1399	1785721
1400	1786261
1401	1788632
1402	1791027
1403	1792748
1404	1794383
1405	1794855
1406	1795622
1407	1796819
1408	1797866
1409	1798411
1410	1799253
1411	1799442
1412	1799552
1413	1799811
1414	1800267
1415	1800845
1416	1800857
1417	1801095
1418	1802900
1419	1807699
1420	1809334
1421	1810279
1422	1811183
1423	1815664
1424	1816374
1425	1818970
1426	1820869
1427	1824732
1428	1825871
1429	1826564
1430	1826605
1431	1826992
1432	1829016
1433	1829192
1434	1829526
1435	1829545
1436	1829727
1437	1829778
1438	1832186
1439	1832808
1440	1833020
1441	1833793
1442	1835390
1443	1837767
1444	1838046
1445	1838047
1446	1838459
1447	1841679
1448	1841755
1449	1842219
1450	1843671
1451	1844283
1452	1845457
1453	1845593
1454	1845808
1455	1847020
1456	1847054
1457	1847400
1458	1850535
1459	1851422
1460	1852261
1461	1852743
1462	1853700
1463	1855400
1464	1855503
1465	1855739
1466	1856119
1467	1856254
1468	1858180
1469	1858408
1470	1858799
1471	1858826
1472	1862939
1473	1863210
1474	1865912
1475	1867265
1476	1869401
1477	1871113
1478	1871728
1479	1872673
1480	1872870
1481	1873863
1482	1877856
1483	1878437
1484	1879176
1485	1881808
1486	1883866
1487	1884739
1488	1885902
1489	1885986
1490	1886044
1491	1887050
1492	1887722
1493	1889109
1494	1889601
1495	1890532
1496	1891414
1497	1891877
1498	1893497
1499	1893873
1500	1894609
1501	1897716
1502	1898450
1503	1900042
1504	1901337
1505	1903686
1506	1906772
1507	1909516
1508	1910976
1509	1911587
1510	1913726
1511	1915634
1512	1916355
1513	1917048
1514	1920008
1515	1926042
1516	1926583
1517	1927302
1518	1930393
1519	1933887
1520	1936840
1521	1937043
1522	1938177
1523	1940346
1524	1942225
1525	1948482
1526	1950125
1527	1951973
1528	1953449
1529	1953982
1530	1956252
1531	1959402
1532	1959840
1533	1959917
1534	1959942
1535	1960297
1536	1960302
1537	1960431
1538	1960479
1539	1960500
1540	1960614
1541	1962734
1542	1963590
1543	1965129
1544	1965133
1545	1966334
1546	1967098
1547	1967788
1548	1968443
1549	1968545
1550	1970804
1551	1971813
1552	1974017
1553	1974038
1554	1974062
1555	1974158
1556	1974432
1557	1976146
1558	1977163
1559	1981719
1560	1984122
1561	1984919
1562	1985052
1563	1985066
1564	1985090
1565	1988131
1566	1989905
1567	1990810
1568	1991371
1569	1993617
1570	1994108
1571	1997695
1572	1999339
1573	1999647
1574	2004328
1575	2006617
1576	2010334
1577	2011490
1578	2012688
1579	2016115
1580	2019501
1581	2020753
1582	2023661
1583	2024149
1584	2024174
1585	2024185
1586	2024959
1587	2025793
1588	2025799
1589	2027575
1590	2029092
1591	2029643
1592	2029751
1593	2030399
1594	2030432
1595	2037957
1596	2038999
1597	2039024
1598	2040244
1599	2040591
1600	2040869
1601	2041426
1602	2042182
1603	2043212
1604	2043420
1605	2047508
1606	2049775
1607	2050279
1608	2051674
1609	2052985
1610	2053083
1611	2053176
1612	2054692
1613	2055330
1614	2056087
1615	2056509
1616	2056746
1617	2058182
1618	2058906
1619	2059992
1620	2061670
1621	2063209
1622	2063704
1623	2064125
1624	2065375
1625	2065895
1626	2065905
1627	2065909
1628	2067949
1629	2067974
1630	2071203
1631	2071521
1632	2072136
1633	2075861
1634	2075893
1635	2078197
1636	2078877
1637	2079089
1638	2081301
1639	2085055
1640	2086702
1641	2087166
1642	2087653
1643	2087764
1644	2088809
1645	2088882
1646	2088890
1647	2090108
1648	2090176
1649	2090199
1650	2090272
1651	2091390
1652	2093122
1653	2093463
1654	2094507
1655	2095537
1656	2096155
1657	2097207
1658	2097483
1659	2099063
1660	2100171
1661	2103934
1662	2106097
1663	2106658
1664	2108502
1665	2109573
1666	2109710
1667	2110574
1668	2112758
1669	2114774
1670	2114977
1671	2115000
1672	2117936
1673	2119285
1674	2120628
1675	2121604
1676	2122058
1677	2122199
1678	2124357
1679	2128516
1680	2129117
1681	2130178
1682	2130385
1683	2132624
1684	2139507
1685	2139595
1686	2140423
1687	2140551
1688	2144464
1689	2145261
1690	2145351
1691	2146239
1692	2146729
1693	2150233
1694	2150723
1695	2151552
1696	2151705
1697	2152037
1698	2153573
1699	2153785
1700	2154805
1701	2154895
1702	2155014
1703	2155839
1704	2155921
1705	2156665
1706	2158393
1707	2158764
1708	2161237
1709	2164573
1710	2170817
1711	2171531
1712	2173412
1713	2173823
1714	2173842
1715	2174043
1716	2174195
1717	2174608
1718	2174623
1719	2174874
1720	2175203
1721	2175689
1722	2175886
1723	2176323
1724	2177818
1725	2178099
1726	2178354
1727	2178385
1728	2178408
1729	2178560
1730	2179286
1731	2179316
1732	2179640
1733	2180495
1734	2180906
1735	2182389
1736	2182438
1737	2183256
1738	2183521
1739	2183870
1740	2184262
1741	2184403
1742	2184517
1743	2185904
1744	2186913
1745	2187274
1746	2188214
1747	2189001
1748	2189801
1749	2189957
1750	2191162
1751	2191475
1752	2191828
1753	2192221
1754	2192563
1755	2193197
1756	2194797
1757	2196461
1758	2198082
1759	2200086
1760	2200572
1761	2200752
1762	2201201
1763	2203173
1764	2204905
1765	2205306
1766	2208108
1767	2209484
1768	2209836
1769	2210567
1770	2212358
1771	2212436
1772	2214691
1773	2214710
1774	2215437
1775	2215610
1776	2216640
1777	2219378
1778	2219382
1779	2219647
1780	2219910
1781	2220909
1782	2221191
1783	2221568
1784	2221620
1785	2221708
1786	2221709
1787	2222093
1788	2223241
1789	2223261
1790	2223888
1791	2223923
1792	2225252
1793	2225714
1794	2226350
1795	2229692
1796	2229693
1797	2229728
1798	2232939
1799	2234989
1800	2235153
1801	2235262
1802	2236652
1803	2236987
1804	2237936
1805	2239387
1806	2239509
1807	2241335
1808	2242386
1809	2243312
1810	2243932
1811	2247488
1812	2247581
1813	2248082
1814	2248639
1815	2249066
1816	2250839
1817	2257167
1818	2257746
1819	2258238
1820	2258402
1821	2258562
1822	2260026
1823	2260284
1824	2263757
1825	2265941
1826	2270266
1827	2270443
1828	2271178
1829	2271929
1830	2272162
1831	2272163
1832	2272544
1833	2273694
1834	2274308
1835	2275117
1836	2275373
1837	2277597
1838	2279438
1839	2279548
1840	2282498
1841	2284860
1842	2286203
1843	2287956
1844	2289534
1845	2295296
1846	2295761
1847	2295855
1848	2296496
1849	2297723
1850	2298280
1851	2298285
1852	2300905
1853	2301637
1854	2301688
1855	2301743
1856	2305163
1857	2305906
1858	2306777
1859	2306941
1860	2307666
1861	2307779
1862	2307793
1863	2307833
1864	2307859
1865	2308217
1866	2308284
1867	2308291
1868	2308371
1869	2308428
1870	2308464
1871	2308467
1872	2309259
1873	2309331
1874	2309438
1875	2309527
1876	2309924
1877	2309934
1878	2309973
1879	2310210
1880	2310279
1881	2310297
1882	2310520
1883	2311044
1884	2311228
1885	2311551
1886	2311602
1887	2311658
1888	2313452
1889	2316532
1890	2317542
1891	2318936
1892	2319443
1893	2319925
1894	2321346
1895	2321777
1896	2323491
1897	2323951
1898	2324808
1899	2324959
1900	2324960
1901	2325944
1902	2327476
1903	2328388
1904	2329091
1905	2331724
1906	2332356
1907	2333876
1908	2335054
1909	2336626
1910	2337900
1911	2338389
1912	2338895
1913	2340147
1914	2341313
1915	2341833
1916	2342876
1917	2343970
1918	2344234
1919	2344410
1920	2345499
1921	2345924
1922	2346015
1923	2347000
1924	2348964
1925	2350726
1926	2351295
1927	2353968
1928	2354412
1929	2354467
1930	2354670
1931	2355035
1932	2357165
1933	2357520
1934	2357741
1935	2357751
1936	2362719
1937	2363382
1938	2363671
1939	2367350
1940	2368174
1941	2370744
1942	2371593
1943	2371647
1944	2372525
1945	2372563
1946	2372841
1947	2374864
1948	2375289
1949	2375489
1950	2377212
1951	2377907
1952	2378436
1953	2379649
1954	2379890
1955	2382266
1956	2382279
1957	2383265
1958	2383408
1959	2383489
1960	2385403
1961	2388489
1962	2388928
1963	2388937
1964	2390713
1965	2391927
1966	2393845
1967	2393875
1968	2394514
1969	2394540
1970	2396720
1971	2396992
1972	2397174
1973	2397233
1974	2399892
1975	2400096
1976	2400384
1977	2400972
1978	2401673
1979	2401885
1980	2402807
1981	2403357
1982	2404070
1983	2404078
1984	2404340
1985	2404756
1986	2406548
1987	2406777
1988	2407216
1989	2407452
1990	2407754
1991	2407901
1992	2408343
1993	2408711
1994	2409956
1995	2411131
1996	2413289
1997	2415253
1998	2415625
1999	2415794
2000	2417380
2001	2418156
2002	2420267
2003	2421391
2004	2422024
2005	2423485
2006	2423607
2007	2425364
2008	2425540
2009	2425603
2010	2425934
2011	2426281
2012	2429451
2013	2430501
2014	2430720
2015	2430866
2016	2431283
2017	2432580
2018	2433679
2019	2435312
2020	2437248
2021	2438112
2022	2438801
2023	2440146
2024	2442169
2025	2443621
2026	2445140
2027	2445144
2028	2445146
2029	2445161
2030	2445199
2031	2445293
2032	2447000
2033	2447878
2034	2448052
2035	2448449
2036	2449054
2037	2449228
2038	2449383
2039	2449873
2040	2450133
2041	2450575
2042	2450811
2043	2450816
2044	2451476
2045	2451982
2046	2452324
2047	2452362
2048	2452749
2049	2454064
2050	2454319
2051	2455162
2052	2455164
2053	2455205
2054	2455442
2055	2456076
2056	2457146
2057	2457346
2058	2458063
2059	2459736
2060	2460735
2061	2461033
2062	2461616
2063	2461965
2064	2463650
2065	2464518
2066	2464642
2067	2467288
2068	2469214
2069	2469769
2070	2471781
2071	2471789
2072	2471840
2073	2472092
2074	2473743
2075	2474049
2076	2474378
2077	2474995
2078	2477337
2079	2477362
2080	2478308
2081	2478732
2082	2478793
2083	2479155
2084	2480312
2085	2480752
2086	2481147
2087	2484822
2088	2486251
2089	2486482
2090	2486755
2091	2486901
2092	2486966
2093	2487800
2094	2488182
2095	2489884
2096	2490359
2097	2490676
2098	2490833
2099	2490842
2100	2490860
2101	2491417
2102	2492688
2103	2493149
2104	2493349
2105	2495930
2106	2498852
2107	2498928
2108	2500703
2109	2501593
2110	2506234
2111	2506470
2112	2507390
2113	2507409
2114	2508947
2115	2508970
2116	2512998
2117	2513245
2118	2513246
2119	2513344
2120	2516818
2121	2516911
2122	2517064
2123	2517148
2124	2519197
2125	2519708
2126	2521159
2127	2521704
2128	2522672
2129	2525337
2130	2525487
2131	2525609
2132	2529503
2133	2529955
2134	2531260
2135	2531261
2136	2531490
2137	2531504
2138	2532751
2139	2533092
2140	2533460
2141	2534182
2142	2534893
2143	2534899
2144	2534924
2145	2535212
2146	2538035
2147	2538605
2148	2540331
2149	2540385
2150	2541613
2151	2544049
2152	2544682
2153	2545460
2154	2546621
2155	2547678
2156	2548287
2157	2548597
2158	2549562
2159	2550314
2160	2550350
2161	2550629
2162	2554688
2163	2556398
2164	2557090
2165	2557370
2166	2558284
2167	2559231
2168	2560105
2169	2560368
2170	2560571
2171	2560638
2172	2560661
2173	2560700
2174	2564262
2175	2564535
2176	2564852
2177	2565661
2178	2565786
2179	2568814
2180	2572881
2181	2573043
2182	2574252
2183	2574958
2184	2575574
2185	2575590
2186	2577076
2187	2577150
2188	2578069
2189	2578151
2190	2579548
2191	2582219
2192	2582529
2193	2583617
2194	2584084
2195	2584823
2196	2586316
2197	2586332
2198	2588558
2199	2589815
2200	2589874
2201	2590251
2202	2590621
2203	2590656
2204	2592374
2205	2594137
2206	2595524
2207	2595767
2208	2596439
2209	2596903
2210	2598172
2211	2598340
2212	2598463
2213	2599151
2214	2599231
2215	2599635
2216	2600207
2217	2603471
2218	2603495
2219	2603864
2220	2604339
2221	2605088
2222	2605344
2223	2606956
2224	2607656
2225	2607727
2226	2608686
2227	2609111
2228	2611119
2229	2611700
2230	2612750
2231	2613556
2232	2613571
2233	2613811
2234	2614431
2235	2617055
2236	2617412
2237	2618582
2238	2619860
2239	2621038
2240	2621221
2241	2623456
2242	2623543
2243	2623653
2244	2624847
2245	2624919
2246	2625229
2247	2625339
2248	2627157
2249	2627695
2250	2628952
2251	2629104
2252	2629882
2253	2630811
2254	2631597
2255	2632051
2256	2632149
2257	2632540
2258	2632776
2259	2633226
2260	2633259
2261	2634089
2262	2635000
2263	2635235
2264	2635744
2265	2636909
2266	2639407
2267	2639659
2268	2642204
2269	2642510
2270	2642671
2271	2642944
2272	2643641
2273	2643922
2274	2645227
2275	2645467
2276	2646873
2277	2646958
2278	2647145
2279	2648797
2280	2648889
2281	2651148
2282	2652514
2283	2652712
2284	2655166
2285	2655521
2286	2655954
2287	2656527
2288	2657051
2289	2657666
2290	2658862
2291	2659472
2292	2660546
2293	2660665
2294	2660802
2295	2660946
2296	2661373
2297	2661795
2298	2661918
2299	2661993
2300	2662266
2301	2662347
2302	2664092
2303	2664209
2304	2664837
2305	2666906
2306	2667038
2307	2667123
2308	2667485
2309	2667685
2310	2668672
2311	2669734
2312	2669818
2313	2670330
2314	2670336
2315	2670401
2316	2670422
2317	2670438
2318	2670474
2319	2670522
2320	2670561
2321	2671000
2322	2671320
2323	2671523
2324	2673917
2325	2674724
2326	2674785
2327	2675308
2328	2677302
2329	2680036
2330	2680855
2331	2681022
2332	2681342
2333	2681631
2334	2681709
2335	2681726
2336	2682180
2337	2683958
2338	2685537
2339	2685820
2340	2686048
2341	2686928
2342	2687669
2343	2688453
2344	2689413
2345	2689595
2346	2689690
2347	2691677
2348	2692266
2349	2693216
2350	2693725
2351	2693862
2352	2694314
2353	2696617
2354	2697158
2355	2698530
2356	2701294
2357	2702048
2358	2702629
2359	2704255
2360	2705566
2361	2708534
2362	2709785
2363	2710086
2364	2711271
2365	2712517
2366	2714380
2367	2714903
2368	2715805
2369	2717677
2370	2718259
2371	2718321
2372	2718707
2373	2719514
2374	2719540
2375	2720342
2376	2721888
2377	2722870
2378	2722989
2379	2723013
2380	2723675
2381	2723800
2382	2725157
2383	2726053
2384	2727189
2385	2728797
2386	2729386
2387	2729506
2388	2730386
2389	2730898
2390	2732531
2391	2732532
2392	2732671
2393	2733032
2394	2733232
2395	2734105
2396	2734504
2397	2734911
2398	2735546
2399	2735688
2400	2736765
2401	2739066
2402	2739333
2403	2739723
2404	2741334
2405	2741876
2406	2742847
2407	2743399
2408	2744033
2409	2745002
2410	2745642
2411	2745916
2412	2746664
2413	2747542
2414	2749476
2415	2752247
2416	2752422
2417	2752590
2418	2752753
2419	2754246
2420	2754502
2421	2754542
2422	2754581
2423	2757828
2424	2757970
2425	2758383
2426	2758864
2427	2759021
2428	2759859
2429	2760417
2430	2760665
2431	2761143
2432	2761199
2433	2762054
2434	2762058
2435	2763310
2436	2763391
2437	2767975
2438	2772093
2439	2772862
2440	2773380
2441	2773696
2442	2774183
2443	2774671
2444	2776740
2445	2777883
2446	2778793
2447	2779595
2448	2779979
2449	2780646
2450	2780736
2451	2780917
2452	2781080
2453	2782048
2454	2784493
2455	2786377
2456	2787428
2457	2788750
2458	2789368
2459	2789871
2460	2790717
2461	2791042
2462	2792038
2463	2792830
2464	2793444
2465	2793851
2466	2793889
2467	2794176
2468	2794304
2469	2794558
2470	2794796
2471	2797705
2472	2798126
2473	2799418
2474	2799747
2475	2799805
2476	2800108
2477	2800171
2478	2800821
2479	2800927
2480	2801658
2481	2803725
2482	2804301
2483	2805726
2484	2806363
2485	2806577
2486	2806890
2487	2809276
2488	2809658
2489	2810285
2490	2814842
2491	2815020
2492	2815063
2493	2816256
2494	2817346
2495	2817948
2496	2818528
2497	2819638
2498	2820037
2499	2820399
2500	2820441
2501	2820806
2502	2820845
2503	2822694
2504	2823240
2505	2823765
2506	2823953
2507	2823984
2508	2824269
2509	2824619
2510	2826441
2511	2826771
2512	2827573
2513	2827966
2514	2829948
2515	2829972
2516	2829973
2517	2830282
2518	2830396
2519	2831240
2520	2832996
2521	2833616
2522	2834263
2523	2834571
2524	2834581
2525	2834625
2526	2834714
2527	2835227
2528	2836341
2529	2836373
2530	2837421
2531	2837819
2532	2838870
2533	2838986
2534	2839031
2535	2839426
2536	2840496
2537	2841793
2538	2842220
2539	2843877
2540	2844177
2541	2846215
2542	2850150
2543	2850309
2544	2850476
2545	2855327
2546	2856182
2547	2856183
2548	2856514
2549	2857127
2550	2857360
2551	2859999
2552	2860057
2553	2860134
2554	2860748
2555	2861516
2556	2864385
2557	2864854
2558	2865000
2559	2866166
2560	2866286
2561	2867115
2562	2867200
2563	2867966
2564	2868413
2565	2868428
2566	2871968
2567	2872852
2568	2872853
2569	2875748
2570	2877135
2571	2877232
2572	2878192
2573	2878684
2574	2879385
2575	2880223
2576	2880708
2577	2880859
2578	2882202
2579	2883558
2580	2884381
2581	2884849
2582	2886968
2583	2888969
2584	2889555
2585	2889861
2586	2889904
2587	2891350
2588	2891397
2589	2892073
2590	2892158
2591	2892249
2592	2892326
2593	2892789
2594	2893259
2595	2894106
2596	2894318
2597	2894920
2598	2895297
2599	2897638
2600	2899807
2601	2900084
2602	2900170
2603	2904550
2604	2908122
2605	2908598
2606	2909403
2607	2910169
2608	2910621
2609	2910744
2610	2913059
2611	2914375
2612	2915638
2613	2915686
2614	2916319
2615	2917850
2616	2920292
2617	2920873
2618	2921333
2619	2921517
2620	2923129
2621	2925002
2622	2925477
2623	2926605
2624	2928423
2625	2928971
2626	2929406
2627	2929439
2628	2931460
2629	2934942
2630	2935020
2631	2935095
2632	2935099
2633	2935105
2634	2935299
2635	2935364
2636	2936131
2637	2939972
2638	2941612
2639	2943299
2640	2943577
2641	2943733
2642	2943788
2643	2944001
2644	2944294
2645	2946337
2646	2947464
2647	2947530
2648	2947942
2649	2949047
2650	2949055
2651	2949625
2652	2950383
2653	2950434
2654	2950837
2655	2951779
2656	2953723
2657	2953898
2658	2955437
2659	2958887
2660	2960027
2661	2960554
2662	2962493
2663	2963096
2664	2963414
2665	2963430
2666	2963613
2667	2963731
2668	2963760
2669	2965381
2670	2966212
2671	2966934
2672	2967694
2673	2967819
2674	2969664
2675	2971935
2676	2972954
2677	2976085
2678	2977414
2679	2979710
2680	2980200
2681	2980468
2682	2983214
2683	2983321
2684	2983335
2685	2983337
2686	2983342
2687	2983407
2688	2983641
2689	2983945
2690	2984768
2691	2985309
2692	2986081
2693	2986164
2694	2986300
2695	2987526
2696	2988150
2697	2988618
2698	2989851
2699	2989854
2700	2990016
2701	2992578
2702	2993366
2703	2993855
2704	2994318
2705	2995733
2706	2997920
2707	3000172
2708	3001563
2709	3002079
2710	3002832
2711	3003421
2712	3003500
2713	3004463
2714	3007011
2715	3007760
2716	3008646
2717	3010850
2718	3011684
2719	3012748
2720	3013279
2721	3013563
2722	3014626
2723	3015364
2724	3015459
2725	3016156
2726	3017023
2727	3017159
2728	3017182
2729	3017424
2730	3017679
2731	3018828
2732	3019714
2733	3020206
2734	3020220
2735	3022036
2736	3022822
2737	3024284
2738	3025331
2739	3025660
2740	3025998
2741	3027252
2742	3028420
2743	3029130
2744	3029380
2745	3029422
2746	3029972
2747	3030254
2748	3031644
2749	3032870
2750	3033752
2751	3034033
2752	3034097
2753	3034418
2754	3035071
2755	3035969
2756	3036782
2757	3040294
2758	3040322
2759	3041816
2760	3043164
2761	3043245
2762	3043462
2763	3045316
2764	3046983
2765	3047206
2766	3048241
2767	3048633
2768	3048937
2769	3051893
2770	3052887
2771	3054400
2772	3054875
2773	3055374
2774	3055377
2775	3056449
2776	3057387
2777	3058558
2778	3059230
2779	3059734
2780	3060430
2781	3062107
2782	3063261
2783	3064971
2784	3067667
2785	3067882
2786	3067901
2787	3069006
2788	3070073
2789	3070074
2790	3071222
2791	3071459
2792	3072232
2793	3075396
2794	3075512
2795	3076534
2796	3076961
2797	3077243
2798	3077953
2799	3078010
2800	3078041
2801	3078436
2802	3079619
2803	3081322
2804	3081427
2805	3083102
2806	3083146
2807	3083447
2808	3084227
2809	3085838
2810	3085841
2811	3085875
2812	3086329
2813	3086479
2814	3086501
2815	3086750
2816	3086813
2817	3086861
2818	3086905
2819	3087707
2820	3090015
2821	3090018
2822	3090046
2823	3090510
2824	3090513
2825	3090543
2826	3090549
2827	3090678
2828	3091311
2829	3092424
2830	3093224
2831	3094704
2832	3095232
2833	3095979
2834	3096084
2835	3097085
2836	3099281
2837	3100655
2838	3101530
2839	3101827
2840	3102383
2841	3102652
2842	3102992
2843	3104009
2844	3105965
2845	3106322
2846	3107179
2847	3108233
2848	3109004
2849	3109827
2850	3110125
2851	3110869
2852	3111070
2853	3111323
2854	3111583
2855	3112056
2856	3112664
2857	3113059
2858	3113591
2859	3113629
2860	3114936
2861	3115285
2862	3116045
2863	3119353
2864	3119931
2865	3120008
2866	3120038
2867	3120535
2868	3120548
2869	3120822
2870	3121606
2871	3122106
2872	3122561
2873	3122563
2874	3123719
2875	3123759
2876	3124772
2877	3126021
2878	3129573
2879	3135309
2880	3135776
2881	3135788
2882	3135808
2883	3136127
2884	3136914
2885	3137077
2886	3137654
2887	3140034
2888	3140647
2889	3144141
2890	3144444
2891	3144693
2892	3144971
2893	3146645
2894	3147403
2895	3148517
2896	3152655
2897	3153290
2898	3155045
2899	3157543
2900	3159446
2901	3160295
2902	3160960
2903	3161939
2904	3164791
2905	3164884
2906	3165851
2907	3167058
2908	3167654
2909	3167947
2910	3167964
2911	3168889
2912	3169036
2913	3169595
2914	3170229
2915	3170846
2916	3171696
2917	3171987
2918	3172423
2919	3173108
2920	3173701
2921	3174787
2922	3177115
2923	3177209
2924	3178309
2925	3178589
2926	3179769
2927	3180717
2928	3181037
2929	3182649
2930	3183956
2931	3185305
2932	3185941
2933	3186822
2934	3188906
2935	3190538
2936	3191688
2937	3191952
2938	3192272
2939	3192596
2940	3192622
2941	3192940
2942	3193075
2943	3193103
2944	3194692
2945	3195036
2946	3197631
2947	3197738
2948	3198779
2949	3199217
2950	3200174
2951	3200211
2952	3201428
2953	3201454
2954	3201478
2955	3202548
2956	3203958
2957	3204314
2958	3205942
2959	3206171
2960	3206340
2961	3206926
2962	3209033
2963	3209369
2964	3210426
2965	3210963
2966	3211589
2967	3215702
2968	3216215
2969	3216902
2970	3218571
2971	3220819
2972	3220936
2973	3220994
2974	3223125
2975	3223762
2976	3226897
2977	3227079
2978	3227330
2979	3227383
2980	3228245
2981	3228406
2982	3229380
2983	3229506
2984	3229758
2985	3231618
2986	3233906
2987	3235280
2988	3235506
2989	3235575
2990	3237740
2991	3238339
2992	3238634
2993	3239576
2994	3240270
2995	3242534
2996	3243136
2997	3243285
2998	3244666
2999	3245241
3000	3247217
3001	3249874
3002	3250044
3003	3250638
3004	3252115
3005	3252497
3006	3252853
3007	3252950
3008	3253334
3009	3256175
3010	3256423
3011	3256526
3012	3257270
3013	3258723
3014	3258758
3015	3259201
3016	3260236
3017	3260270
3018	3260500
3019	3261137
3020	3261220
3021	3262974
3022	3263372
3023	3264257
3024	3264902
3025	3265325
3026	3266358
3027	3270532
3028	3271001
3029	3271064
3030	3271713
3031	3272077
3032	3272704
3033	3273497
3034	3275941
3035	3276526
3036	3277442
3037	3279504
3038	3279796
3039	3279801
3040	3281132
3041	3283768
3042	3284148
3043	3284636
3044	3285065
3045	3286805
3046	3286907
3047	3287112
3048	3288867
3049	3289194
3050	3291549
3051	3291789
3052	3291988
3053	3292018
3054	3293385
3055	3294002
3056	3294154
3057	3294870
3058	3296031
3059	3296064
3060	3296079
3061	3296102
3062	3296708
3063	3298547
3064	3302680
3065	3303009
3066	3303629
3067	3304223
3068	3305344
3069	3307034
3070	3307851
3071	3307869
3072	3307875
3073	3307877
3074	3308634
3075	3308775
3076	3309492
3077	3312996
3078	3314029
3079	3314456
3080	3314547
3081	3317894
3082	3322340
3083	3322341
3084	3324603
3085	3324679
3086	3325313
3087	3325564
3088	3326377
3089	3326381
3090	3327862
3091	3329364
3092	3329411
3093	3329985
3094	3330171
3095	3330418
3096	3330486
3097	3331164
3098	3331502
3099	3332167
3100	3332481
3101	3333178
3102	3333871
3103	3335123
3104	3336688
3105	3337552
3106	3339458
3107	3340268
3108	3340531
3109	3342175
3110	3342688
3111	3342913
3112	3344183
3113	3346149
3114	3347419
3115	3347819
3116	3348436
3117	3349692
3118	3351353
3119	3352946
3120	3352998
3121	3354303
3122	3354402
3123	3354688
3124	3356400
3125	3356836
3126	3357268
3127	3359742
3128	3360247
3129	3362248
3130	3362268
3131	3362881
3132	3364697
3133	3365678
3134	3368161
3135	3368480
3136	3369050
3137	3369756
3138	3370717
3139	3370850
3140	3371390
3141	3373108
3142	3374407
3143	3374867
3144	3376031
3145	3376073
3146	3377730
3147	3379102
3148	3380303
3149	3381405
3150	3382014
3151	3382438
3152	3382768
3153	3383480
3154	3384072
3155	3384495
3156	3384972
3157	3385011
3158	3385089
3159	3385561
3160	3388197
3161	3388932
3162	3389490
3163	3389644
3164	3391534
3165	3392444
3166	3393207
3167	3394939
3168	3395390
3169	3395539
3170	3398619
3171	3398910
3172	3400599
3173	3402461
3174	3402562
3175	3404963
3176	3405278
3177	3405918
3178	3407671
3179	3407805
3180	3410847
3181	3411105
3182	3412393
3183	3413761
3184	3414560
3185	3416461
3186	3416621
3187	3417697
3188	3418075
3189	3418506
3190	3418806
3191	3419531
3192	3419816
3193	3419867
3194	3421868
3195	3423951
3196	3424450
3197	3424499
3198	3426219
3199	3426901
3200	3426906
3201	3427654
3202	3429069
3203	3429122
3204	3430671
3205	3431257
3206	3432908
3207	3433817
3208	3433830
3209	3434842
3210	3435816
3211	3436272
3212	3438257
3213	3438615
3214	3439645
3215	3440306
3216	3441696
3217	3442671
3218	3442844
3219	3443253
3220	3444126
3221	3445463
3222	3446085
3223	3446591
3224	3447802
3225	3448555
3226	3450136
3227	3450212
3228	3451428
3229	3451953
3230	3452564
3231	3452915
3232	3453047
3233	3453138
3234	3453221
3235	3453332
3236	3455332
3237	3455630
3238	3456815
3239	3457366
3240	3457871
3241	3457990
3242	3458780
3243	3458899
3244	3459010
3245	3459074
3246	3459245
3247	3459291
3248	3460899
3249	3461010
3250	3461833
3251	3462070
3252	3462088
3253	3463070
3254	3463680
3255	3463932
3256	3465761
3257	3466375
3258	3466607
3259	3468652
3260	3468659
3261	3469420
3262	3470392
3263	3470576
3264	3471708
3265	3473606
3266	3473882
3267	3474847
3268	3475065
3269	3475679
3270	3478092
3271	3478471
3272	3478704
3273	3479036
3274	3479893
3275	3481385
3276	3482043
3277	3482188
3278	3482725
3279	3483240
3280	3484720
3281	3485383
3282	3485999
3283	3486471
3284	3487720
3285	3487941
3286	3490592
3287	3491428
3288	3494072
3289	3498881
3290	3498950
3291	3500107
3292	3501385
3293	3501640
3294	3503503
3295	3504454
3296	3504901
3297	3505111
3298	3505662
3299	3505937
3300	3506665
3301	3507207
3302	3509046
3303	3510269
3304	3510728
3305	3511024
3306	3511312
3307	3512856
3308	3515055
3309	3516343
3310	3518359
3311	3519392
3312	3519904
3313	3520164
3314	3521194
3315	3522052
3316	3522681
3317	3523565
3318	3523658
3319	3525536
3320	3526141
3321	3527075
3322	3527994
3323	3531416
3324	3537402
3325	3538075
3326	3539955
3327	3540737
3328	3542232
3329	3544717
3330	3545262
3331	3547745
3332	3554879
3333	3554893
3334	3554927
3335	3557971
3336	3559513
3337	3560918
3338	3561550
3339	3562743
3340	3563905
3341	3564283
3342	3564882
3343	3567732
3344	3569020
3345	3571458
3346	3572502
3347	3574207
3348	3575341
3349	3576043
3350	3576675
3351	3577103
3352	3578445
3353	3578742
3354	3578938
3355	3580865
3356	3581011
3357	3582692
3358	3583702
3359	3583948
3360	3584577
3361	3585420
3362	3585814
3363	3586633
3364	3587361
3365	3587639
3366	3588328
3367	3588669
3368	3589052
3369	3591029
3370	3591481
3371	3592597
3372	3592963
3373	3596114
3374	3596269
3375	3598979
3376	3599112
3377	3600065
3378	3600375
3379	3601446
3380	3601770
3381	3602242
3382	3602950
3383	3605452
3384	3611231
3385	3611655
3386	3612413
3387	3615816
3388	3616038
3389	3616734
3390	3617957
3391	3618367
3392	3618486
3393	3620541
3394	3621491
3395	3622667
3396	3623944
3397	3625309
3398	3628157
3399	3628158
3400	3629203
3401	3629329
3402	3629735
3403	3630482
3404	3630819
3405	3631495
3406	3632189
3407	3633508
3408	3633845
3409	3634886
3410	3635833
3411	3635853
3412	3636217
3413	3636746
3414	3638722
3415	3639135
3416	3640310
3417	3641015
3418	3642084
3419	3643144
3420	3644169
3421	3644563
3422	3645055
3423	3648424
3424	3648984
3425	3649014
3426	3649313
3427	3650816
3428	3650837
3429	3651477
3430	3651534
3431	3654227
3432	3654476
3433	3655775
3434	3657316
3435	3657348
3436	3659441
3437	3659682
3438	3660759
3439	3662169
3440	3664058
3441	3665611
3442	3665746
3443	3666832
3444	3667500
3445	3668328
3446	3668610
3447	3669478
3448	3671245
3449	3671497
3450	3672832
3451	3675318
3452	3675351
3453	3676326
3454	3677682
3455	3677854
3456	3678625
3457	3680530
3458	3680531
3459	3681649
3460	3681675
3461	3681951
3462	3682353
3463	3683764
3464	3684020
3465	3685890
3466	3686781
3467	3686925
3468	3687060
3469	3689539
3470	3690838
3471	3692233
3472	3700025
3473	3700409
3474	3700998
3475	3702228
3476	3702555
3477	3704922
3478	3708232
3479	3711132
3480	3713442
3481	3713804
3482	3714062
3483	3715258
3484	3716146
3485	3717493
3486	3717995
3487	3719046
3488	3719331
3489	3719868
3490	3721347
3491	3721372
3492	3721486
3493	3722063
3494	3722200
3495	3724023
3496	3725914
3497	3726027
3498	3726294
3499	3727475
3500	3727783
3501	3727960
3502	3727984
3503	3728497
3504	3728991
3505	3729277
3506	3731081
3507	3732088
3508	3735097
3509	3735956
3510	3738420
3511	3739910
3512	3741904
3513	3742976
3514	3743411
3515	3743977
3516	3744076
3517	3744794
3518	3747682
3519	3748835
3520	3749706
3521	3752601
3522	3754549
3523	3755177
3524	3758830
3525	3763430
3526	3764561
3527	3765893
3528	3766255
3529	3768690
3530	3769664
3531	3771019
3532	3774808
3533	3775160
3534	3775906
3535	3776469
3536	3778568
3537	3779162
3538	3780133
3539	3780164
3540	3781560
3541	3782012
3542	3782761
3543	3786223
3544	3791147
3545	3791167
3546	3791171
3547	3791196
3548	3791503
3549	3795724
3550	3795739
3551	3795869
3552	3795996
3553	3798714
3554	3801282
3555	3801470
3556	3801739
3557	3802055
3558	3805707
3559	3806018
3560	3806069
3561	3808479
3562	3810430
3563	3813886
3564	3816823
3565	3816854
3566	3818531
3567	3820592
3568	3820988
3569	3821584
3570	3822054
3571	3822390
3572	3823638
3573	3824749
3574	3824850
3575	3827624
3576	3830191
3577	3830536
3578	3831417
3579	3834124
3580	3834317
3581	3837438
3582	3838924
3583	3839457
3584	3840754
3585	3841898
3586	3843460
3587	3843980
3588	3844031
3589	3844074
3590	3844660
3591	3844860
3592	3845903
3593	3849404
3594	3849578
3595	3850722
3596	3850785
3597	3850786
3598	3851558
3599	3853618
3600	3856622
3601	3858703
3602	3859180
3603	3861227
3604	3861280
3605	3862420
3606	3863200
3607	3865014
3608	3867353
3609	3867558
3610	3875812
3611	3875813
3612	3877138
3613	3877647
3614	3878255
3615	3879910
3616	3881458
3617	3882070
3618	3882332
3619	3883435
3620	3884455
3621	3885324
3622	3888483
3623	3891474
3624	3892317
3625	3892743
3626	3894789
3627	3895213
3628	3895838
3629	3896641
3630	3897246
3631	3898238
3632	3898477
3633	3899685
3634	3901569
3635	3902045
3636	3902054
3637	3902419
3638	3904641
3639	3906047
3640	3906252
3641	3907957
3642	3907996
3643	3908117
3644	3908430
3645	3908841
3646	3912229
3647	3912568
3648	3914914
3649	3914957
3650	3916489
3651	3918155
3652	3918607
3653	3920156
3654	3921601
3655	3923251
3656	3923465
3657	3924684
3658	3925038
3659	3926648
3660	3927982
3661	3928214
3662	3929669
3663	3931140
3664	3931529
3665	3933859
3666	3934476
3667	3936448
3668	3937744
3669	3938096
3670	3938367
3671	3939979
3672	3940146
3673	3943056
3674	3944430
3675	3945177
3676	3946296
3677	3947680
3678	3947730
3679	3947774
3680	3947937
3681	3947957
3682	3948162
3683	3948692
3684	3950437
3685	3950726
3686	3950849
3687	3952234
3688	3953206
3689	3953373
3690	3953632
3691	3957442
3692	3957547
3693	3959240
3694	3960416
3695	3960728
3696	3961118
3697	3961119
3698	3961240
3699	3965500
3700	3965882
3701	3966987
3702	3967650
3703	3968183
3704	3968200
3705	3970702
3706	3970851
3707	3971308
3708	3971784
3709	3972904
3710	3973071
3711	3976562
3712	3977221
3713	3977724
3714	3978582
3715	3980421
3716	3982088
3717	3982505
3718	3983897
3719	3985731
3720	3989930
3721	3990248
3722	3990348
3723	3990349
3724	3992326
3725	3992511
3726	3993701
3727	3995150
3728	3996082
3729	3996273
3730	3997726
3731	3999848
3732	4000852
3733	4003342
3734	4004716
3735	4004762
3736	4004778
3737	4005356
3738	4005428
3739	4005440
3740	4005460
3741	4005478
3742	4005529
3743	4005625
3744	4005835
3745	4006490
3746	4006507
3747	4006727
3748	4006861
3749	4006862
3750	4007027
3751	4007093
3752	4007501
3753	4008516
3754	4008723
3755	4009509
3756	4009959
3757	4011039
3758	4011348
3759	4011423
3760	4012826
3761	4015246
3762	4015736
3763	4016403
3764	4018534
3765	4018845
3766	4019692
3767	4020028
3768	4020887
3769	4021982
3770	4022955
3771	4023827
3772	4023828
3773	4026730
3774	4027439
3775	4028478
3776	4028527
3777	4028769
3778	4029252
3779	4033965
3780	4034481
3781	4035568
3782	4038922
3783	4039037
3784	4040861
3785	4041169
3786	4042186
3787	4042189
3788	4042285
3789	4043811
3790	4043817
3791	4045353
3792	4045793
3793	4046897
3794	4046932
3795	4047290
3796	4047592
3797	4048396
3798	4049445
3799	4052814
3800	4052827
3801	4055538
3802	4056161
3803	4056171
3804	4056457
3805	4057427
3806	4057895
3807	4058025
3808	4059093
3809	4059470
3810	4060349
3811	4060832
3812	4062882
3813	4064674
3814	4064707
3815	4065548
3816	4065584
3817	4066863
3818	4067368
3819	4068519
3820	4070150
3821	4070337
3822	4070546
3823	4072328
3824	4073029
3825	4076558
3826	4077188
3827	4077608
3828	4077743
3829	4077830
3830	4080746
3831	4082025
3832	4082364
3833	4085117
3834	4085227
3835	4085938
3836	4086221
3837	4088194
3838	4088304
3839	4088858
3840	4093652
3841	4094000
3842	4094880
3843	4094906
3844	4095316
3845	4096509
3846	4097699
3847	4098058
3848	4098931
3849	4135952
3850	4135953
3851	4137502
3852	4139160
3853	4140417
3854	4140714
3855	4141722
3856	4145829
3857	4147299
3858	4148107
3859	4150968
3860	4151349
3861	4155568
3862	4157254
3863	4157371
3864	4158464
3865	4158523
3866	4158635
3867	4159899
3868	4160961
3869	4161787
3870	4163639
3871	4163799
3872	4166425
3873	4168425
3874	4172725
3875	4174053
3876	4174220
3877	4176757
3878	4177230
3879	4177880
3880	4180234
3881	4182398
3882	4182725
3883	4182729
3884	4182845
3885	4184006
3886	4184762
3887	4186363
3888	4190461
3889	4190839
3890	4191095
3891	4192463
3892	4193608
3893	4193703
3894	4193766
3895	4193799
3896	4193857
3897	4194240
3898	4195184
3899	4196241
3900	4198148
3901	4198378
3902	4200476
3903	4202312
3904	4205555
3905	4206253
3906	4206982
3907	4209017
3908	4209882
3909	4211054
3910	4211447
3911	4211603
3912	4211607
3913	4213229
3914	4214560
3915	4215047
3916	4218319
3917	4218322
3918	4218393
3919	4218511
3920	4219425
3921	4223476
3922	4223848
3923	4225806
3924	4226498
3925	4229268
3926	4230401
3927	4230764
3928	4234695
3929	4234720
3930	4237432
3931	4237459
3932	4238678
3933	4240651
3934	4241419
3935	4243245
3936	4245305
3937	4245422
3938	4247134
3939	4247416
3940	4248568
3941	4249223
3942	4249716
3943	4249963
3944	4250274
3945	4250297
3946	4250521
3947	4251492
3948	4252343
3949	4253127
3950	4253925
3951	4256038
3952	4256604
3953	4259130
3954	4259468
3955	4261216
3956	4261976
3957	4266434
3958	4266657
3959	4267070
3960	4269165
3961	4269626
3962	4270801
3963	4272841
3964	4278265
3965	4280368
3966	4281911
3967	4284444
3968	4285109
3969	4285452
3970	4288042
3971	4288254
3972	4290321
3973	4290715
3974	4290796
3975	4291938
3976	4292153
3977	4293263
3978	4293815
3979	4294581
3980	4295381
3981	4296841
3982	4297169
3983	4297198
3984	4298428
3985	4298429
3986	4299941
3987	4301985
3988	4302093
3989	4305053
3990	4308867
3991	4309730
3992	4311661
3993	4312274
3994	4316015
3995	4316411
3996	4317029
3997	4317485
3998	4318823
3999	4319089
4000	4319265
4001	4321581
4002	4322700
4003	4327365
4004	4328083
4005	4331525
4006	4332418
4007	4332633
4008	4334051
4009	4334330
4010	4335145
4011	4337198
4012	4337569
4013	4337575
4014	4338774
4015	4342076
4016	4343018
4017	4343620
4018	4343686
4019	4344026
4020	4344598
4021	4347268
4022	4348172
4023	4349484
4024	4349557
4025	4349645
4026	4354581
4027	4354704
4028	4357221
4029	4357693
4030	4359740
4031	4361110
4032	4361896
4033	4361956
4034	4363186
4035	4365150
4036	4365241
4037	4365649
4038	4365718
4039	4370591
4040	4370939
4041	4371491
4042	4371958
4043	4375438
4044	4377051
4045	4382205
4046	4383370
4047	4383636
4048	4385095
4049	4385906
4050	4386307
4051	4388176
4052	4389097
4053	4389683
4054	4392102
4055	4392733
4056	4393252
4057	4395995
4058	4396391
4059	4401649
4060	4402520
4061	4403271
4062	4404746
4063	4406231
4064	4408527
4065	4412715
4066	4412966
4067	4413651
4068	4414006
4069	4419234
4070	4420131
4071	4420702
4072	4423949
4073	4424215
4074	4426232
4075	4430908
4076	4431575
4077	4433157
4078	4434164
4079	4435821
4080	4436842
4081	4439624
4082	4441698
4083	4444134
4084	4444235
4085	4446253
4086	4446379
4087	4447287
4088	4447397
4089	4447652
4090	4450427
4091	4451388
4092	4452443
4093	4452525
4094	4452575
4095	4455035
4096	4456364
4097	4456470
4098	4458398
4099	4458471
4100	4461340
4101	4462685
4102	4462741
4103	4463485
4104	4463588
4105	4463620
4106	4466260
4107	4467913
4108	4469637
4109	4470779
4110	4470854
4111	4471716
4112	4473676
4113	4474260
4114	4475387
4115	4483011
4116	4484098
4117	4484473
4118	4488262
4119	4489357
4120	4490540
4121	4491115
4122	4491128
4123	4491347
4124	4492256
4125	4492870
4126	4493619
4127	4494578
4128	4495245
4129	4497224
4130	4498833
4131	4499205
4132	4499899
4133	4500289
4134	4500290
4135	4502389
4136	4504391
4137	4508768
4138	4509616
4139	4509694
4140	4512234
4141	4512963
4142	4515613
4143	4516564
4144	4517515
4145	4518030
4146	4519919
4147	4520422
4148	4520435
4149	4521593
4150	4522912
4151	4523718
4152	4525324
4153	4532337
4154	4534018
4155	4534049
4156	4537315
4157	4538050
4158	4538182
4159	4538681
4160	4538807
4161	4539870
4162	4540017
4163	4542599
4164	4542867
4165	4544947
4166	4547996
4167	4550788
4168	4550875
4169	4551655
4170	4552626
4171	4553258
4172	4557174
4173	4557946
4174	4565251
4175	4565276
4176	4566313
4177	4566354
4178	4569500
4179	4570106
4180	4570588
4181	4571224
4182	4571520
4183	4571573
4184	4571907
4185	4572812
4186	4572936
4187	4574130
4188	4575552
4189	4577443
4190	4577564
4191	4578035
4192	4578431
4193	4581146
4194	4581345
4195	4582647
4196	4585867
4197	4586425
4198	4588055
4199	4589332
4200	4589479
4201	4591012
4202	4592273
4203	4594100
4204	4597184
4205	4597672
4206	4597675
4207	4598892
4208	4599376
4209	4600862
4210	4601334
4211	4601337
4212	4601479
4213	4604641
4214	4606270
4215	4607175
4216	4607535
4217	4613639
4218	4614363
4219	4615016
4220	4615502
4221	4617119
4222	4619762
4223	4622561
4224	4624788
4225	4626049
4226	4627780
4227	4629346
4228	4629347
4229	4633658
4230	4635071
4231	4638021
4232	4639955
4233	4640034
4234	4640232
4235	4640745
4236	4642269
4237	4642865
4238	4642910
4239	4643756
4240	4644358
4241	4644833
4242	4646105
4243	4646380
4244	4648081
4245	4652199
4246	4652203
4247	4654013
4248	4654687
4249	4655243
4250	4656000
4251	4657093
4252	4657989
4253	4659119
4254	4659628
4255	4659792
4256	4660066
4257	4661342
4258	4663188
4259	4663644
4260	4663989
4261	4664682
4262	4665271
4263	4668715
4264	4669672
4265	4670552
4266	4672849
4267	4673813
4268	4675063
4269	4675373
4270	4675669
4271	4677520
4272	4678354
4273	4680912
4274	4681130
4275	4681614
4276	4682364
4277	4682655
4278	4684177
4279	4685554
4280	4685639
4281	4688963
4282	4697921
4283	4699631
4284	4699632
4285	4703617
4286	4703989
4287	4709042
4288	4709801
4289	4710420
4290	4711810
4291	4713198
4292	4713971
4293	4717199
4294	4718153
4295	4719286
4296	4719732
4297	4720160
4298	4721732
4299	4723935
4300	4724099
4301	4726670
4302	4726769
4303	4726773
4304	4728991
4305	4729556
4306	4730054
4307	4732030
4308	4732228
4309	4732501
4310	4738686
4311	4738875
4312	4742587
4313	4742939
4314	4744425
4315	4745768
4316	4747907
4317	4748994
4318	4751474
4319	4752000
4320	4752123
4321	4753113
4322	4755816
4323	4756766
4324	4760025
4325	4760982
4326	4762508
4327	4763516
4328	4764330
4329	4764410
4330	4765977
4331	4767253
4332	4767665
4333	4768270
4334	4769254
4335	4769601
4336	4769941
4337	4773460
4338	4774150
4339	4775612
4340	4775705
4341	4777190
4342	4777419
4343	4782513
4344	4782524
4345	4782528
4346	4784382
4347	4786050
4348	4789102
4349	4789467
4350	4790539
4351	4790977
4352	4792923
4353	4794259
4354	4798341
4355	4798640
4356	4800647
4357	4801161
4358	4801529
4359	4801820
4360	4802344
4361	4805532
4362	4809199
4363	4811104
4364	4812254
4365	4812831
4366	4812879
4367	4814586
4368	4816231
4369	4816546
4370	4816825
4371	4817590
4372	4818347
4373	4818764
4374	4819144
4375	4819405
4376	4820249
4377	4820811
4378	4822806
4379	4822948
4380	4823217
4381	4823671
4382	4823887
4383	4824256
4384	4824852
4385	4825119
4386	4825135
4387	4825214
4388	4826031
4389	4826379
4390	4834333
4391	4836295
4392	4838734
4393	4839393
4394	4839937
4395	4842349
4396	4842999
4397	4843222
4398	4844528
4399	4846290
4400	4847754
4401	4847755
4402	4847756
4403	4850132
4404	4850689
4405	4854439
4406	4854683
4407	4854925
4408	4855333
4409	4857400
4410	4857616
4411	4859342
4412	4860200
4413	4863098
4414	4863474
4415	4868190
4416	4868560
4417	4869389
4418	4871554
4419	4877583
4420	4877642
4421	4877758
4422	4877766
4423	4878421
4424	4878422
4425	4878792
4426	4879732
4427	4880182
4428	4884469
4429	4884515
4430	4885625
4431	4886105
4432	4887334
4433	4887505
4434	4887985
4435	4888787
4436	4889590
4437	4889990
4438	4895156
4439	4896916
4440	4897077
4441	4897668
4442	4898332
4443	4898389
4444	4900450
4445	4901456
4446	4902005
4447	4904376
4448	4906031
4449	4906082
4450	4907260
4451	4908828
4452	4911275
4453	4911892
4454	4912232
4455	4915315
4456	4916477
4457	4918316
4458	4919315
4459	4919698
4460	4924189
4461	4925727
4462	4926541
4463	4927733
4464	4927852
4465	4928603
4466	4930807
4467	4930848
4468	4931148
4469	4931149
4470	4932547
4471	4932898
4472	4932991
4473	4932999
4474	4933441
4475	4937243
4476	4941228
4477	4941682
4478	4943501
4479	4944596
4480	4948038
4481	4949340
4482	4951359
4483	4952236
4484	4954736
4485	4956707
4486	4957707
4487	4957834
4488	4959668
4489	4959885
4490	4960774
4491	4962782
4492	4963303
4493	4963517
4494	4965328
4495	4968239
4496	4969013
4497	4969309
4498	4970720
4499	4977398
4500	4977588
4501	4979187
4502	4982434
4503	4984554
4504	4987225
4505	4988217
4506	4988663
4507	4989453
4508	4989620
4509	4990016
4510	4990975
4511	4992221
4512	4993427
4513	4998751
4514	5000619
4515	5000751
4516	5001816
4517	5001943
4518	5002209
4519	5003055
4520	5003494
4521	5007607
4522	5007906
4523	5008508
4524	5008934
4525	5010620
4526	5011174
4527	5011335
4528	5011717
4529	5011792
4530	5015652
4531	5016647
4532	5017420
4533	5018009
4534	5021939
4535	5022182
4536	5022183
4537	5022327
4538	5026423
4539	5028502
4540	5030400
4541	5032214
4542	5032929
4543	5033158
4544	5033810
4545	5033914
4546	5034631
4547	5034632
4548	5034914
4549	5035037
4550	5035210
4551	5036312
4552	5036592
4553	5039218
4554	5039547
4555	5039956
4556	5040092
4557	5040210
4558	5041721
4559	5042122
4560	5042192
4561	5042285
4562	5044624
4563	5045067
4564	5046687
4565	5046960
4566	5047671
4567	5048310
4568	5048721
4569	5049194
4570	5049269
4571	5049315
4572	5052882
4573	5054927
4574	5055971
4575	5059954
4576	5060545
4577	5061974
4578	5063439
4579	5064937
4580	5065297
4581	5067523
4582	5070835
4583	5070838
4584	5071550
4585	5072899
4586	5073713
4587	5074645
4588	5077080
4589	5078633
4590	5078725
4591	5083542
4592	5084184
4593	5086171
4594	5088263
4595	5089136
4596	5090114
4597	5092578
4598	5094341
4599	5094763
4600	5095450
4601	5095874
4602	5096328
4603	5097275
4604	5098291
4605	5098719
4606	5102422
4607	5102974
4608	5103425
4609	5103551
4610	5104452
4611	5104871
4612	5105050
4613	5105572
4614	5106075
4615	5106363
4616	5109228
4617	5109456
4618	5109465
4619	5110865
4620	5111197
4621	5111257
4622	5111573
4623	5113548
4624	5114347
4625	5115212
4626	5116273
4627	5116721
4628	5117242
4629	5117310
4630	5117320
4631	5118957
4632	5121125
4633	5122127
4634	5123480
4635	5125087
4636	5125133
4637	5125134
4638	5130618
4639	5131569
4640	5132510
4641	5133713
4642	5135083
4643	5137866
4644	5139093
4645	5142622
4646	5147298
4647	5148667
4648	5152301
4649	5154192
4650	5155737
4651	5159577
4652	5160614
4653	5160666
4654	5164188
4655	5170363
4656	5170374
4657	5171325
4658	5172388
4659	5174477
4660	5175786
4661	5176287
4662	5178517
4663	5179067
4664	5180680
4665	5184608
4666	5185972
4667	5186070
4668	5188240
4669	5188299
4670	5191139
4671	5191693
4672	5191721
4673	5197195
4674	5197318
4675	5198688
4676	5198717
4677	5199174
4678	5201716
4679	5205760
4680	5206311
4681	5207254
4682	5215132
4683	5215530
4684	5217364
4685	5218620
4686	5220754
4687	5223188
4688	5225443
4689	5227761
4690	5227949
4691	5229083
4692	5231151
4693	5234185
4694	5234499
4695	5239717
4696	5248032
4697	5252071
4698	5253839
4699	5256813
4700	5257046
4701	5260672
4702	5263158
4703	5264344
4704	5264464
4705	5265074
4706	5270195
4707	5275657
4708	5280277
4709	5281728
4710	5283575
4711	5291055
4712	5298524
4713	5301879
4714	5304702
4715	5306951
4716	5308837
4717	5309798
4718	5310427
4719	5311275
4720	5313777
4721	5313963
4722	5313974
4723	5314001
4724	5314902
4725	5315188
4726	5317260
4727	5320853
4728	5320867
4729	5322710
4730	5325891
4731	5327971
4732	5328499
4733	5330259
4734	5331824
4735	5332734
4736	5335485
4737	5338931
4738	5339875
4739	5340149
4740	5341402
4741	5342012
4742	5343782
4743	5346389
4744	5348063
4745	5351930
4746	5352790
4747	5353032
4748	5353463
4749	5353656
4750	5356932
4751	5358092
4752	5358998
4753	5359648
4754	5359953
4755	5360176
4756	5362762
4757	5363147
4758	5364115
4759	5365505
4760	5366944
4761	5371523
4762	5375689
4763	5379637
4764	5380350
4765	5383311
4766	5383836
4767	5395161
4768	5397189
4769	5397547
4770	5398787
4771	5402925
4772	5412625
4773	5412863
4774	5417238
4775	5421551
4776	5423954
4777	5424229
4778	5425205
4779	5427232
4780	5427423
4781	5428031
4782	5430127
4783	5431262
4784	5438331
4785	5439975
4786	5441392
4787	5441928
4788	5441930
4789	5441950
4790	5441956
4791	5442003
4792	5442476
4793	5443017
4794	5450619
4795	5454646
4796	5455464
4797	5456791
4798	5456964
4799	5457808
4800	5458186
