1	234
2	1107
3	4018
4	5745
5	6692
6	7621
7	15109
8	16519
9	19124
10	19251
11	22631
12	23502
13	24184
14	24797
15	27750
16	28115
17	28359
18	28956
19	29034
20	31660
21	31811
22	33067
23	34652
24	36076
25	36630
26	42877
27	45645
28	47950
29	58614
30	62387
31	63610
32	69513
33	70739
34	76149
35	84296
36	85385
37	86659
38	86991
39	89125
40	90319
41	91062
42	92697
43	93993
44	98691
45	99192
46	106495
47	107710
48	109225
49	109959
50	111585
51	111642
52	113647
53	114166
54	121507
55	122465
56	124654
57	125540
58	126237
59	127382
60	127732
61	130174
62	130449
63	131783
64	138680
65	141160
66	141420
67	142597
68	142832
69	142859
70	144027
71	144700
72	148556
73	150612
74	156259
75	159322
76	169610
77	171156
78	172552
79	175044
80	176508
81	186367
82	189953
83	191418
84	191933
85	192135
86	197468
87	198498
88	203418
89	204478
90	204893
91	207062
92	207197
93	214279
94	215067
95	222387
96	222897
97	224306
98	224873
99	225462
100	228078
101	233521
102	234299
103	234860
104	234969
105	238498
106	247349
107	247831
108	250672
109	250930
110	250983
111	253966
112	254656
113	255600
114	257005
115	262651
116	268668
117	269006
118	272084
119	279313
120	284306
121	295696
122	298062
123	298219
124	299739
125	303027
126	303422
127	303503
128	304440
129	306600
130	307819
131	308574
132	312047
133	312575
134	315374
135	316186
136	316620
137	318751
138	319164
139	321395
140	321454
141	322587
142	324002
143	325564
144	325857
145	328012
146	330148
147	334632
148	335573
149	336899
150	337483
151	337937
152	346074
153	349365
154	351054
155	352196
156	352357
157	352779
158	358771
159	360661
160	368125
161	368322
162	369432
163	369611
164	376400
165	376930
166	385080
167	386348
168	387595
169	387957
170	391350
171	395012
172	396256
173	396357
174	396661
175	401239
176	404366
177	404920
178	406013
179	406269
180	410380
181	410636
182	414596
183	414599
184	416788
185	419619
186	419874
187	423363
188	424597
189	425681
190	426370
191	433467
192	436420
193	441061
194	444994
195	446015
196	447219
197	448147
198	454905
199	455382
200	456457
201	460469
202	461867
203	463205
204	465392
205	465692
206	470042
207	472747
208	473396
209	475891
210	478028
211	478534
212	478807
213	479076
214	480307
215	480854
216	482952
217	483092
218	484681
219	491309
220	492893
221	493159
222	493756
223	500226
224	501325
225	504474
226	505048
227	507592
228	510212
229	511709
230	513795
231	515581
232	516027
233	516632
234	518322
235	522193
236	522454
237	523170
238	523273
239	523663
240	524832
241	524901
242	527059
243	529114
244	532709
245	534484
246	536022
247	536892
248	537194
249	539138
250	540071
251	540326
252	541013
253	541790
254	542891
255	543056
256	547113
257	553274
258	553578
259	554762
260	555778
261	559316
262	563830
263	565586
264	566059
265	566356
266	566602
267	567051
268	572201
269	573486
270	574121
271	574140
272	581180
273	583672
274	585073
275	585400
276	587198
277	587871
278	588665
279	589450
280	589982
281	590406
282	593427
283	595719
284	596143
285	596811
286	596844
287	597270
288	598113
289	600329
290	600751
291	601830
292	601876
293	603197
294	609820
295	610650
296	610809
297	618133
298	619982
299	622588
300	622744
301	625864
302	628010
303	630924
304	633950
305	637664
306	638448
307	640241
308	641180
309	644339
310	645287
311	646727
312	648189
313	648204
314	648399
315	648740
316	651135
317	651907
318	651929
319	653392
320	654187
321	654430
322	658242
323	658675
324	665780
325	666751
326	668544
327	669260
328	678685
329	679039
330	680028
331	681090
332	681458
333	687680
334	695920
335	696343
336	697836
337	697920
338	700976
339	701524
340	702024
341	702059
342	703227
343	708639
344	709936
345	714232
346	714365
347	714653
348	715716
349	719099
350	720107
351	720966
352	720993
353	722540
354	724171
355	725205
356	728433
357	730106
358	731354
359	732231
360	734886
361	735365
362	735736
363	736058
364	737137
365	742012
366	742143
367	742667
368	743445
369	745563
370	746795
371	747234
372	748166
373	748933
374	754683
375	759005
376	763726
377	764712
378	767572
379	767948
380	768555
381	769731
382	773906
383	775680
384	776550
385	780449
386	783878
387	783895
388	783921
389	784045
390	786726
391	791053
392	791674
393	791959
394	793729
395	795687
396	796193
397	798911
398	800107
399	804043
400	804956
401	806312
402	807511
403	808005
404	811142
405	812829
406	813301
407	815130
408	819496
409	819497
410	819499
411	821571
412	826041
413	828934
414	829753
415	831268
416	832536
417	833633
418	834514
419	834578
420	835027
421	836878
422	841259
423	843634
424	850110
425	855682
426	856377
427	858022
428	858592
429	859235
430	859710
431	860590
432	860662
433	861952
434	866007
435	869518
436	869867
437	874045
438	878242
439	883267
440	884562
441	885304
442	886822
443	887351
444	887369
445	898034
446	902449
447	906412
448	907747
449	909322
450	909731
451	909756
452	910988
453	911130
454	912182
455	913165
456	918324
457	919609
458	921746
459	922134
460	925998
461	926332
462	926866
463	929911
464	932694
465	933347
466	935911
467	936428
468	940731
469	940834
470	942871
471	944431
472	944920
473	947697
474	948897
475	948968
476	950296
477	951642
478	952756
479	952954
480	954115
481	955237
482	957520
483	957521
484	957647
485	960874
486	962862
487	964440
488	966768
489	969030
490	969063
491	970009
492	971975
493	972463
494	977406
495	977592
496	978802
497	979462
498	983413
499	986782
500	988249
501	996206
502	998213
503	998306
504	999238
505	999688
506	1001182
507	1003921
508	1005004
509	1005297
510	1006858
511	1007051
512	1009221
513	1009317
514	1009403
515	1009812
516	1009991
517	1011221
518	1011849
519	1012770
520	1013423
521	1015979
522	1015986
523	1016686
524	1016692
525	1016725
526	1017840
527	1018166
528	1018980
529	1021016
530	1021780
531	1022504
532	1052771
533	1053799
534	1054858
535	1065172
536	1065464
537	1068305
538	1070536
539	1070600
540	1071062
541	1071962
542	1072646
543	1072886
544	1076027
545	1076509
546	1077064
547	1077431
548	1077673
549	1077690
550	1078766
551	1080736
552	1081751
553	1082743
554	1083708
555	1083820
556	1085894
557	1087590
558	1091250
559	1092501
560	1097933
561	1099354
562	1101972
563	1103832
564	1104385
565	1108576
566	1110516
567	1111515
568	1112304
569	1117840
570	1119340
571	1119791
572	1121306
573	1125464
574	1127283
575	1127355
576	1130825
577	1131549
578	1131801
579	1133483
580	1137206
581	1137695
582	1137944
583	1139189
584	1139754
585	1141397
586	1141989
587	1143078
588	1143156
589	1146852
590	1148680
591	1149166
592	1149377
593	1152334
594	1153288
595	1156804
596	1158153
597	1158258
598	1159406
599	1162571
600	1168209
601	1168952
602	1170355
603	1170718
604	1171665
605	1175496
606	1175913
607	1177605
608	1177987
609	1179888
610	1184796
611	1185137
612	1185543
613	1196168
614	1196572
615	1199032
616	1199691
617	1199829
618	1201693
619	1206834
620	1207677
621	1208516
622	1208580
623	1210754
624	1214780
625	1215331
626	1216782
627	1220313
628	1223212
629	1223262
630	1223454
631	1223979
632	1224105
633	1227846
634	1231185
635	1231572
636	1232403
637	1233093
638	1236489
639	1239624
640	1240994
641	1246375
642	1247557
643	1247847
644	1250643
645	1252024
646	1252157
647	1253687
648	1256994
649	1259680
650	1260072
651	1261857
652	1263418
653	1265820
654	1269622
655	1271858
656	1272472
657	1273941
658	1278615
659	1280753
660	1281717
661	1283953
662	1285267
663	1285721
664	1286653
665	1287080
666	1288071
667	1293915
668	1294206
669	1297609
670	1299132
671	1299540
672	1299999
673	1300493
674	1302256
675	1305623
676	1311831
677	1314485
678	1315789
679	1318444
680	1319972
681	1320554
682	1321078
683	1326418
684	1327169
685	1327311
686	1328820
687	1328974
688	1332456
689	1332580
690	1332818
691	1337298
692	1339643
693	1341319
694	1343061
695	1344683
696	1344929
697	1345242
698	1347059
699	1347489
700	1350752
701	1351686
702	1352032
703	1352273
704	1353570
705	1355075
706	1356112
707	1356134
708	1357737
709	1357925
710	1358234
711	1360498
712	1360667
713	1360804
714	1363090
715	1364435
716	1368300
717	1368950
718	1371220
719	1371863
720	1373436
721	1373711
722	1374505
723	1379465
724	1382904
725	1386572
726	1387515
727	1387910
728	1393685
729	1394866
730	1396871
731	1397999
732	1404930
733	1406088
734	1407916
735	1411230
736	1413074
737	1414210
738	1414455
739	1421533
740	1421969
741	1424107
742	1426543
743	1428804
744	1430125
745	1432909
746	1438310
747	1440563
748	1444320
749	1446996
750	1448839
751	1454324
752	1454682
753	1461525
754	1462021
755	1462579
756	1466399
757	1467292
758	1467934
759	1470634
760	1474170
761	1475401
762	1476162
763	1477485
764	1477713
765	1478295
766	1479341
767	1481637
768	1483329
769	1483395
770	1483720
771	1484081
772	1487914
773	1488303
774	1491394
775	1492469
776	1498036
777	1501481
778	1502122
779	1502408
780	1505425
781	1505479
782	1505786
783	1507279
784	1511620
785	1514020
786	1514575
787	1514903
788	1515334
789	1516051
790	1518434
791	1519264
792	1519855
793	1521311
794	1522978
795	1524462
796	1527921
797	1534261
798	1536826
799	1542544
800	1545350
801	1546693
802	1546849
803	1549400
804	1552330
805	1553125
806	1553353
807	1553991
808	1555886
809	1557184
810	1560490
811	1561812
812	1564782
813	1566375
814	1568609
815	1569189
816	1569748
817	1569802
818	1570832
819	1571463
820	1572189
821	1572240
822	1572243
823	1572258
824	1572261
825	1573676
826	1573827
827	1576241
828	1576823
829	1578679
830	1585599
831	1598124
832	1599148
833	1603790
834	1608311
835	1609630
836	1610503
837	1612286
838	1613369
839	1618586
840	1621072
841	1621647
842	1624976
843	1625245
844	1625988
845	1631852
846	1637160
847	1638264
848	1639080
849	1639568
850	1641800
851	1642807
852	1643082
853	1644697
854	1647425
855	1649203
856	1649938
857	1650058
858	1650361
859	1652333
860	1652938
861	1653139
862	1656953
863	1659423
864	1660729
865	1662068
866	1662608
867	1663537
868	1666870
869	1667160
870	1667217
871	1673789
872	1673866
873	1674841
874	1678018
875	1678198
876	1688349
877	1689258
878	1691615
879	1699642
880	1700099
881	1700667
882	1701198
883	1701909
884	1702026
885	1703109
886	1703737
887	1703824
888	1704346
889	1708505
890	1708938
891	1711689
892	1713179
893	1713692
894	1718090
895	1718124
896	1718682
897	1718927
898	1719699
899	1721376
900	1721486
901	1724619
902	1725201
903	1727075
904	1727484
905	1729825
906	1733916
907	1737670
908	1738010
909	1738443
910	1740633
911	1742889
912	1743644
913	1744295
914	1745147
915	1748044
916	1750800
917	1753369
918	1754279
919	1757101
920	1758107
921	1762109
922	1762428
923	1762613
924	1763326
925	1764813
926	1765188
927	1767390
928	1768580
929	1770299
930	1770357
931	1774191
932	1777130
933	1780247
934	1790243
935	1790270
936	1790321
937	1795144
938	1795707
939	1799083
940	1799569
941	1802910
942	1807178
943	1808988
944	1810868
945	1811869
946	1812993
947	1813311
948	1815777
949	1818041
950	1818219
951	1819398
952	1825107
953	1825572
954	1826640
955	1826959
956	1827154
957	1832873
958	1832904
959	1833107
960	1833265
961	1833801
962	1835884
963	1846009
964	1848013
965	1849262
966	1855409
967	1856676
968	1857627
969	1861286
970	1861305
971	1863737
972	1863995
973	1869043
974	1870557
975	1871133
976	1873194
977	1873385
978	1878958
979	1879192
980	1879407
981	1879418
982	1881601
983	1884128
984	1886738
985	1887997
986	1893551
987	1895846
988	1898777
989	1900132
990	1901192
991	1905642
992	1906252
993	1918406
994	1934711
995	1940216
996	1940374
997	1942058
998	1943106
999	1943376
1000	1943523
1001	1945040
1002	1945814
1003	1957691
1004	1958221
1005	1958679
1006	1959017
1007	1959361
1008	1961605
1009	1966393
1010	1968546
1011	1971667
1012	1971822
1013	1972228
1014	1973554
1015	1975444
1016	1979779
1017	1982741
1018	1988533
1019	1989224
1020	1990804
1021	1991342
1022	1994562
1023	1997815
1024	2001404
1025	2003272
1026	2003470
1027	2004248
1028	2005576
1029	2008508
1030	2011110
1031	2021912
1032	2024739
1033	2024895
1034	2028371
1035	2031836
1036	2032696
1037	2034896
1038	2035157
1039	2037252
1040	2038177
1041	2040265
1042	2041827
1043	2043989
1044	2044970
1045	2045085
1046	2045150
1047	2049330
1048	2050857
1049	2055936
1050	2058989
1051	2063662
1052	2063823
1053	2064552
1054	2065699
1055	2067111
1056	2070402
1057	2070496
1058	2070766
1059	2071566
1060	2075830
1061	2078004
1062	2079228
1063	2079451
1064	2084306
1065	2085462
1066	2086271
1067	2087083
1068	2088088
1069	2089221
1070	2089414
1071	2089879
1072	2091190
1073	2095713
1074	2096613
1075	2098582
1076	2099330
1077	2100607
1078	2100770
1079	2101244
1080	2101482
1081	2103045
1082	2104370
1083	2106907
1084	2107482
1085	2112466
1086	2112543
1087	2112998
1088	2114657
1089	2115860
1090	2117208
1091	2118409
1092	2121126
1093	2122329
1094	2122697
1095	2123221
1096	2123866
1097	2124965
1098	2125099
1099	2125378
1100	2125949
1101	2126223
1102	2126396
1103	2126765
1104	2129214
1105	2129406
1106	2129562
1107	2133561
1108	2137281
1109	2137866
1110	2138021
1111	2139996
1112	2140145
1113	2141684
1114	2142660
1115	2143052
1116	2144943
1117	2152724
1118	2153324
1119	2156058
1120	2156275
1121	2157450
1122	2158032
1123	2158773
1124	2160827
1125	2161711
1126	2163665
1127	2167970
1128	2170043
1129	2170986
1130	2174642
1131	2175557
1132	2180711
1133	2181330
1134	2181650
1135	2185613
1136	2188577
1137	2188782
1138	2192277
1139	2193096
1140	2194492
1141	2194685
1142	2194742
1143	2195467
1144	2201476
1145	2201751
1146	2204408
1147	2206624
1148	2207122
1149	2207895
1150	2211350
1151	2212281
1152	2215939
1153	2216261
1154	2217753
1155	2218659
1156	2219513
1157	2219733
1158	2220116
1159	2220349
1160	2220469
1161	2220587
1162	2220602
1163	2220681
1164	2220692
1165	2220779
1166	2220836
1167	2221084
1168	2221085
1169	2221309
1170	2221338
1171	2221448
1172	2221474
1173	2221555
1174	2221634
1175	2221681
1176	2222076
1177	2224824
1178	2225224
1179	2225392
1180	2227985
1181	2231274
1182	2232347
1183	2233855
1184	2236854
1185	2238414
1186	2239247
1187	2240612
1188	2244671
1189	2245901
1190	2246947
1191	2247722
1192	2249416
1193	2250481
1194	2251449
1195	2255824
1196	2256451
1197	2258290
1198	2259581
1199	2259758
1200	2259934
1201	2259942
1202	2261105
1203	2261360
1204	2267901
1205	2271717
1206	2272602
1207	2276605
1208	2278264
1209	2280113
1210	2280711
1211	2281691
1212	2285753
1213	2290346
1214	2292130
1215	2293026
1216	2293545
1217	2294338
1218	2294904
1219	2297618
1220	2301249
1221	2312975
1222	2314461
1223	2321840
1224	2322340
1225	2322789
1226	2329856
1227	2332444
1228	2333751
1229	2333762
1230	2343744
1231	2343755
1232	2345379
1233	2346218
1234	2348624
1235	2349960
1236	2351895
1237	2353544
1238	2355350
1239	2358131
1240	2358133
1241	2358185
1242	2359675
1243	2360494
1244	2362449
1245	2363456
1246	2367388
1247	2380990
1248	2382914
1249	2388058
1250	2390009
1251	2390234
1252	2390422
1253	2391170
1254	2394698
1255	2395063
1256	2395167
1257	2395712
1258	2396554
1259	2400013
1260	2400252
1261	2400339
1262	2400718
1263	2404658
1264	2405024
1265	2405030
1266	2405171
1267	2405371
1268	2407059
1269	2410239
1270	2410296
1271	2411459
1272	2412229
1273	2413062
1274	2414998
1275	2417387
1276	2421852
1277	2422199
1278	2423471
1279	2424044
1280	2427353
1281	2432140
1282	2438325
1283	2440014
1284	2440242
1285	2442143
1286	2443237
1287	2445013
1288	2445635
1289	2448365
1290	2451324
1291	2454473
1292	2455088
1293	2456011
1294	2456099
1295	2458460
1296	2459640
1297	2459720
1298	2463292
1299	2463471
1300	2466705
1301	2468361
1302	2468625
1303	2472559
1304	2473132
1305	2474208
1306	2479097
1307	2481492
1308	2485007
1309	2486790
1310	2488002
1311	2489853
1312	2494971
1313	2498259
1314	2501892
1315	2504686
1316	2508581
1317	2509989
1318	2510467
1319	2511236
1320	2511496
1321	2513528
1322	2513562
1323	2515173
1324	2517778
1325	2519951
1326	2523348
1327	2524236
1328	2524418
1329	2525837
1330	2526712
1331	2527065
1332	2528453
1333	2529449
1334	2529623
1335	2532002
1336	2533751
1337	2535217
1338	2535559
1339	2536111
1340	2538610
1341	2540373
1342	2541873
1343	2542138
1344	2548671
1345	2549861
1346	2552384
1347	2552658
1348	2553643
1349	2563746
1350	2564997
1351	2567864
1352	2569752
1353	2570337
1354	2572090
1355	2572540
1356	2573624
1357	2574086
1358	2575584
1359	2577630
1360	2578705
1361	2580703
1362	2582096
1363	2582436
1364	2584334
1365	2585366
1366	2588475
1367	2590635
1368	2591121
1369	2592024
1370	2593485
1371	2593796
1372	2593883
1373	2601277
1374	2603260
1375	2603725
1376	2608112
1377	2609593
1378	2612711
1379	2614174
1380	2615810
1381	2618237
1382	2618279
1383	2620668
1384	2621959
1385	2623693
1386	2625493
1387	2626069
1388	2627804
1389	2629330
1390	2629494
1391	2630948
1392	2631711
1393	2633041
1394	2635248
1395	2636546
1396	2636972
1397	2638833
1398	2641074
1399	2641871
1400	2647159
1401	2659248
1402	2660563
1403	2662289
1404	2663719
1405	2664650
1406	2664829
1407	2666326
1408	2666432
1409	2667059
1410	2672578
1411	2673676
1412	2677472
1413	2677524
1414	2677772
1415	2678149
1416	2678411
1417	2678823
1418	2680062
1419	2680284
1420	2681319
1421	2682129
1422	2682892
1423	2688150
1424	2689072
1425	2689304
1426	2690800
1427	2694549
1428	2695029
1429	2695722
1430	2698036
1431	2699105
1432	2699733
1433	2699860
1434	2702451
1435	2707195
1436	2709391
1437	2709742
1438	2711298
1439	2711975
1440	2717859
1441	2717860
1442	2717861
1443	2723466
1444	2723724
1445	2724715
1446	2726453
1447	2726803
1448	2727016
1449	2727448
1450	2728508
1451	2728560
1452	2731483
1453	2732806
1454	2733031
1455	2734442
1456	2737837
1457	2739136
1458	2740333
1459	2741261
1460	2743350
1461	2744303
1462	2744838
1463	2745249
1464	2750043
1465	2750102
1466	2753071
1467	2753742
1468	2754552
1469	2756855
1470	2757499
1471	2758072
1472	2759617
1473	2760040
1474	2768667
1475	2768694
1476	2768698
1477	2768724
1478	2768772
1479	2768808
1480	2768813
1481	2769023
1482	2769158
1483	2769314
1484	2769352
1485	2771992
1486	2775027
1487	2777582
1488	2778152
1489	2780130
1490	2782351
1491	2783564
1492	2785902
1493	2788194
1494	2790482
1495	2790631
1496	2792091
1497	2792608
1498	2796040
1499	2801080
1500	2801118
1501	2802352
1502	2802476
1503	2802581
1504	2805529
1505	2806605
1506	2808720
1507	2808822
1508	2809481
1509	2809750
1510	2811222
1511	2811809
1512	2813099
1513	2813206
1514	2813960
1515	2816573
1516	2817033
1517	2820006
1518	2821769
1519	2822401
1520	2822791
1521	2822799
1522	2823789
1523	2824733
1524	2827874
1525	2832003
1526	2832303
1527	2833489
1528	2835104
1529	2836791
1530	2838368
1531	2839812
1532	2840322
1533	2840930
1534	2843110
1535	2843117
1536	2846943
1537	2848422
1538	2852352
1539	2854145
1540	2855290
1541	2858665
1542	2859750
1543	2860081
1544	2863255
1545	2865247
1546	2865735
1547	2866255
1548	2866683
1549	2867747
1550	2869580
1551	2869943
1552	2870485
1553	2871958
1554	2875335
1555	2875497
1556	2876431
1557	2878031
1558	2878049
1559	2883938
1560	2891240
1561	2895265
1562	2896427
1563	2898295
1564	2902990
1565	2905563
1566	2905833
1567	2911262
1568	2912864
1569	2913202
1570	2915234
1571	2915319
1572	2915444
1573	2915546
1574	2915589
1575	2915649
1576	2915698
1577	2915718
1578	2915762
1579	2915780
1580	2915889
1581	2915895
1582	2916568
1583	2920903
1584	2923920
1585	2924237
1586	2925815
1587	2926018
1588	2926443
1589	2928524
1590	2932938
1591	2935901
1592	2938173
1593	2940083
1594	2940098
1595	2942068
1596	2943434
1597	2946046
1598	2946197
1599	2956362
1600	2959409
1601	2963881
1602	2963907
1603	2965803
1604	2969985
1605	2983019
1606	2983034
1607	2986862
1608	2988813
1609	2994567
1610	2996510
1611	3000263
1612	3005055
1613	3005406
1614	3008300
1615	3008923
1616	3012950
1617	3013384
1618	3016194
1619	3016771
1620	3016789
1621	3019146
1622	3020334
1623	3020768
1624	3021082
1625	3024394
1626	3028188
1627	3028901
1628	3031393
1629	3034024
1630	3035541
1631	3038753
1632	3040301
1633	3041965
1634	3046225
1635	3048131
1636	3048613
1637	3048757
1638	3049524
1639	3050378
1640	3051237
1641	3052467
1642	3059938
1643	3060816
1644	3061834
1645	3063641
1646	3064412
1647	3064413
1648	3066187
1649	3066281
1650	3071317
1651	3072524
1652	3073477
1653	3077960
1654	3079439
1655	3082460
1656	3083090
1657	3084093
1658	3085030
1659	3085500
1660	3089267
1661	3091547
1662	3091945
1663	3092205
1664	3092879
1665	3092900
1666	3095431
1667	3096290
1668	3097895
1669	3099121
1670	3100373
1671	3101084
1672	3102192
1673	3102679
1674	3103035
1675	3105483
1676	3105955
1677	3106566
1678	3107221
1679	3107350
1680	3108489
1681	3109844
1682	3110898
1683	3110913
1684	3111746
1685	3111914
1686	3113009
1687	3115686
1688	3115999
1689	3121081
1690	3121264
1691	3122291
1692	3122407
1693	3122432
1694	3122442
1695	3123063
1696	3127692
1697	3127750
1698	3128401
1699	3129897
1700	3130075
1701	3131569
1702	3133882
1703	3134554
1704	3137515
1705	3139467
1706	3141810
1707	3141817
1708	3142844
1709	3144454
1710	3144682
1711	3145812
1712	3147222
1713	3149097
1714	3150291
1715	3150975
1716	3151305
1717	3151541
1718	3153754
1719	3154619
1720	3154910
1721	3154948
1722	3155406
1723	3155507
1724	3155913
1725	3156369
1726	3156981
1727	3160747
1728	3161860
1729	3166643
1730	3167807
1731	3169736
1732	3174065
1733	3174251
1734	3174288
1735	3175063
1736	3176129
1737	3183841
1738	3185126
1739	3185313
1740	3189265
1741	3192329
1742	3193566
1743	3194118
1744	3196972
1745	3197128
1746	3198115
1747	3200696
1748	3204410
1749	3205766
1750	3210307
1751	3211898
1752	3213827
1753	3213890
1754	3216533
1755	3217449
1756	3218027
1757	3223974
1758	3224408
1759	3231492
1760	3235394
1761	3237108
1762	3239828
1763	3240950
1764	3242081
1765	3242316
1766	3242339
1767	3243780
1768	3243877
1769	3245525
1770	3247453
1771	3249477
1772	3249576
1773	3254123
1774	3257560
1775	3258459
1776	3259286
1777	3259754
1778	3260624
1779	3261792
1780	3262403
1781	3262658
1782	3264967
1783	3267599
1784	3268656
1785	3270536
1786	3271541
1787	3271730
1788	3271882
1789	3274523
1790	3281469
1791	3282054
1792	3284725
1793	3288788
1794	3291164
1795	3293461
1796	3299581
1797	3300500
1798	3300822
1799	3303447
1800	3303487
1801	3303826
1802	3305072
1803	3305222
1804	3305487
1805	3312544
1806	3321076
1807	3323542
1808	3330642
1809	3331431
1810	3333178
1811	3338252
1812	3338902
1813	3339634
1814	3344223
1815	3344414
1816	3348383
1817	3348600
1818	3348958
1819	3348986
1820	3357447
1821	3360367
1822	3360518
1823	3364120
1824	3370565
1825	3376020
1826	3377296
1827	3379318
1828	3379604
1829	3381243
1830	3382414
1831	3388562
1832	3389305
1833	3392367
1834	3393134
1835	3393163
1836	3393372
1837	3395318
1838	3397792
1839	3400946
1840	3407912
1841	3410125
1842	3411835
1843	3411905
1844	3412545
1845	3412589
1846	3413472
1847	3413925
1848	3414078
1849	3414176
1850	3415394
1851	3416074
1852	3417431
1853	3418190
1854	3425773
1855	3427171
1856	3428197
1857	3428564
1858	3428994
1859	3429892
1860	3437600
1861	3445244
1862	3445483
1863	3445524
1864	3446877
1865	3447329
1866	3447611
1867	3449889
1868	3452006
1869	3453026
1870	3453030
1871	3453228
1872	3454947
1873	3455041
1874	3456182
1875	3457322
1876	3458737
1877	3459434
1878	3469915
1879	3471619
1880	3473985
1881	3477259
1882	3477893
1883	3481160
1884	3485746
1885	3486145
1886	3487286
1887	3489821
1888	3500426
1889	3501954
1890	3503755
1891	3511033
1892	3511924
1893	3512553
1894	3516170
1895	3516497
1896	3517501
1897	3517528
1898	3517816
1899	3522286
1900	3524876
1901	3528386
1902	3531764
1903	3531957
1904	3531979
1905	3532640
1906	3534652
1907	3538399
1908	3540839
1909	3541072
1910	3541077
1911	3541093
1912	3541113
1913	3541161
1914	3541187
1915	3541191
1916	3541218
1917	3549725
1918	3550622
1919	3561032
1920	3562888
1921	3564220
1922	3564454
1923	3565495
1924	3567249
1925	3571854
1926	3575368
1927	3575385
1928	3575499
1929	3580741
1930	3582360
1931	3585016
1932	3586209
1933	3586882
1934	3591247
1935	3592120
1936	3592213
1937	3600431
1938	3600543
1939	3603379
1940	3604463
1941	3611598
1942	3613115
1943	3614504
1944	3621120
1945	3621251
1946	3622061
1947	3623373
1948	3625731
1949	3627170
1950	3635202
1951	3640585
1952	3647256
1953	3648341
1954	3650047
1955	3650109
1956	3653401
1957	3653467
1958	3654108
1959	3656903
1960	3658088
1961	3658569
1962	3661526
1963	3661907
1964	3667482
1965	3668176
1966	3669982
1967	3670000
1968	3674627
1969	3674846
1970	3674891
1971	3675349
1972	3679911
1973	3680900
1974	3683003
1975	3687428
1976	3691999
1977	3692278
1978	3692386
1979	3692449
1980	3696542
1981	3697148
1982	3697344
1983	3700471
1984	3703069
1985	3704780
1986	3706110
1987	3710197
1988	3710369
1989	3716339
1990	3719735
1991	3722134
1992	3722671
1993	3727064
1994	3727883
1995	3729989
1996	3735255
1997	3735700
1998	3736744
1999	3738110
2000	3743226
2001	3756131
2002	3757189
2003	3757403
2004	3763783
2005	3765368
2006	3769224
2007	3769935
2008	3769966
2009	3770198
2010	3772428
2011	3776087
2012	3783421
2013	3786535
2014	3788786
2015	3790362
2016	3790527
2017	3792379
2018	3794473
2019	3798277
2020	3800089
2021	3801180
2022	3807670
2023	3808619
2024	3809282
2025	3810322
2026	3810325
2027	3811748
2028	3811980
2029	3814441
2030	3816609
2031	3825201
2032	3829105
2033	3838017
2034	3838643
2035	3841249
2036	3842688
2037	3843811
2038	3844207
2039	3844863
2040	3845352
2041	3846619
2042	3847622
2043	3849672
2044	3850100
2045	3851046
2046	3852146
2047	3854982
2048	3858510
2049	3860383
2050	3863537
2051	3865058
2052	3868351
2053	3870771
2054	3871134
2055	3871210
2056	3873189
2057	3873213
2058	3873232
2059	3877058
2060	3878869
2061	3880386
2062	3881255
2063	3884913
2064	3886726
2065	3889356
2066	3890725
2067	3894699
2068	3898650
2069	3900598
2070	3903617
2071	3904797
2072	3905153
2073	3908453
2074	3909986
2075	3910594
2076	3915487
2077	3916897
2078	3922601
2079	3924375
2080	3928144
2081	3932519
2082	3934525
2083	3936256
2084	3936660
2085	3938457
2086	3940754
2087	3942971
2088	3945861
2089	3949726
2090	3951172
2091	3951494
2092	3958889
2093	3960111
2094	3960489
2095	3963088
2096	3963359
2097	3965375
2098	3965393
2099	3965399
2100	3966118
2101	3966119
2102	3968160
2103	3968532
2104	3969036
2105	3970322
2106	3971768
2107	3978521
2108	3978843
2109	3980366
2110	3981645
2111	3985245
2112	3987629
2113	3990950
2114	3992025
2115	3992493
2116	3999028
2117	3999982
2118	4009185
2119	4009999
2120	4010585
2121	4013639
2122	4017301
2123	4018886
2124	4019219
2125	4022754
2126	4025396
2127	4026772
2128	4027966
2129	4028705
2130	4029564
2131	4032491
2132	4035918
2133	4036106
2134	4038489
2135	4039677
2136	4043170
2137	4044597
2138	4044686
2139	4044947
2140	4046507
2141	4051722
2142	4052047
2143	4052658
2144	4053946
2145	4057403
2146	4062034
2147	4063303
2148	4063420
2149	4069105
2150	4080019
2151	4082341
2152	4085497
2153	4087552
2154	4090403
2155	4095577
2156	4095636
2157	4097245
2158	4097376
2159	4099391
2160	4099675
2161	4102896
2162	4104250
2163	4105815
2164	4107333
2165	4109031
2166	4110356
2167	4114210
2168	4116107
2169	4122411
2170	4123605
2171	4123926
2172	4124784
2173	4125032
2174	4125150
2175	4127548
2176	4128027
2177	4129396
2178	4129751
2179	4133810
2180	4135657
2181	4137907
2182	4146881
2183	4148498
2184	4149615
2185	4151616
2186	4153481
2187	4155268
2188	4157463
2189	4161823
2190	4165473
2191	4169103
2192	4170176
2193	4171650
2194	4171819
2195	4172529
2196	4174091
2197	4174880
2198	4179962
2199	4184625
2200	4185127
2201	4186552
2202	4186716
2203	4189005
2204	4194665
2205	4199587
2206	4201052
2207	4202982
2208	4205408
2209	4207445
2210	4209517
2211	4209729
2212	4210348
2213	4213169
2214	4215221
2215	4219505
2216	4220221
2217	4222065
2218	4224883
2219	4225911
2220	4230175
2221	4230234
2222	4231254
2223	4239866
2224	4245448
2225	4250967
2226	4251864
2227	4252258
2228	4254813
2229	4262849
2230	4264359
2231	4265083
2232	4265219
2233	4268053
2234	4269305
2235	4275503
2236	4276181
2237	4276310
2238	4278971
2239	4281838
2240	4282205
2241	4283877
2242	4285441
2243	4286927
2244	4287275
2245	4292216
2246	4294505
2247	4296974
2248	4300601
2249	4301830
2250	4305149
2251	4305198
2252	4305420
2253	4305998
2254	4307935
2255	4309370
2256	4311255
2257	4311320
2258	4311996
2259	4313674
2260	4315209
2261	4321266
2262	4321937
2263	4322454
2264	4324099
2265	4328298
2266	4328423
2267	4331702
2268	4334938
2269	4335037
2270	4335076
2271	4335186
2272	4335283
2273	4335292
2274	4335553
2275	4335559
2276	4335562
2277	4338593
2278	4341682
2279	4342466
2280	4353894
2281	4356758
2282	4357954
2283	4358169
2284	4363890
2285	4365012
2286	4367137
2287	4367972
2288	4372213
2289	4374496
2290	4376974
2291	4378776
2292	4382674
2293	4384843
2294	4385274
2295	4388712
2296	4389447
2297	4393270
2298	4393982
2299	4395071
2300	4395235
2301	4397967
2302	4399397
2303	4403575
2304	4404463
2305	4406109
2306	4408026
2307	4408295
2308	4411683
2309	4411844
2310	4412790
2311	4412959
2312	4413668
2313	4417332
2314	4417334
2315	4417335
2316	4420299
2317	4421365
2318	4422904
2319	4423634
2320	4423712
2321	4428648
2322	4429843
2323	4429920
2324	4432122
2325	4432335
2326	4432787
2327	4433323
2328	4433454
2329	4433990
2330	4434744
2331	4441986
2332	4442012
2333	4442247
2334	4443365
2335	4446287
2336	4447864
2337	4451461
2338	4458406
2339	4459250
2340	4460761
2341	4462366
2342	4462467
2343	4463474
2344	4463720
2345	4463856
2346	4468945
2347	4473826
2348	4475078
2349	4479155
2350	4479563
2351	4479932
2352	4482933
2353	4484103
2354	4484454
2355	4485790
2356	4486033
2357	4486036
2358	4486045
2359	4486523
2360	4487339
2361	4487788
2362	4488143
2363	4488144
2364	4491375
2365	4494417
2366	4494838
2367	4496952
2368	4497110
2369	4499412
2370	4502744
2371	4504003
2372	4504077
2373	4506665
2374	4507359
2375	4509491
2376	4510158
2377	4511816
2378	4512350
2379	4512409
2380	4513861
2381	4515764
2382	4516890
2383	4517406
2384	4517487
2385	4517618
2386	4517619
2387	4517757
2388	4518144
2389	4519053
2390	4519117
2391	4519638
2392	4519700
2393	4520024
2394	4520545
2395	4520596
2396	4520764
2397	4520957
2398	4521032
2399	4521167
2400	4521328
2401	4523268
2402	4525050
2403	4526863
2404	4527723
2405	4529704
2406	4533122
2407	4534590
2408	4535118
2409	4539798
2410	4539805
2411	4540267
2412	4541532
2413	4541540
2414	4543099
2415	4543165
2416	4544130
2417	4546211
2418	4546589
2419	4547832
2420	4548968
2421	4549078
2422	4549152
2423	4551221
2424	4552481
2425	4560094
2426	4560912
2427	4562533
2428	4566540
2429	4575864
2430	4577763
2431	4579038
2432	4582073
2433	4584460
2434	4585827
2435	4590314
2436	4591544
2437	4594526
2438	4596157
2439	4597231
2440	4600470
2441	4600814
2442	4600831
2443	4604497
2444	4606185
2445	4606358
2446	4606674
2447	4606909
2448	4607136
2449	4613703
2450	4621731
2451	4628143
2452	4632449
2453	4635140
2454	4637091
2455	4639019
2456	4641577
2457	4642445
2458	4643611
2459	4644288
2460	4645964
2461	4651305
2462	4652038
2463	4653151
2464	4653330
2465	4653454
2466	4653687
2467	4654062
2468	4654253
2469	4655460
2470	4655492
2471	4655941
2472	4657026
2473	4657772
2474	4661308
2475	4664670
2476	4665876
2477	4666374
2478	4666736
2479	4668923
2480	4671626
2481	4672315
2482	4674323
2483	4675312
2484	4675338
2485	4675875
2486	4676010
2487	4676630
2488	4677692
2489	4680087
2490	4681336
2491	4681946
2492	4683482
2493	4684745
2494	4686543
2495	4687664
2496	4694008
2497	4696186
2498	4696214
2499	4697889
2500	4701781
2501	4702137
2502	4704240
2503	4704495
2504	4710640
2505	4710881
2506	4712305
2507	4713414
2508	4714977
2509	4715697
2510	4716109
2511	4725286
2512	4725420
2513	4725591
2514	4731149
2515	4731461
2516	4733346
2517	4734912
2518	4737167
2519	4737679
2520	4743522
2521	4747558
2522	4748133
2523	4749101
2524	4751808
2525	4751947
2526	4752544
2527	4758106
2528	4761852
2529	4762717
2530	4763301
2531	4766861
2532	4767233
2533	4769260
2534	4773735
2535	4774186
2536	4774652
2537	4776634
2538	4782876
2539	4783573
2540	4784356
2541	4789951
2542	4795223
2543	4795963
2544	4797963
2545	4799007
2546	4804979
2547	4806502
2548	4806921
2549	4808242
2550	4808250
