1	415
2	1335
3	1938
4	41802
5	43601
6	47402
7	47456
8	48045
9	51543
10	51876
11	55981
12	57842
13	58212
14	58213
15	58590
16	58746
17	62249
18	63992
19	64521
20	64657
21	65164
22	67444
23	74425
24	77763
25	78902
26	80693
27	81002
28	85814
29	85994
30	86413
31	88943
32	89720
33	89895
34	91452
35	92336
36	93149
37	93375
38	93385
39	93681
40	94015
41	96126
42	97274
43	98127
44	98392
45	103172
46	103440
47	103642
48	104747
49	104985
50	107122
51	107528
52	107768
53	109820
54	109889
55	110692
56	111385
57	113325
58	113414
59	113504
60	113518
61	114095
62	114766
63	114795
64	115177
65	119127
66	119424
67	121439
68	122309
69	123207
70	124307
71	124788
72	124851
73	125878
74	125977
75	128469
76	129480
77	129886
78	132646
79	133828
80	135240
81	137299
82	138442
83	138474
84	138524
85	140295
86	141297
87	142585
88	144378
89	144640
90	145695
91	146208
92	147427
93	150479
94	150560
95	150744
96	152887
97	155871
98	157596
99	157602
100	161629
101	164819
102	165427
103	165548
104	165550
105	165555
106	167864
107	168707
108	170695
109	172354
110	175787
111	175796
112	177539
113	177812
114	177884
115	178137
116	178166
117	178265
118	178316
119	178445
120	178601
121	178740
122	179192
123	180199
124	180200
125	180204
126	180206
127	184026
128	186354
129	187076
130	188157
131	188178
132	188476
133	188530
134	189273
135	194528
136	195282
137	195325
138	196210
139	196254
140	196561
141	196677
142	197953
143	202889
144	205849
145	206569
146	206993
147	207023
148	207350
149	207693
150	207708
151	207795
152	209278
153	209938
154	210012
155	210365
156	211529
157	212388
158	212468
159	213499
160	215368
161	215903
162	216254
163	216261
164	216262
165	216263
166	217354
167	219538
168	222621
169	224167
170	224458
171	224459
172	225635
173	227153
174	230228
175	233247
176	234004
177	234779
178	235746
179	235753
180	237246
181	238943
182	238976
183	241647
184	242772
185	242820
186	243587
187	243605
188	243671
189	251643
190	251673
191	253020
192	256970
193	257107
194	257150
195	257237
196	257309
197	257754
198	258920
199	262333
200	264812
201	268330
202	269630
203	269633
204	269713
205	270777
206	270828
207	270858
208	270884
209	270924
210	270957
211	270959
212	270980
213	271012
214	271016
215	294984
216	295442
217	302890
218	311607
219	312800
220	313246
221	316436
222	326306
223	329132
224	351572
225	351777
226	356853
227	366548
228	370823
229	378865
230	383779
231	393678
232	398253
233	402249
234	403240
235	410731
236	412650
237	416028
238	416136
239	419911
240	419937
241	419940
242	420912
243	421152
244	421158
245	421427
246	421440
247	421476
248	421512
249	429926
250	431623
251	432230
252	434261
253	434506
254	435395
255	436945
256	437582
257	442750
258	443608
259	444406
260	446129
261	446444
262	447267
263	451864
264	456090
265	456470
266	461774
267	464986
268	468377
269	470803
270	472006
271	472468
272	474316
273	478435
274	478443
275	478466
276	478480
277	478715
278	478727
279	480138
280	480244
281	480496
282	481224
283	482503
284	482525
285	483237
286	483311
287	483617
288	485110
289	487657
290	490785
291	492924
292	492925
293	493618
294	493620
295	493893
296	495036
297	495418
298	500637
299	507350
300	507368
301	507390
302	507393
303	507394
304	507395
305	508302
306	510452
307	511972
308	516848
309	523610
310	524849
311	526532
312	526546
313	528547
314	528596
315	528649
316	529790
317	530209
318	530621
319	538458
320	538729
321	542155
322	544322
323	544810
324	545442
325	546256
326	546257
327	546726
328	547729
329	548041
330	548567
331	550115
332	551158
333	551926
334	552496
335	553245
336	554631
337	564414
338	565277
339	565292
340	565314
341	565325
342	565474
343	566632
344	569151
345	569566
346	573884
347	576567
348	579186
349	579678
350	588590
351	589504
352	591933
353	592280
354	595629
355	596765
356	597704
357	599174
358	600529
359	602016
360	603914
361	604316
362	606223
363	606351
364	606979
365	611399
366	612977
367	614543
368	615460
369	615876
370	617323
371	620069
372	624287
373	624288
374	624465
375	624466
376	624883
377	624887
378	625481
379	628471
380	631131
381	635270
382	641692
383	644227
384	645142
385	646343
386	646445
387	647123
388	647162
389	647394
390	647395
391	647828
392	648223
393	649037
394	652018
395	652736
396	653321
397	653375
398	653423
399	653543
400	653749
401	654304
402	654896
403	655501
404	655599
405	655864
406	656226
407	656730
408	657117
409	658000
410	658472
411	659474
412	659928
413	663961
414	664265
415	664270
416	664665
417	665188
418	665192
419	665227
420	665354
421	666076
422	667477
423	668343
424	673061
425	680678
426	686014
427	690114
428	691995
429	692247
430	692569
431	692610
432	692619
433	693074
434	694261
435	701000
436	702420
437	706053
438	707916
439	710281
440	711054
441	714171
442	715559
443	716851
444	717650
445	717929
446	718109
447	718326
448	718643
449	720556
450	720557
451	720569
452	720590
453	721216
454	721294
455	721558
456	722231
457	724772
458	727945
459	731684
460	731961
461	734719
462	738060
463	739964
464	741533
465	741544
466	741828
467	742616
468	742674
469	743116
470	744114
471	744223
472	744876
473	745011
474	745300
475	745423
476	745837
477	746005
478	746011
479	746224
480	746308
481	751326
482	754609
483	754613
484	760336
485	761749
486	765867
487	769021
488	770066
489	770098
490	770219
491	771616
492	771629
493	775738
494	776024
495	777761
496	778193
497	778441
498	786182
499	786797
500	789912
501	790500
502	795488
503	797334
504	797335
505	799332
506	799539
507	799687
508	799696
509	799703
510	799986
511	800242
512	800308
513	800343
514	800863
515	801292
516	811175
517	811540
518	820029
519	822111
520	824359
521	826307
522	828203
523	831107
524	831912
525	831918
526	831935
527	831951
528	832029
529	832316
530	832608
531	834383
532	834824
533	841552
534	844992
535	849317
536	855056
537	855791
538	858623
539	862551
540	864549
541	867748
542	870772
543	875044
544	877093
545	878750
546	878756
547	884646
548	885217
549	885511
550	885568
551	885592
552	886379
553	887905
554	889645
555	894374
556	898787
557	899981
558	900800
559	903086
560	903264
561	903539
562	905611
563	908214
564	918778
565	923747
566	924527
567	925435
568	928880
569	931587
570	931895
571	941522
572	941524
573	942695
574	942797
575	942800
576	942989
577	942994
578	943064
579	943267
580	943423
581	943427
582	943819
583	943828
584	943883
585	943894
586	943948
587	947694
588	947697
589	953319
590	956972
591	958153
592	958232
593	959341
594	961311
595	961660
596	962347
597	964472
598	965786
599	965810
600	966160
601	966441
602	966443
603	966947
604	967279
605	969345
606	972265
607	973100
608	977133
609	979316
610	981157
611	981955
612	983256
613	984692
614	985357
615	986381
616	986387
617	989739
618	992577
619	993417
620	993769
621	996440
622	996455
623	997320
624	1003057
625	1003077
626	1003240
627	1003582
628	1007384
629	1007385
630	1007453
631	1007456
632	1013651
633	1013821
634	1015126
635	1015353
636	1015354
637	1021629
638	1029081
639	1033265
640	1033268
641	1035662
642	1035725
643	1035858
644	1036142
645	1036143
646	1036329
647	1036432
648	1036433
649	1036434
650	1036471
651	1036479
652	1038951
653	1042094
654	1042220
655	1042415
656	1044536
657	1044676
658	1048392
659	1051396
660	1051689
661	1052678
662	1056544
663	1057053
664	1057612
665	1059544
666	1060053
667	1063549
668	1063615
669	1063669
670	1063673
671	1063674
672	1063789
673	1063792
674	1064016
675	1064020
676	1064176
677	1064415
678	1064983
679	1065774
680	1067162
681	1067390
682	1072698
683	1074569
684	1074785
685	1075922
686	1082167
687	1085730
688	1086561
689	1087835
690	1089845
691	1090979
692	1095011
693	1095631
694	1095871
695	1096852
696	1098885
697	1100990
698	1102139
699	1102790
700	1103035
701	1110038
702	1113650
703	1117699
704	1118890
705	1119115
706	1123839
707	1123887
708	1125968
709	1126348
710	1127615
711	1131341
712	1133491
713	1135849
714	1138823
715	1142285
716	1144165
717	1154826
718	1160920
719	1160932
720	1160933
721	1160935
722	1161215
723	1167544
724	1168563
725	1170008
726	1176187
727	1176504
728	1176944
729	1182914
730	1183580
731	1184013
732	1184966
733	1195871
734	1196126
735	1196859
736	1197033
737	1197529
738	1197686
739	1198831
740	1199908
741	1199926
742	1201877
743	1202376
744	1205370
745	1205371
746	1207898
747	1213142
748	1237744
749	1238165
750	1238452
751	1238703
752	1247003
753	1247175
754	1249049
755	1249773
756	1251584
757	1255521
758	1261798
759	1263440
760	1264231
761	1264536
762	1264972
763	1267888
764	1268072
765	1272106
766	1282054
767	1282661
768	1299360
769	1299381
770	1299573
771	1299636
772	1299693
773	1299883
774	1303452
775	1306084
776	1306458
777	1312923
778	1313950
779	1314304
780	1317946
781	1318113
782	1318120
783	1319030
784	1321802
785	1323368
786	1324664
787	1331216
788	1332261
789	1332537
790	1342573
791	1344073
792	1346102
793	1346980
794	1347113
795	1352425
796	1354469
797	1355992
798	1363115
799	1363116
800	1369385
801	1372258
802	1376764
803	1384591
804	1395002
805	1395455
806	1397428
807	1399295
808	1405926
809	1406067
810	1408039
811	1409659
812	1413666
813	1420637
814	1421257
815	1425923
816	1439627
817	1442253
818	1442441
819	1443958
820	1444258
821	1448366
822	1450992
823	1451388
824	1451389
825	1453450
826	1455249
827	1456583
828	1460643
829	1460707
830	1464093
831	1473237
832	1474364
833	1474584
834	1474586
835	1474619
836	1474654
837	1474901
838	1475010
839	1475015
840	1475087
841	1475088
842	1475168
843	1475186
844	1484341
845	1490891
846	1490908
847	1491066
848	1491297
849	1491303
850	1491794
851	1493737
852	1498808
853	1499076
854	1500415
855	1503994
856	1506335
857	1506796
858	1513308
859	1517288
860	1517290
861	1517720
862	1518411
863	1518676
864	1519137
865	1519138
866	1522493
867	1530100
868	1531278
869	1532842
870	1533082
871	1534364
872	1534635
873	1535795
874	1535801
875	1535802
876	1535829
877	1536211
878	1536228
879	1536286
880	1536327
881	1536403
882	1536873
883	1536933
884	1536945
885	1536963
886	1537044
887	1537077
888	1537104
889	1537367
890	1537567
891	1537569
892	1539262
893	1539460
894	1541302
895	1541608
896	1545007
897	1553264
898	1553811
899	1553978
900	1554652
901	1555770
902	1558051
903	1560005
904	1562984
905	1567111
906	1582285
907	1582939
908	1588020
909	1589934
910	1590654
911	1593101
912	1593715
913	1595613
914	1595621
915	1605422
916	1641345
917	1642153
918	1644735
919	1645630
920	1651852
921	1654024
922	1657227
923	1658500
924	1659235
925	1659819
926	1659870
927	1662821
928	1669968
929	1672450
930	1676991
931	1677845
932	1678108
933	1680752
934	1683742
935	1684522
936	1687840
937	1688967
938	1689540
939	1691342
940	1692265
941	1693090
942	1694596
943	1699007
944	1699049
945	1699329
946	1700171
947	1700381
948	1702336
949	1702845
950	1703826
951	1705337
952	1707249
953	1707811
954	1707814
955	1707897
956	1710410
957	1718504
958	1719484
959	1719851
960	1720583
961	1720589
962	1720609
963	1720612
964	1720627
965	1720948
966	1720954
967	1720960
968	1720969
969	1721007
970	1722815
971	1723960
972	1724614
973	1726065
974	1726208
975	1726241
976	1726370
977	1726382
978	1726709
979	1726778
980	1726867
981	1726917
982	1726932
983	1726956
984	1728610
985	1730788
986	1732903
987	1736981
988	1741973
989	1743979
990	1744486
991	1744839
992	1746752
993	1746779
994	1747127
995	1747128
996	1747146
997	1747309
998	1749156
999	1752929
1000	1754673
1001	1754675
1002	1764006
1003	1764007
1004	1766141
1005	1768876
1006	1768885
1007	1771488
1008	1773572
1009	1774182
1010	1774635
1011	1775473
1012	1777154
1013	1778614
1014	1781457
1015	1782599
1016	1783039
1017	1783126
1018	1783318
1019	1783480
1020	1783543
1021	1783690
1022	1783714
1023	1783789
1024	1783998
1025	1789251
1026	1791128
1027	1791194
1028	1791723
1029	1791807
1030	1791825
1031	1791855
1032	1791936
1033	1794348
1034	1795132
1035	1798336
1036	1807435
1037	1809929
1038	1814464
1039	1815282
1040	1819374
1041	1819758
1042	1825193
1043	1825343
1044	1825590
1045	1826893
1046	1830916
1047	1832396
1048	1835186
1049	1837167
1050	1839349
1051	1839452
1052	1841598
1053	1842391
1054	1845589
1055	1846046
1056	1848455
1057	1850683
1058	1851780
1059	1852312
1060	1852834
1061	1854061
1062	1861329
1063	1862878
1064	1863215
1065	1863910
1066	1864225
1067	1866598
1068	1868083
1069	1875598
1070	1876339
1071	1876530
1072	1878535
1073	1879948
1074	1880576
1075	1881973
1076	1882882
1077	1885290
1078	1887481
1079	1887556
1080	1887706
1081	1887919
1082	1887946
1083	1888884
1084	1891478
1085	1893689
1086	1894200
1087	1895030
1088	1895054
1089	1896610
1090	1897512
1091	1897691
1092	1903208
1093	1903912
1094	1905631
1095	1906596
1096	1909891
1097	1910879
1098	1912146
1099	1912646
1100	1913474
1101	1916048
1102	1916064
1103	1916088
1104	1916173
1105	1916333
1106	1916705
1107	1920174
1108	1920646
1109	1935623
1110	1938552
1111	1943001
1112	1967925
1113	1967936
1114	1968302
1115	1968349
1116	1968398
1117	1968665
1118	1968728
1119	1968767
1120	1968794
1121	1968800
1122	1968910
1123	1973257
1124	1973382
1125	1974277
1126	1979817
1127	1980534
1128	1980700
1129	1980738
1130	1981470
1131	1981485
1132	1982071
1133	1982124
1134	1982376
1135	1982418
1136	1982421
1137	1982805
1138	1983689
1139	1985676
1140	1992774
1141	1992845
1142	1992846
1143	1992862
1144	1992927
1145	1993029
1146	1993140
1147	1995797
1148	1996139
1149	1997331
1150	1997571
1151	1997730
1152	1998035
1153	1998319
1154	1998548
1155	2022820
1156	2023444
1157	2025015
1158	2033593
1159	2034609
1160	2036596
1161	2036597
1162	2037137
1163	2041097
1164	2043057
1165	2043427
1166	2043484
1167	2043582
1168	2044546
1169	2044563
1170	2046869
1171	2047414
1172	2050236
1173	2051250
1174	2098274
1175	2098366
1176	2143588
1177	2147614
1178	2147828
1179	2151536
1180	2162651
1181	2162751
1182	2163732
1183	2165630
1184	2172369
1185	2173308
1186	2173459
1187	2173461
1188	2173496
1189	2174194
1190	2174254
1191	2174583
1192	2175486
1193	2175604
1194	2177089
1195	2177816
1196	2178967
1197	2179856
1198	2180801
1199	2181288
1200	2181423
1201	2181569
1202	2181695
1203	2181838
1204	2181839
1205	2183069
1206	2183210
1207	2183466
1208	2183887
1209	2186772
1210	2187381
1211	2194650
1212	2195807
1213	2199104
1214	2199746
1215	2200155
1216	2201073
1217	2202966
1218	2215032
1219	2216953
1220	2217049
1221	2217130
1222	2217177
1223	2217568
1224	2217754
1225	2219267
1226	2220357
1227	2220373
1228	2220374
1229	2220542
1230	2221137
1231	2221437
1232	2221635
1233	2221693
1234	2222143
1235	2222887
1236	2223958
1237	2225642
1238	2225997
1239	2227396
1240	2227416
1241	2228000
1242	2228464
1243	2228846
1244	2229876
1245	2230250
1246	2230363
1247	2231538
1248	2231727
1249	2233784
1250	2233979
1251	2234385
1252	2234596
1253	2234602
1254	2234603
1255	2234612
1256	2234668
1257	2235274
1258	2235351
1259	2235522
1260	2235712
1261	2236275
1262	2236535
1263	2237682
1264	2238692
1265	2241060
1266	2241066
1267	2241069
1268	2241088
1269	2244097
1270	2244762
1271	2248577
1272	2250393
1273	2250590
1274	2251421
1275	2252296
1276	2255509
1277	2256294
1278	2256812
1279	2258762
1280	2262405
1281	2262613
1282	2262905
1283	2264898
1284	2265539
1285	2269274
1286	2274784
1287	2274838
1288	2275232
1289	2277415
1290	2277611
1291	2279266
1292	2279704
1293	2280023
1294	2280511
1295	2282271
1296	2283852
1297	2287750
1298	2290402
1299	2291585
1300	2299566
1301	2301204
1302	2304316
1303	2305290
1304	2308093
1305	2308975
1306	2309371
1307	2311898
1308	2311997
1309	2312841
1310	2313132
1311	2313884
1312	2314315
1313	2314448
1314	2314677
1315	2315143
1316	2320349
1317	2320571
1318	2321817
1319	2323649
1320	2324457
1321	2325171
1322	2328426
1323	2329448
1324	2335839
1325	2335878
1326	2335961
1327	2337933
1328	2338442
1329	2342303
1330	2342777
1331	2343815
1332	2343858
1333	2343983
1334	2343986
1335	2344037
1336	2344431
1337	2344522
1338	2344938
1339	2349369
1340	2349867
1341	2350510
1342	2352667
1343	2353410
1344	2354649
1345	2356980
1346	2358471
1347	2369357
1348	2369456
1349	2369534
1350	2369535
1351	2370560
1352	2370848
1353	2371592
1354	2377584
1355	2378428
1356	2399974
1357	2400118
1358	2400133
1359	2400280
1360	2400672
1361	2400680
1362	2400766
1363	2400822
1364	2401295
1365	2402045
1366	2402167
1367	2403028
1368	2403106
1369	2403612
1370	2404927
1371	2405152
1372	2406205
1373	2408068
1374	2408324
1375	2410047
1376	2425669
1377	2431857
1378	2442539
1379	2444067
1380	2445160
1381	2445168
1382	2446349
1383	2446519
1384	2446589
1385	2447720
1386	2448666
1387	2450961
1388	2451159
1389	2451517
1390	2451527
1391	2452195
1392	2452637
1393	2453343
1394	2454886
1395	2456080
1396	2456125
1397	2456172
1398	2456637
1399	2459343
1400	2459620
1401	2461629
1402	2461790
1403	2463938
1404	2464955
1405	2468753
1406	2468754
1407	2469235
1408	2473608
1409	2475216
1410	2475444
1411	2477234
1412	2477235
1413	2481290
1414	2486027
1415	2487198
1416	2487531
1417	2489573
1418	2494127
1419	2494421
1420	2495092
1421	2497768
1422	2499523
1423	2506734
1424	2509225
1425	2509226
1426	2509814
1427	2510105
1428	2515280
1429	2515615
1430	2519717
1431	2560298
1432	2566089
1433	2568074
1434	2568694
1435	2569382
1436	2569391
1437	2569521
1438	2569522
1439	2569526
1440	2573088
1441	2573589
1442	2573590
1443	2575177
1444	2575766
1445	2582424
1446	2588171
1447	2588222
1448	2588349
1449	2588657
1450	2588682
1451	2588766
1452	2588838
1453	2588943
1454	2588949
1455	2588967
1456	2589103
1457	2589457
1458	2590258
1459	2591339
1460	2591470
1461	2601948
1462	2603798
1463	2603865
1464	2605967
1465	2605968
1466	2606917
1467	2606967
1468	2607403
1469	2607593
1470	2607742
1471	2607872
1472	2611741
1473	2615010
1474	2619359
1475	2624476
1476	2654749
1477	2658001
1478	2661097
1479	2663356
1480	2663449
1481	2663503
1482	2663506
1483	2663515
1484	2663542
1485	2665821
1486	2665822
1487	2666905
1488	2668126
1489	2669628
1490	2670253
1491	2671185
1492	2674756
1493	2676554
1494	2677306
1495	2678132
1496	2680663
1497	2681762
1498	2683287
1499	2684220
1500	2686724
1501	2688003
1502	2691615
1503	2693112
1504	2697039
1505	2697175
1506	2701665
1507	2702682
1508	2703300
1509	2703345
1510	2704750
1511	2704774
1512	2705713
1513	2706719
1514	2712119
1515	2713771
1516	2717909
1517	2718321
1518	2719297
1519	2720307
1520	2723031
1521	2725648
1522	2726628
1523	2728159
1524	2732659
1525	2738745
1526	2738939
1527	2743256
1528	2743826
1529	2746393
1530	2746698
1531	2746969
1532	2750641
1533	2751893
1534	2752570
1535	2758195
1536	2762929
1537	2763626
1538	2767910
1539	2768953
1540	2786026
1541	2786051
1542	2786185
1543	2786186
1544	2786331
1545	2786332
1546	2786333
1547	2786341
1548	2787205
1549	2787795
1550	2788207
1551	2817526
1552	2817700
1553	2819632
1554	2819674
1555	2819797
1556	2819803
1557	2819850
1558	2829746
1559	2829957
1560	2829986
1561	2830073
1562	2830076
1563	2830107
1564	2830202
1565	2853758
1566	2854384
1567	2854649
1568	2856080
1569	2860496
1570	2869245
1571	2869322
1572	2874622
1573	2875897
1574	2878425
1575	2878839
1576	2886931
1577	2888108
1578	2888322
1579	2888751
1580	2889462
1581	2891192
1582	2891884
1583	2894731
1584	2899217
1585	2899580
1586	2899652
1587	2899655
1588	2900762
1589	2900865
1590	2907900
1591	2908823
1592	2908961
1593	2910334
1594	2919706
1595	2923231
1596	2923283
1597	2923383
1598	2923448
1599	2923453
1600	2923469
1601	2923489
1602	2923568
1603	2924148
1604	2928048
1605	2928061
1606	2930422
1607	2932772
1608	2934803
1609	2935115
1610	2935234
1611	2937040
1612	2945875
1613	2946331
1614	2959435
1615	2959478
1616	2964137
1617	2964248
1618	2964323
1619	2965644
1620	2966208
1621	2973332
1622	2973521
1623	2973616
1624	2973694
1625	2973704
1626	2973752
1627	2973791
1628	2973809
1629	2973821
1630	2976172
1631	2981764
1632	2982206
1633	2986951
1634	2987614
1635	2987947
1636	2987948
1637	2990114
1638	2991148
1639	2991482
1640	2996953
1641	3002984
1642	3005398
1643	3006118
1644	3006448
1645	3006502
1646	3007979
1647	3009948
1648	3010072
1649	3010127
1650	3010713
1651	3011262
1652	3015400
1653	3016916
1654	3016917
1655	3017589
1656	3017719
1657	3024285
1658	3032907
1659	3035146
1660	3041014
1661	3041208
1662	3041209
1663	3041395
1664	3042974
1665	3043419
1666	3043891
1667	3045938
1668	3049535
1669	3052690
1670	3059419
1671	3059662
1672	3059698
1673	3059701
1674	3060397
1675	3060421
1676	3060433
1677	3060616
1678	3060895
1679	3061358
1680	3061404
1681	3061407
1682	3061481
1683	3061497
1684	3061503
1685	3061515
1686	3061527
1687	3061554
1688	3061567
1689	3061606
1690	3061913
1691	3064315
1692	3066485
1693	3066493
1694	3067313
1695	3067336
1696	3067348
1697	3067534
1698	3067604
1699	3067784
1700	3070162
1701	3070779
1702	3071641
1703	3071767
1704	3075046
1705	3075717
1706	3080366
1707	3083160
1708	3088943
1709	3089456
1710	3091811
1711	3094529
1712	3095606
1713	3097093
1714	3099502
1715	3101806
1716	3102779
1717	3108782
1718	3109979
1719	3109982
1720	3109988
1721	3110006
1722	3110242
1723	3110994
1724	3111695
1725	3111729
1726	3111855
1727	3111892
1728	3112074
1729	3115969
1730	3118745
1731	3123738
1732	3123739
1733	3123783
1734	3134473
1735	3134641
1736	3134646
1737	3135669
1738	3140016
1739	3140319
1740	3140485
1741	3140613
1742	3140655
1743	3144134
1744	3144319
1745	3146204
1746	3147928
1747	3148456
1748	3148517
1749	3153009
1750	3156081
1751	3156151
1752	3157107
1753	3158428
1754	3159509
1755	3162282
1756	3164027
1757	3166800
1758	3169484
1759	3174886
1760	3176468
1761	3178432
1762	3178495
1763	3178619
1764	3179214
1765	3184166
1766	3223854
1767	3228902
1768	3228996
1769	3229237
1770	3230665
1771	3232414
1772	3232620
1773	3232630
1774	3232791
1775	3233748
1776	3233768
1777	3234856
1778	3234969
1779	3237785
1780	3238344
1781	3238857
1782	3239309
1783	3244073
1784	3245386
1785	3245581
1786	3249980
1787	3250030
1788	3250550
1789	3250551
1790	3250627
1791	3251083
1792	3251692
1793	3253507
1794	3253885
1795	3253891
1796	3253912
1797	3253924
1798	3254380
1799	3254469
1800	3254888
1801	3255483
1802	3255706
1803	3256021
1804	3256209
1805	3260263
1806	3262040
1807	3271653
1808	3272577
1809	3274674
1810	3278795
1811	3279644
1812	3282872
1813	3283043
1814	3283061
1815	3283188
1816	3285304
1817	3288991
1818	3292031
1819	3295298
1820	3296022
1821	3298188
1822	3302227
1823	3306829
1824	3306883
1825	3306915
1826	3307372
1827	3307550
1828	3307552
1829	3316743
1830	3320566
1831	3320686
1832	3320782
1833	3320896
1834	3321019
1835	3323844
1836	3325777
1837	3325803
1838	3328015
1839	3342477
1840	3342482
1841	3342786
1842	3343008
1843	3343176
1844	3343317
1845	3343335
1846	3349367
1847	3350691
1848	3350885
1849	3351965
1850	3352591
1851	3358841
1852	3360725
1853	3360732
1854	3360912
1855	3361127
1856	3361401
1857	3361418
1858	3403328
1859	3406246
1860	3409841
1861	3412566
1862	3415085
1863	3415397
1864	3415845
1865	3416112
1866	3416995
1867	3417854
1868	3417915
1869	3421056
1870	3421096
1871	3421907
1872	3423468
1873	3423635
1874	3423733
1875	3423743
1876	3423852
1877	3424209
1878	3424398
1879	3424513
1880	3424703
1881	3424977
1882	3425460
1883	3425670
1884	3425967
1885	3428892
1886	3428893
1887	3428903
1888	3429061
1889	3429355
1890	3429999
1891	3431380
1892	3433372
1893	3434949
1894	3435714
1895	3438031
1896	3438315
1897	3438317
1898	3445521
1899	3445530
1900	3449903
1901	3452459
1902	3454652
1903	3455703
1904	3458963
1905	3459212
1906	3459227
1907	3459299
1908	3459311
1909	3459320
1910	3459323
1911	3459335
1912	3459361
1913	3459525
1914	3459530
1915	3460963
1916	3463926
1917	3464499
1918	3464500
1919	3464764
1920	3465790
1921	3466379
1922	3466682
1923	3467537
1924	3467573
1925	3475772
1926	3476115
1927	3476120
1928	3476286
1929	3480763
1930	3480928
1931	3493784
1932	3497662
1933	3497663
1934	3504334
1935	3504513
1936	3514143
1937	3514561
1938	3517298
1939	3519294
1940	3520033
1941	3528989
1942	3532488
1943	3534266
1944	3548970
1945	3551577
1946	3569764
1947	3573859
1948	3575993
1949	3576326
1950	3581705
1951	3583528
1952	3585816
1953	3585836
1954	3586732
1955	3586938
1956	3587987
1957	3588063
1958	3588869
1959	3589005
1960	3589006
1961	3589063
1962	3589100
1963	3589133
1964	3589159
1965	3589160
1966	3595607
1967	3599591
1968	3599702
1969	3600891
1970	3603037
1971	3605843
1972	3605969
1973	3606270
1974	3606329
1975	3606410
1976	3607433
1977	3610109
1978	3610159
1979	3610172
1980	3610177
1981	3610219
1982	3610231
1983	3610288
1984	3610438
1985	3610507
1986	3610549
1987	3612900
1988	3613959
1989	3615013
1990	3615520
1991	3617293
1992	3617302
1993	3628385
1994	3631303
1995	3631717
1996	3632706
1997	3640788
1998	3640904
1999	3641921
2000	3643181
2001	3643860
2002	3643863
2003	3643944
2004	3643954
2005	3643955
2006	3644035
2007	3644073
2008	3644103
2009	3644139
2010	3644163
2011	3644917
2012	3646864
2013	3648122
2014	3649485
2015	3650763
2016	3652873
2017	3653813
2018	3655462
2019	3656360
2020	3656361
2021	3658450
2022	3658636
2023	3665057
2024	3669446
2025	3672465
2026	3675141
2027	3675616
2028	3678418
2029	3678427
2030	3679419
2031	3679491
2032	3684669
2033	3689195
2034	3693206
2035	3705376
2036	3705677
2037	3706278
2038	3708928
2039	3710250
2040	3710915
2041	3715019
2042	3715076
2043	3715211
2044	3715233
2045	3715816
2046	3716084
2047	3717043
2048	3718225
2049	3718990
2050	3719419
2051	3719830
2052	3722632
2053	3734250
2054	3734297
2055	3734459
2056	3734511
2057	3734947
2058	3740130
2059	3743415
2060	3744255
2061	3746373
2062	3748035
2063	3748902
2064	3749726
2065	3751250
2066	3751951
2067	3752131
2068	3752205
2069	3752268
2070	3752271
2071	3752310
2072	3752325
2073	3756796
2074	3758323
2075	3761364
2076	3766137
2077	3768347
2078	3768748
2079	3770455
2080	3772555
2081	3772560
2082	3772561
2083	3774898
2084	3775511
2085	3775795
2086	3775862
2087	3803622
2088	3811779
2089	3812055
2090	3812213
2091	3812229
2092	3812230
2093	3812253
2094	3812322
2095	3822590
2096	3822698
2097	3822704
2098	3822983
2099	3823220
2100	3831720
2101	3832844
2102	3833999
2103	3834656
2104	3834794
2105	3834896
2106	3835184
2107	3835214
2108	3835271
2109	3836879
2110	3838406
2111	3838424
2112	3838460
2113	3838775
2114	3838799
2115	3838847
2116	3839263
2117	3839697
2118	3839794
2119	3840125
2120	3840126
2121	3841519
2122	3841614
2123	3841690
2124	3871019
2125	3872376
2126	3872709
2127	3874645
2128	3876790
2129	3877301
2130	3877304
2131	3878416
2132	3881047
2133	3920303
2134	3924110
2135	3924122
2136	3924123
2137	3931315
2138	3936468
2139	3939622
2140	3940319
2141	3946843
2142	3951754
2143	3951814
2144	3951817
2145	3955034
2146	3955326
2147	3956145
2148	3958144
2149	3959522
2150	3960301
2151	3962574
2152	3963209
2153	3965008
2154	3965045
2155	3965781
2156	3967781
2157	3969595
2158	3971020
2159	3976446
2160	3991513
2161	3997730
2162	4001382
2163	4001812
2164	4001893
2165	4001989
2166	4002145
2167	4002271
2168	4002278
2169	4002313
2170	4002385
2171	4002649
2172	4002670
2173	4002961
2174	4003090
2175	4003096
2176	4003253
2177	4045224
2178	4045225
2179	4045526
2180	4046694
2181	4050086
2182	4051000
2183	4055489
2184	4070419
2185	4070602
2186	4070640
2187	4074480
2188	4074843
2189	4076880
2190	4076941
2191	4078441
2192	4080777
2193	4083196
2194	4083639
2195	4087226
2196	4089410
2197	4090476
2198	4092733
2199	4094079
2200	4094106
2201	4095391
2202	4095402
2203	4096197
2204	4098410
2205	4098808
2206	4100141
2207	4100191
2208	4103311
2209	4103876
2210	4108495
2211	4114857
2212	4115095
2213	4115098
2214	4115180
2215	4115242
2216	4115254
2217	4115308
2218	4115625
2219	4115695
2220	4115696
2221	4115697
2222	4115865
2223	4118449
2224	4118452
2225	4118563
2226	4119457
2227	4122938
2228	4127991
2229	4128001
2230	4128117
2231	4132964
2232	4143513
2233	4143900
2234	4147917
2235	4151569
2236	4151620
2237	4151623
2238	4151708
2239	4156287
2240	4156614
2241	4157592
2242	4158196
2243	4158398
2244	4158618
2245	4158769
2246	4159008
2247	4159080
2248	4162748
2249	4163410
2250	4171806
2251	4172341
2252	4172535
2253	4173038
2254	4173303
2255	4175364
2256	4175723
2257	4176334
2258	4179879
2259	4194881
2260	4199499
2261	4201099
2262	4201159
2263	4201540
2264	4202142
2265	4202203
2266	4202357
2267	4202359
2268	4202394
2269	4202396
2270	4202959
2271	4204394
2272	4204474
2273	4204935
2274	4208291
2275	4210112
2276	4210172
2277	4210244
2278	4210269
2279	4210270
2280	4213047
2281	4219323
2282	4223810
2283	4226430
2284	4226511
2285	4227045
2286	4230162
2287	4230244
2288	4232367
2289	4232584
2290	4234788
2291	4234911
2292	4235393
2293	4235599
2294	4237989
2295	4238897
2296	4239313
2297	4239993
2298	4240330
2299	4240890
2300	4241304
2301	4249119
2302	4249316
2303	4250155
2304	4253125
2305	4253232
2306	4254203
2307	4254322
2308	4256519
2309	4259473
2310	4264146
2311	4265427
2312	4265768
2313	4266567
2314	4267278
2315	4267370
2316	4269547
2317	4270782
2318	4271058
2319	4271343
2320	4272986
2321	4273714
2322	4274186
2323	4274541
2324	4275548
2325	4281645
2326	4283667
2327	4285997
2328	4286167
2329	4286861
2330	4287009
2331	4287546
2332	4296209
2333	4296254
2334	4296299
2335	4296305
2336	4296424
2337	4296485
2338	4296521
2339	4296706
2340	4296763
2341	4297292
2342	4299051
2343	4300008
2344	4302561
2345	4304145
2346	4304594
2347	4307427
2348	4307428
2349	4307482
2350	4308145
2351	4308634
2352	4310550
2353	4310678
2354	4310817
2355	4311457
2356	4311757
2357	4311758
2358	4314871
2359	4315227
2360	4316219
2361	4316837
2362	4316847
2363	4316948
2364	4316980
2365	4316993
2366	4316999
2367	4317001
2368	4317685
2369	4319201
2370	4319387
2371	4320240
2372	4320362
2373	4321645
2374	4322262
2375	4322623
2376	4322624
2377	4322625
2378	4333036
2379	4334817
2380	4334957
2381	4336186
2382	4336383
2383	4339825
2384	4346459
2385	4348061
2386	4348947
2387	4351122
2388	4351454
2389	4351553
2390	4352319
2391	4354828
2392	4360419
2393	4367198
2394	4368415
2395	4368460
2396	4371775
2397	4372031
2398	4374555
2399	4374966
2400	4375293
2401	4377975
2402	4378019
2403	4378343
2404	4383613
2405	4383863
2406	4384070
2407	4384292
2408	4385723
2409	4385779
2410	4385867
2411	4385900
2412	4385903
2413	4385914
2414	4385944
2415	4386041
2416	4386284
2417	4387542
2418	4389679
2419	4390198
2420	4393717
2421	4397751
2422	4398175
2423	4399436
2424	4399810
2425	4399924
2426	4402171
2427	4402355
2428	4404130
2429	4414456
2430	4414749
2431	4418239
2432	4421301
2433	4422775
2434	4425862
2435	4425919
2436	4425952
2437	4426090
2438	4428731
2439	4429042
2440	4429091
2441	4429802
2442	4430136
2443	4434402
2444	4434407
2445	4442042
2446	4442667
2447	4453300
2448	4455796
2449	4456276
2450	4456348
2451	4456801
2452	4458494
2453	4458695
2454	4459049
2455	4463765
2456	4463778
2457	4463883
2458	4464824
2459	4464825
2460	4464831
2461	4465052
2462	4465173
2463	4465200
2464	4468947
2465	4468955
2466	4486293
2467	4486875
2468	4486916
2469	4487443
2470	4487878
2471	4490144
2472	4491024
2473	4493253
2474	4497833
2475	4500804
2476	4502307
2477	4502861
2478	4508050
2479	4516895
2480	4521672
2481	4526551
2482	4527378
2483	4530005
2484	4540473
2485	4540510
2486	4540511
2487	4540515
2488	4540778
2489	4544233
2490	4559962
2491	4565640
2492	4567260
2493	4573520
2494	4574908
2495	4575163
2496	4575770
2497	4577491
2498	4578459
2499	4578944
2500	4579821
2501	4580316
2502	4581839
2503	4583570
2504	4583572
2505	4587110
2506	4588154
2507	4588351
2508	4589023
2509	4591779
2510	4591946
2511	4592249
2512	4592501
2513	4595286
2514	4595624
2515	4597407
2516	4599067
2517	4599473
2518	4600493
2519	4605035
2520	4605304
2521	4606575
2522	4606969
2523	4607132
2524	4612382
2525	4618057
2526	4621154
2527	4624093
2528	4626803
2529	4627385
2530	4630868
2531	4632068
2532	4643415
2533	4644267
2534	4644886
2535	4645366
2536	4648744
2537	4652854
2538	4653493
2539	4656327
2540	4657673
2541	4661649
2542	4661722
2543	4661804
2544	4661913
2545	4665483
2546	4668769
2547	4671196
2548	4676516
2549	4676991
2550	4677629
2551	4677735
2552	4677738
2553	4677784
2554	4678417
2555	4685992
2556	4686586
2557	4686868
2558	4686869
2559	4686909
2560	4696008
2561	4697269
2562	4697422
2563	4697557
2564	4697605
2565	4697734
2566	4697931
2567	4698066
2568	4698254
2569	4701397
2570	4703432
2571	4709042
2572	4710119
2573	4712709
2574	4716008
2575	4716139
2576	4716929
2577	4717019
2578	4717283
2579	4717295
2580	4717361
2581	4717412
2582	4717553
2583	4717592
2584	4717857
2585	4717964
2586	4717983
2587	4722270
2588	4727844
2589	4731029
2590	4735653
2591	4736413
2592	4740018
2593	4740141
2594	4753640
2595	4753643
2596	4754617
2597	4755010
2598	4756936
2599	4757033
2600	4757125
2601	4757467
2602	4757487
2603	4757580
2604	4760692
2605	4766241
2606	4766510
2607	4767156
2608	4767844
2609	4767948
2610	4768929
2611	4772430
2612	4772710
2613	4773860
2614	4784011
2615	4784323
2616	4784394
2617	4786387
2618	4786559
2619	4810176
2620	4811031
2621	4811962
2622	4812123
2623	4813480
2624	4813975
2625	4815210
2626	4815870
2627	4816099
2628	4818580
2629	4820571
2630	4820849
2631	4821630
2632	4821815
2633	4822667
2634	4823716
2635	4823747
2636	4824312
2637	4824314
2638	4824795
2639	4826042
2640	4831347
2641	4833717
2642	4833720
2643	4834803
2644	4834804
2645	4836069
2646	4836581
2647	4837458
2648	4839072
2649	4840003
2650	4842543
2651	4851054
2652	4854784
2653	4856471
2654	4858196
2655	4858377
2656	4858855
2657	4862904
2658	4870683
2659	4872166
2660	4873913
2661	4874400
2662	4874796
2663	4875027
2664	4876393
2665	4879471
2666	4885271
2667	4886703
2668	4887123
2669	4897175
2670	4897460
2671	4900037
2672	4901338
2673	4902559
2674	4903754
2675	4904372
2676	4904396
2677	4904973
2678	4905664
2679	4909652
2680	4911421
2681	4912749
2682	4912814
2683	4913517
2684	4913860
2685	4914879
2686	4917024
2687	4917244
2688	4917277
2689	4921865
2690	4923115
2691	4923123
2692	4923948
2693	4923949
2694	4925338
2695	4927082
2696	4935045
2697	4942582
2698	4942583
2699	4944232
2700	4945822
2701	4945917
2702	4948737
2703	4949876
2704	4950556
2705	4951909
2706	4952434
2707	4953360
2708	4957166
2709	4959210
2710	4960503
2711	4963874
2712	4964252
2713	4967867
2714	4967890
2715	4967932
2716	4967996
2717	4968067
2718	4968076
2719	4968099
2720	4968121
2721	4968130
2722	4968148
2723	4968171
2724	4968172
2725	4970565
2726	4971552
2727	4980132
2728	4981838
2729	4989062
2730	5020036
2731	5022213
2732	5024745
2733	5025106
2734	5033001
2735	5042558
2736	5044452
2737	5047265
2738	5047957
2739	5050282
2740	5050299
2741	5050335
2742	5050341
2743	5050347
2744	5050368
2745	5050419
2746	5051382
2747	5053032
2748	5057210
2749	5061234
2750	5061316
2751	5061330
2752	5062590
2753	5065921
2754	5065927
2755	5065948
2756	5066472
2757	5066606
2758	5066773
2759	5066795
2760	5069168
2761	5069172
2762	5069227
2763	5069300
2764	5072802
2765	5079061
2766	5081163
2767	5081964
2768	5083849
2769	5085354
2770	5085418
2771	5085613
2772	5091168
2773	5091573
2774	5091574
2775	5092825
2776	5093470
2777	5093471
2778	5093472
2779	5094344
2780	5102518
2781	5103559
2782	5110503
2783	5111673
2784	5114393
2785	5116213
2786	5118474
2787	5118508
2788	5123783
2789	5125677
2790	5126167
2791	5127079
2792	5127309
2793	5127328
2794	5129620
2795	5130271
2796	5132214
2797	5134784
2798	5138061
2799	5138640
2800	5143494
2801	5145860
2802	5157095
2803	5158800
2804	5159546
2805	5160166
2806	5161643
2807	5162475
2808	5163528
2809	5163529
2810	5165642
2811	5167639
2812	5167832
2813	5170140
2814	5170656
2815	5176752
2816	5177002
2817	5182627
2818	5183411
2819	5184508
2820	5184581
2821	5184605
2822	5184785
2823	5184894
2824	5186998
2825	5188391
2826	5188745
2827	5189034
2828	5189919
2829	5190708
2830	5192105
2831	5192722
2832	5198165
2833	5202158
2834	5208701
2835	5211977
2836	5212046
2837	5215534
2838	5215847
2839	5216218
2840	5220398
2841	5221831
2842	5224141
2843	5224451
2844	5228428
2845	5228516
2846	5233116
2847	5236768
2848	5240271
2849	5240315
2850	5240601
2851	5241795
2852	5241975
2853	5243326
2854	5245768
2855	5246031
2856	5249655
2857	5260197
2858	5260734
2859	5264449
2860	5265134
2861	5265153
2862	5265182
2863	5266544
2864	5266580
2865	5268011
2866	5270131
2867	5270528
2868	5273536
2869	5279640
2870	5281448
2871	5281981
2872	5284009
2873	5287214
2874	5289127
2875	5291436
2876	5292524
2877	5293175
2878	5293621
2879	5294502
2880	5294644
2881	5294979
2882	5295368
2883	5295472
2884	5295924
2885	5296688
2886	5298371
2887	5299030
2888	5299747
2889	5300367
2890	5301209
2891	5301220
2892	5301221
2893	5301307
2894	5301310
2895	5301312
2896	5301318
2897	5301505
2898	5301513
2899	5301574
2900	5302045
2901	5302077
2902	5307501
2903	5307802
2904	5308941
2905	5311148
2906	5312213
2907	5312846
2908	5312918
2909	5312925
2910	5312936
2911	5315292
2912	5320261
2913	5323136
2914	5323438
2915	5323509
2916	5323593
2917	5323599
2918	5323677
2919	5323791
2920	5323821
2921	5324013
2922	5326547
2923	5327630
2924	5327771
2925	5327858
2926	5327938
2927	5328011
2928	5331592
2929	5333472
2930	5334904
2931	5338979
2932	5347532
2933	5347906
2934	5347934
2935	5347951
2936	5350812
2937	5352265
2938	5352277
2939	5363752
2940	5366396
2941	5369435
2942	5374352
2943	5374353
2944	5375636
2945	5378482
2946	5379525
2947	5381906
2948	5383616
2949	5384048
2950	5385831
2951	5386045
2952	5386418
2953	5386419
2954	5387359
2955	5389084
2956	5389114
2957	5390453
2958	5390471
2959	5390555
2960	5390591
2961	5390668
2962	5391598
2963	5391772
2964	5397034
2965	5400825
2966	5404332
2967	5410478
2968	5414154
2969	5416713
2970	5425242
2971	5427438
2972	5428081
2973	5428259
2974	5429371
2975	5429461
2976	5460703
2977	5460721
2978	5461037
2979	5461070
2980	5461229
2981	5462592
2982	5464699
2983	5466873
2984	5468299
2985	5468701
2986	5469973
2987	5474734
2988	5475925
2989	5476324
2990	5477586
2991	5478977
2992	5479602
2993	5481481
2994	5485607
2995	5485644
2996	5487260
2997	5488094
2998	5490309
2999	5494141
3000	5494275
3001	5494301
3002	5494310
3003	5495174
3004	5497909
3005	5498431
3006	5498650
3007	5500875
3008	5515175
3009	5515181
3010	5515307
3011	5515605
3012	5515989
3013	5516050
3014	5518011
3015	5518592
3016	5518731
3017	5518823
3018	5518827
3019	5519138
3020	5522058
3021	5524787
3022	5526024
3023	5527216
3024	5527729
3025	5527847
3026	5527861
3027	5527938
3028	5527939
3029	5528074
3030	5528380
3031	5537140
3032	5537266
3033	5537278
3034	5537288
3035	5537310
3036	5537354
3037	5537360
3038	5537370
3039	5538860
3040	5539244
3041	5540406
3042	5541868
3043	5543360
3044	5546871
3045	5547282
3046	5548430
3047	5548764
3048	5549281
3049	5549571
3050	5550700
3051	5553037
3052	5553336
3053	5554710
3054	5554882
3055	5560627
3056	5561190
3057	5561191
3058	5562558
3059	5562559
3060	5562819
3061	5563213
3062	5564338
3063	5564484
3064	5564518
3065	5564775
3066	5564953
3067	5565007
3068	5565025
3069	5568950
3070	5570539
3071	5572372
3072	5572393
3073	5572483
3074	5572820
3075	5576823
3076	5578059
3077	5580387
3078	5582007
3079	5584466
3080	5585393
3081	5585614
3082	5585675
3083	5585932
3084	5587529
3085	5587673
3086	5590175
3087	5591202
3088	5595479
3089	5599907
3090	5600509
3091	5601516
3092	5602777
3093	5604282
3094	5606212
3095	5609619
3096	5610331
3097	5610553
3098	5610635
3099	5610956
3100	5611701
3101	5611706
3102	5611782
3103	5611788
3104	5612399
3105	5612648
3106	5612649
3107	5613266
3108	5613879
3109	5614317
3110	5614471
3111	5614483
3112	5614686
3113	5614746
3114	5614830
3115	5615028
3116	5615153
3117	5615268
3118	5615397
3119	5615642
3120	5615654
3121	5615752
3122	5615998
3123	5616255
3124	5619325
3125	5633117
3126	5633717
3127	5633926
3128	5634815
3129	5636299
3130	5636889
3131	5636919
3132	5636995
3133	5637645
3134	5638392
3135	5639692
3136	5639695
3137	5639709
3138	5639710
3139	5640079
3140	5641025
3141	5641827
3142	5644917
3143	5645371
3144	5647241
3145	5648050
3146	5651064
3147	5653348
3148	5654740
3149	5655290
3150	5657623
3151	5657811
3152	5659398
3153	5667729
3154	5668249
3155	5668945
3156	5669160
3157	5670349
3158	5671762
3159	5672576
3160	5673687
3161	5674582
3162	5675064
3163	5678340
3164	5678574
3165	5680247
3166	5680389
3167	5684261
3168	5685184
3169	5685624
3170	5686161
3171	5687673
3172	5689762
3173	5690159
3174	5692218
3175	5699718
3176	5703327
3177	5704176
3178	5706373
3179	5707690
3180	5709866
3181	5709927
3182	5712021
3183	5714493
3184	5714686
3185	5715574
3186	5719151
3187	5720955
3188	5722632
3189	5723013
3190	5723948
3191	5724807
3192	5725773
3193	5725787
3194	5725837
3195	5725838
3196	5725875
3197	5725881
3198	5725882
3199	5725923
3200	5729334
3201	5730747
3202	5731493
3203	5733467
3204	5735077
3205	5735116
3206	5735916
3207	5738586
3208	5739195
3209	5739484
3210	5740249
3211	5741388
3212	5741767
3213	5742851
3214	5743130
3215	5743455
3216	5745448
3217	5747322
3218	5748759
3219	5750011
3220	5750134
3221	5750328
3222	5750362
3223	5751534
3224	5751570
3225	5751583
3226	5753940
3227	5755449
3228	5759800
3229	5761472
3230	5763755
3231	5763816
3232	5763843
3233	5764031
3234	5764052
3235	5764150
3236	5764151
3237	5764232
3238	5764250
3239	5764343
3240	5764783
3241	5768192
3242	5770623
3243	5771078
3244	5771255
3245	5771355
3246	5772376
3247	5774734
3248	5774829
3249	5776664
3250	5777780
3251	5777789
3252	5778023
3253	5803564
3254	5805053
3255	5807001
3256	5811160
3257	5811233
3258	5812942
3259	5812989
3260	5815552
3261	5817208
3262	5817915
3263	5818541
3264	5819502
3265	5819620
3266	5821145
3267	5823770
3268	5825351
3269	5825455
3270	5840639
3271	5840869
3272	5840909
3273	5840917
3274	5840923
3275	5841020
3276	5841039
3277	5842834
3278	5845244
3279	5846000
3280	5847923
3281	5849210
3282	5849211
3283	5849853
3284	5850705
3285	5850894
3286	5851178
3287	5852042
3288	5852655
3289	5854305
3290	5854366
3291	5855941
3292	5856162
3293	5856584
3294	5857358
3295	5858106
3296	5858262
3297	5860323
3298	5861064
3299	5875017
3300	5875291
3301	5875578
3302	5875751
3303	5875753
3304	5884019
3305	5887935
3306	5887936
3307	5891102
3308	5893989
3309	5894248
3310	5897845
3311	5897988
3312	5898024
3313	5898084
3314	5898105
3315	5898168
3316	5898656
3317	5899574
3318	5899622
3319	5903707
3320	5903840
3321	5905611
3322	5906836
3323	5907061
3324	5908649
3325	5908652
3326	5910295
3327	5910571
3328	5912727
3329	5916223
3330	5916232
3331	5917314
3332	5919649
3333	5924527
3334	5924811
3335	5926275
3336	5929066
3337	5930080
3338	5931650
3339	5932030
3340	5938019
3341	5938026
3342	5940943
3343	5942012
3344	5942256
3345	5942595
3346	5942634
3347	5943128
3348	5944215
3349	5946149
3350	5947105
3351	5949592
3352	5949928
3353	5950534
3354	5950882
3355	5951629
3356	5951739
3357	5953357
3358	5953780
3359	5953805
3360	5957366
3361	5957609
3362	5958064
3363	5959775
3364	5960982
3365	5961071
3366	5961263
3367	5961358
3368	5962990
3369	5964094
3370	5965666
3371	5969068
3372	5970026
3373	5971749
3374	5972353
3375	5974025
3376	5975379
3377	5975634
3378	5976859
3379	5976973
3380	5978555
3381	5978557
3382	5978594
3383	5978631
3384	5978711
3385	5978736
3386	5978755
3387	5978762
3388	5978831
3389	5978909
3390	5978922
3391	5978944
3392	5980112
3393	5983327
3394	5984447
3395	5985203
3396	5986492
3397	5986958
3398	5987637
3399	5988333
3400	5988334
3401	5988336
3402	5988509
3403	5988523
3404	5990225
3405	5991780
3406	5994060
3407	5994573
3408	5996716
3409	5997387
3410	5997534
3411	5998857
3412	6001948
3413	6002606
3414	6031931
3415	6031968
3416	6033663
3417	6033769
3418	6036512
3419	6037415
3420	6037716
3421	6037759
3422	6038262
3423	6038268
3424	6038269
3425	6038598
3426	6038628
3427	6038883
3428	6040030
3429	6040649
3430	6041726
3431	6041737
3432	6043461
3433	6043988
3434	6044225
3435	6045077
3436	6072748
3437	6073977
3438	6074541
3439	6074609
3440	6074872
3441	6075457
3442	6075601
3443	6076087
