1	4179
2	6664
3	8696
4	10564
5	12526
6	14930
7	15471
8	20467
9	20975
10	21756
11	27018
12	27322
13	28693
14	29002
15	32872
16	34592
17	36046
18	40609
19	40688
20	48074
21	48258
22	48474
23	50001
24	51398
25	53087
26	56205
27	57552
28	57791
29	62505
30	65824
31	67101
32	68449
33	74641
34	75836
35	76590
36	79289
37	80105
38	80562
39	82689
40	84592
41	95379
42	95510
43	100920
44	104044
45	104204
46	104877
47	110066
48	110581
49	113315
50	113543
51	114878
52	115339
53	117368
54	119297
55	124880
56	127029
57	127221
58	127363
59	128976
60	131103
61	131652
62	136131
63	137054
64	137062
65	140244
66	140270
67	140487
68	140497
69	142511
70	148674
71	151107
72	154995
73	156850
74	158387
75	161846
76	162023
77	162713
78	167433
79	170186
80	170619
81	178795
82	182104
83	183884
84	186721
85	189142
86	189214
87	189423
88	189483
89	189726
90	196266
91	197007
92	198270
93	200184
94	200820
95	201175
96	202418
97	202822
98	208750
99	209798
100	212164
101	213528
102	220855
103	227444
104	229916
105	230238
106	231318
107	231486
108	245282
109	245306
110	245308
111	245385
112	245412
113	246383
114	246608
115	247684
116	248470
117	254928
118	258594
119	261821
120	262142
121	263684
122	267185
123	268238
124	269312
125	270126
126	270807
127	271063
128	271081
129	271459
130	272272
131	272994
132	275847
133	276364
134	276672
135	277312
136	277566
137	278200
138	278509
139	280129
140	280453
141	280455
142	282012
143	282019
144	284516
145	285713
146	289014
147	291241
148	296067
149	296969
150	297561
151	297893
152	299407
153	300447
154	300864
155	302964
156	303822
157	307984
158	308771
159	312975
160	313620
161	314772
162	315679
163	315950
164	316204
165	323828
166	324413
167	324666
168	326378
169	327136
170	327498
171	328045
172	329335
173	330241
174	333135
175	334934
176	335586
177	339225
178	342541
179	344173
180	345928
181	348399
182	349084
183	356910
184	357673
185	358160
186	358914
187	360648
188	360806
189	361924
190	365737
191	369937
192	371406
193	371482
194	372791
195	372926
196	379279
197	381709
198	384235
199	385715
200	388690
201	394637
202	396028
203	397968
204	398027
205	399443
206	402056
207	402057
208	402280
209	402344
210	402577
211	402939
212	405162
213	406472
214	408502
215	408654
216	409070
217	413769
218	413922
219	414195
220	416688
221	418629
222	418633
223	418717
224	421769
225	427186
226	427553
227	428079
228	428386
229	431147
230	432691
231	433243
232	435034
233	435213
234	440072
235	440435
236	440471
237	440518
238	440612
239	440635
240	441132
241	441326
242	442019
243	443088
244	443698
245	445348
246	446822
247	451197
248	451623
249	457834
250	458107
251	460434
252	465983
253	466246
254	469570
255	471358
256	472664
257	472736
258	476077
259	477062
260	477256
261	478616
262	479026
263	480226
264	481448
265	482318
266	483203
267	483366
268	484989
269	487303
270	490423
271	491259
272	491488
273	491832
274	493786
275	494162
276	495365
277	497777
278	500549
279	502167
280	504072
281	507636
282	510704
283	510959
284	511583
285	514016
286	514066
287	516734
288	518104
289	523666
290	524097
291	524897
292	527647
293	527760
294	528772
295	530112
296	531207
297	532446
298	536543
299	540455
300	541134
301	542468
302	542531
303	543351
304	544714
305	544997
306	545201
307	546587
308	547874
309	547959
310	548646
311	551000
312	552795
313	554256
314	554370
315	556880
316	559014
317	559349
318	559783
319	560494
320	561616
321	562979
322	569890
323	569981
324	571467
325	572134
326	573843
327	577867
328	578686
329	583315
330	583325
331	584110
332	585275
333	589379
334	591567
335	594109
336	594443
337	594702
338	597488
339	600159
340	600632
341	600995
342	601241
343	606003
344	606916
345	609293
346	609390
347	609919
348	612118
349	613063
350	614162
351	616631
352	617243
353	617385
354	621535
355	626044
356	626133
357	626837
358	627473
359	628709
360	632809
361	632913
362	633552
363	636408
364	637737
365	641040
366	641489
367	641626
368	641674
369	642300
370	642731
371	643330
372	643819
373	644011
374	644161
375	646721
376	648215
377	648459
378	648598
379	654562
380	655006
381	661422
382	662680
383	663069
384	664721
385	666855
386	671294
387	673497
388	673502
389	675343
390	677706
391	684052
392	684671
393	685291
394	686839
395	686946
396	688501
397	690290
398	690355
399	690370
400	701892
401	706117
402	711004
403	711185
404	711718
405	716201
406	716506
407	717928
408	718135
409	718447
410	720804
411	722083
412	726438
413	727336
414	727648
415	731702
416	731850
417	734926
418	735044
419	735547
420	737701
421	738750
422	741224
423	741950
424	742142
425	745115
426	747069
427	747666
428	748866
429	749211
430	749609
431	749862
432	752039
433	754306
434	755226
435	757068
436	757647
437	759910
438	760199
439	762516
440	767661
441	767959
442	768329
443	771060
444	778021
445	780869
446	781936
447	783321
448	783327
449	783354
450	783543
451	783729
452	783906
453	787067
454	789698
455	789915
456	792209
457	792239
458	795451
459	796754
460	800391
461	801440
462	801534
463	801712
464	802134
465	804638
466	805845
467	806573
468	808306
469	809937
470	813053
471	814219
472	814753
473	814807
474	815802
475	816930
476	817804
477	819204
478	819559
479	820164
480	822080
481	824594
482	825073
483	825961
484	827479
485	829191
486	831936
487	834850
488	834895
489	835371
490	835379
491	835677
492	836265
493	836545
494	836998
495	841466
496	841772
497	842872
498	843010
499	844182
500	845197
501	845635
502	845918
503	846651
504	848772
505	851693
506	852005
507	854257
508	860356
509	860540
510	860888
511	862714
512	864807
513	867906
514	870839
515	871121
516	875674
517	875722
518	877754
519	878525
520	884015
521	884352
522	886143
523	886556
524	888105
525	888527
526	888578
527	888606
528	891746
529	893723
530	895525
531	895683
532	899931
533	900493
534	901174
535	901348
536	903006
537	904574
538	904877
539	907516
540	907540
541	910102
542	910880
543	916327
544	919560
545	921777
546	923571
547	923868
548	923914
549	924853
550	928277
551	930099
552	930498
553	930952
554	931003
555	931027
556	931159
557	933500
558	933542
559	933578
560	938841
561	939804
562	940437
563	942702
564	945250
565	946082
566	947726
567	948169
568	950166
569	950561
570	951414
571	953041
572	954058
573	956858
574	957802
575	958692
576	963732
577	966663
578	968868
579	969777
580	970254
581	971224
582	972920
583	975909
584	976063
585	976388
586	979081
587	982149
588	984828
589	985070
590	989486
591	990223
592	991707
593	992596
594	993208
595	999303
596	1000009
597	1000103
598	1000511
599	1001477
600	1002344
601	1002593
602	1002837
603	1004297
604	1007816
605	1009530
606	1013985
607	1016940
608	1017211
609	1018329
610	1019027
611	1022495
612	1023369
613	1024911
614	1029156
615	1029827
616	1030059
617	1030187
618	1033690
619	1035121
620	1039041
621	1043891
622	1047204
623	1048484
624	1049126
625	1050588
626	1051061
627	1052790
628	1053396
629	1053458
630	1054503
631	1055642
632	1058342
633	1060028
634	1063001
635	1063550
636	1064008
637	1064517
638	1064763
639	1064971
640	1066141
641	1066740
642	1066988
643	1067691
644	1068426
645	1072024
646	1072719
647	1072936
648	1072960
649	1073670
650	1073946
651	1077157
652	1078777
653	1085040
654	1087071
655	1088359
656	1090221
657	1095696
658	1095744
659	1097997
660	1098147
661	1098175
662	1098210
663	1099622
664	1099641
665	1099642
666	1099674
667	1100044
668	1100104
669	1100205
670	1100395
671	1100625
672	1100741
673	1100992
674	1101399
675	1101436
676	1101623
677	1101669
678	1101749
679	1101970
680	1101989
681	1102187
682	1103316
683	1103373
684	1104126
685	1105275
686	1107527
687	1109101
688	1109184
689	1110121
690	1111725
691	1111865
692	1112148
693	1115109
694	1115787
695	1116083
696	1116610
697	1118139
698	1118416
699	1120941
700	1121064
701	1122405
702	1122491
703	1123131
704	1124190
705	1124481
706	1124753
707	1124865
708	1125193
709	1133980
710	1138090
711	1141948
712	1142840
713	1142885
714	1147665
715	1147850
716	1148125
717	1148303
718	1149012
719	1153457
720	1156724
721	1161257
722	1163717
723	1166728
724	1167490
725	1168756
726	1168799
727	1170723
728	1171175
729	1173860
730	1175011
731	1175028
732	1175870
733	1176277
734	1176926
735	1179840
736	1181402
737	1188927
738	1194198
739	1195861
740	1196289
741	1196573
742	1197372
743	1201645
744	1201756
745	1201878
746	1203556
747	1203589
748	1204322
749	1204486
750	1205321
751	1206545
752	1207177
753	1207951
754	1210404
755	1213343
756	1214443
757	1215993
758	1216529
759	1219566
760	1219755
761	1220754
762	1221958
763	1225388
764	1226153
765	1226333
766	1226437
767	1226979
768	1227739
769	1233814
770	1234557
771	1237100
772	1237148
773	1239094
774	1244330
775	1244559
776	1246065
777	1247963
778	1248418
779	1249749
780	1253046
781	1253454
782	1257770
783	1260104
784	1260759
785	1261126
786	1263365
787	1271365
788	1271499
789	1272411
790	1273428
791	1275489
792	1276148
793	1280068
794	1281774
795	1282688
796	1284753
797	1285276
798	1285548
799	1285567
800	1285651
801	1285927
802	1286401
803	1291264
804	1293513
805	1297381
806	1297873
807	1300464
808	1300602
809	1302116
810	1303558
811	1305382
812	1306850
813	1308665
814	1310012
815	1310199
816	1315754
817	1315789
818	1316342
819	1317647
820	1317677
821	1318258
822	1318640
823	1320500
824	1321467
825	1324249
826	1327992
827	1327994
828	1328009
829	1328139
830	1328367
831	1329248
832	1329267
833	1330109
834	1330680
835	1331600
836	1331792
837	1332851
838	1333038
839	1333624
840	1337147
841	1337188
842	1337425
843	1338555
844	1344463
845	1347920
846	1348708
847	1348721
848	1351072
849	1353775
850	1357016
851	1358382
852	1360178
853	1362119
854	1364293
855	1366590
856	1369592
857	1370137
858	1371287
859	1371838
860	1372290
861	1374012
862	1376788
863	1377323
864	1380043
865	1380921
866	1383210
867	1394794
868	1397927
869	1402667
870	1404517
871	1405905
872	1407307
873	1408006
874	1409961
875	1411822
876	1413153
877	1415464
878	1416751
879	1422509
880	1422885
881	1428674
882	1432144
883	1433783
884	1435005
885	1435323
886	1436043
887	1436768
888	1436793
889	1437573
890	1437957
891	1438802
892	1442894
893	1443427
894	1445278
895	1445501
896	1447566
897	1450281
898	1450654
899	1451199
900	1454190
901	1455023
902	1455070
903	1456924
904	1458857
905	1459044
906	1459951
907	1460691
908	1462601
909	1462941
910	1464765
911	1465963
912	1467366
913	1468205
914	1470979
915	1472186
916	1472879
917	1474444
918	1474769
919	1475560
920	1476453
921	1479348
922	1479960
923	1482902
924	1483216
925	1485947
926	1487201
927	1487359
928	1488327
929	1488355
930	1489922
931	1490864
932	1491742
933	1494716
934	1498792
935	1500182
936	1501843
937	1503816
938	1504225
939	1504449
940	1506329
941	1506427
942	1507418
943	1508185
944	1508248
945	1511295
946	1511670
947	1514719
948	1515622
949	1515663
950	1518763
951	1519575
952	1526615
953	1527239
954	1528232
955	1529543
956	1529770
957	1530648
958	1530768
959	1531120
960	1533289
961	1536308
962	1536553
963	1536979
964	1537580
965	1539302
966	1539741
967	1540663
968	1546556
969	1547450
970	1548256
971	1548657
972	1551345
973	1551532
974	1552320
975	1553846
976	1554514
977	1555737
978	1558849
979	1560741
980	1561501
981	1561575
982	1561936
983	1561956
984	1562440
985	1567976
986	1568884
987	1569049
988	1569360
989	1573921
990	1574727
991	1575299
992	1578145
993	1578721
994	1581189
995	1581366
996	1581754
997	1582498
998	1586013
999	1589756
1000	1593736
1001	1594900
1002	1595027
1003	1597339
1004	1600300
1005	1600836
1006	1600870
1007	1601291
1008	1601680
1009	1601809
1010	1602833
1011	1603749
1012	1605321
1013	1606351
1014	1606726
1015	1607127
1016	1609921
1017	1610338
1018	1611811
1019	1612145
1020	1612203
1021	1615215
1022	1617272
1023	1618132
1024	1618572
1025	1620770
1026	1621437
1027	1622402
1028	1625874
1029	1627411
1030	1628039
1031	1629794
1032	1630024
1033	1633943
1034	1636510
1035	1637435
1036	1640478
1037	1640981
1038	1650098
1039	1651011
1040	1651940
1041	1652227
1042	1652366
1043	1652412
1044	1652441
1045	1653338
1046	1654306
1047	1655574
1048	1657891
1049	1658997
1050	1659597
1051	1662039
1052	1662367
1053	1662857
1054	1664076
1055	1666568
1056	1667931
1057	1669531
1058	1670392
1059	1674337
1060	1676755
1061	1679955
1062	1681642
1063	1684998
1064	1685324
1065	1685685
1066	1688107
1067	1688115
1068	1688330
1069	1689457
1070	1690154
1071	1692601
1072	1696239
1073	1697398
1074	1702205
1075	1702404
1076	1702474
1077	1706837
1078	1707574
1079	1709650
1080	1709846
1081	1714146
1082	1714638
1083	1716666
1084	1716883
1085	1716935
1086	1718785
1087	1718802
1088	1723458
1089	1723532
1090	1725428
1091	1729160
1092	1729728
1093	1731777
1094	1731856
1095	1735544
1096	1736672
1097	1737039
1098	1740707
1099	1741368
1100	1742143
1101	1744030
1102	1747134
1103	1747608
1104	1747879
1105	1749360
1106	1749621
1107	1749756
1108	1753133
1109	1753636
1110	1754439
1111	1758131
1112	1762182
1113	1763115
1114	1763195
1115	1764799
1116	1766396
1117	1766640
1118	1771255
1119	1773870
1120	1775195
1121	1776856
1122	1777319
1123	1777908
1124	1778066
1125	1779613
1126	1779801
1127	1781195
1128	1781196
1129	1783198
1130	1783356
1131	1783561
1132	1785040
1133	1785057
1134	1793079
1135	1794708
1136	1797892
1137	1797980
1138	1800952
1139	1801371
1140	1802495
1141	1808129
1142	1809043
1143	1813063
1144	1816938
1145	1817759
1146	1820172
1147	1822002
1148	1823355
1149	1827064
1150	1827623
1151	1835914
1152	1838684
1153	1838861
1154	1841087
1155	1842042
1156	1843777
1157	1845422
1158	1845738
1159	1846844
1160	1848458
1161	1852570
1162	1852789
1163	1852903
1164	1857146
1165	1857157
1166	1860838
1167	1861049
1168	1861055
1169	1861133
1170	1870026
1171	1871059
1172	1876988
1173	1879313
1174	1886106
1175	1886826
1176	1888798
1177	1889075
1178	1889898
1179	1889979
1180	1891438
1181	1891577
1182	1895773
1183	1896923
1184	1896932
1185	1898259
1186	1900712
1187	1900757
1188	1901713
1189	1904611
1190	1908641
1191	1909256
1192	1909537
1193	1909608
1194	1912287
1195	1915433
1196	1919775
1197	1919924
1198	1920016
1199	1920193
1200	1920288
1201	1920818
1202	1920963
1203	1922775
1204	1923701
1205	1925355
1206	1926858
1207	1930454
1208	1930487
1209	1931302
1210	1931753
1211	1935848
1212	1936883
1213	1937869
1214	1938442
1215	1938577
1216	1939740
1217	1940197
1218	1942155
1219	1942429
1220	1943567
1221	1944061
1222	1944345
1223	1945843
1224	1946860
1225	1948120
1226	1951045
1227	1951758
1228	1952887
1229	1953580
1230	1955601
1231	1957904
1232	1958883
1233	1959493
1234	1961393
1235	1967810
1236	1972514
1237	1975522
1238	1978535
1239	1979039
1240	1982334
1241	1983121
1242	1984165
1243	1986706
1244	1986883
1245	1998165
1246	1998331
1247	2000355
1248	2004500
1249	2008162
1250	2012379
1251	2016860
1252	2017173
1253	2020525
1254	2020998
1255	2021295
1256	2021436
1257	2021546
1258	2021603
1259	2021785
1260	2021790
1261	2021817
1262	2021992
1263	2022595
1264	2022600
1265	2023425
1266	2023920
1267	2030147
1268	2031094
1269	2031799
1270	2033177
1271	2038449
1272	2039141
1273	2041866
1274	2043160
1275	2043506
1276	2043941
1277	2044541
1278	2045944
1279	2045986
1280	2050419
1281	2050833
1282	2053569
1283	2053979
1284	2054150
1285	2054237
1286	2054666
1287	2055631
1288	2058249
1289	2058710
1290	2061391
1291	2061904
1292	2062808
1293	2064405
1294	2066251
1295	2068968
1296	2072481
1297	2072736
1298	2072963
1299	2078359
1300	2078510
1301	2078855
1302	2083700
1303	2083770
1304	2084834
1305	2086476
1306	2086887
1307	2092113
1308	2094900
1309	2096685
1310	2105419
1311	2106446
1312	2107707
1313	2108273
1314	2108303
1315	2109064
1316	2114461
1317	2116712
1318	2117761
1319	2123858
1320	2124351
1321	2124369
1322	2127674
1323	2128780
1324	2129399
1325	2133203
1326	2134909
1327	2141884
1328	2142925
1329	2142992
1330	2143531
1331	2143877
1332	2144979
1333	2147669
1334	2148270
1335	2149070
1336	2149842
1337	2150735
1338	2152180
1339	2152241
1340	2155352
1341	2157467
1342	2157528
1343	2158831
1344	2158902
1345	2165683
1346	2167662
1347	2168202
1348	2168341
1349	2169812
1350	2169895
1351	2169951
1352	2171960
1353	2175037
1354	2175940
1355	2177982
1356	2179512
1357	2180564
1358	2181329
1359	2182468
1360	2188807
1361	2189924
1362	2190848
1363	2192981
1364	2194265
1365	2194555
1366	2198524
1367	2198925
1368	2199464
1369	2199698
1370	2202168
1371	2202270
1372	2202562
1373	2202746
1374	2203571
1375	2204980
1376	2205438
1377	2205796
1378	2206082
1379	2206847
1380	2208714
1381	2209736
1382	2209898
1383	2210945
1384	2212204
1385	2215856
1386	2216407
1387	2219358
1388	2220737
1389	2222021
1390	2226189
1391	2226317
1392	2226815
1393	2229124
1394	2233358
1395	2238349
1396	2243307
1397	2244892
1398	2245601
1399	2247349
1400	2247353
1401	2247548
1402	2248898
1403	2248906
1404	2250033
1405	2250477
1406	2252806
1407	2253124
1408	2253293
1409	2256252
1410	2257367
1411	2257433
1412	2259298
1413	2260209
1414	2263556
1415	2264716
1416	2268744
1417	2271650
1418	2273804
1419	2277874
1420	2282258
1421	2292418
1422	2296953
1423	2299506
1424	2300159
1425	2301604
1426	2302135
1427	2302394
1428	2303002
1429	2305714
1430	2306423
1431	2310903
1432	2312611
1433	2312928
1434	2316989
1435	2317764
1436	2319569
1437	2324170
1438	2326002
1439	2326132
1440	2326231
1441	2326890
1442	2327604
1443	2328141
1444	2328366
1445	2329519
1446	2330969
1447	2333663
1448	2333854
1449	2335763
1450	2336961
1451	2338761
1452	2339687
1453	2340831
1454	2342605
1455	2347155
1456	2350095
1457	2352115
1458	2352564
1459	2354464
1460	2355012
1461	2357553
1462	2360169
1463	2360995
1464	2370474
1465	2373264
1466	2374485
1467	2377890
1468	2380104
1469	2382751
1470	2382801
1471	2383352
1472	2383824
1473	2387111
1474	2389290
1475	2394877
1476	2402369
1477	2404896
1478	2405947
1479	2407810
1480	2411338
1481	2411339
1482	2411350
1483	2418933
1484	2422589
1485	2423266
1486	2427377
1487	2427863
1488	2433715
1489	2433787
1490	2435191
1491	2437605
1492	2438021
1493	2440757
1494	2442444
1495	2442538
1496	2442780
1497	2445628
1498	2445658
1499	2445810
1500	2445863
1501	2450049
1502	2455480
1503	2455693
1504	2456981
1505	2457174
1506	2461125
1507	2462609
1508	2463505
1509	2464481
1510	2472870
1511	2474066
1512	2476496
1513	2477944
1514	2478388
1515	2479930
1516	2480170
1517	2484624
1518	2485237
1519	2488116
1520	2488995
1521	2489484
1522	2491157
1523	2491646
1524	2491931
1525	2494390
1526	2495853
1527	2498370
1528	2499229
1529	2499357
1530	2500431
1531	2503079
1532	2504352
1533	2506606
1534	2508719
1535	2512580
1536	2512769
1537	2516430
1538	2516932
1539	2520298
1540	2523157
1541	2523439
1542	2523459
1543	2526051
1544	2526138
1545	2527113
1546	2529408
1547	2531469
1548	2533212
1549	2534085
1550	2534098
1551	2536174
1552	2537551
1553	2539925
1554	2540940
1555	2542242
1556	2544842
1557	2551929
1558	2553823
1559	2555729
1560	2555944
1561	2557229
1562	2557258
1563	2559061
1564	2559200
1565	2559269
1566	2561234
1567	2562431
1568	2562766
1569	2566091
1570	2571438
1571	2572262
1572	2574263
1573	2575162
1574	2575565
1575	2576158
1576	2576599
1577	2577040
1578	2577153
1579	2583975
1580	2587734
1581	2590569
1582	2592458
1583	2594192
1584	2595940
1585	2596068
1586	2596809
1587	2599206
1588	2599741
1589	2600541
1590	2601872
1591	2602695
1592	2603987
1593	2606202
1594	2608652
1595	2610900
1596	2613221
1597	2616013
1598	2618664
1599	2618845
1600	2620818
1601	2622525
1602	2624302
1603	2625057
1604	2630209
1605	2630637
1606	2630847
1607	2631949
1608	2632849
1609	2637862
1610	2638550
1611	2639191
1612	2639389
1613	2641265
1614	2641347
1615	2641915
1616	2643003
1617	2643772
1618	2646470
1619	2648256
1620	2649564
1621	2651162
1622	2652469
1623	2653704
1624	2655423
1625	2655705
1626	2655915
1627	2657518
1628	2661880
1629	2663858
1630	2664739
1631	2666324
1632	2666326
1633	2666335
1634	2666497
1635	2667790
1636	2669714
1637	2669726
1638	2671290
1639	2671775
1640	2672296
1641	2672303
1642	2674450
1643	2674641
1644	2675242
1645	2677421
1646	2678822
1647	2679148
1648	2680492
1649	2680948
1650	2685920
1651	2688261
1652	2689009
1653	2689425
1654	2690039
1655	2690190
1656	2690418
1657	2690907
1658	2692093
1659	2692752
1660	2693554
1661	2694737
1662	2695748
1663	2699457
1664	2701034
1665	2704351
1666	2705059
1667	2706056
1668	2706237
1669	2706622
1670	2707657
1671	2709124
1672	2709276
1673	2709753
1674	2711535
1675	2713001
1676	2713097
1677	2713949
1678	2714785
1679	2718821
1680	2719293
1681	2723647
1682	2724520
1683	2724532
1684	2728578
1685	2728761
1686	2730806
1687	2730936
1688	2732010
1689	2732329
1690	2735622
1691	2736040
1692	2736234
1693	2736761
1694	2740056
1695	2741904
1696	2742978
1697	2746081
1698	2746878
1699	2746950
1700	2747982
1701	2748749
1702	2749813
1703	2750006
1704	2750031
1705	2751031
1706	2754778
1707	2754926
1708	2757197
1709	2758041
1710	2758054
1711	2759795
1712	2760031
1713	2766357
1714	2768374
1715	2769471
1716	2769978
1717	2771539
1718	2772916
1719	2776472
1720	2778551
1721	2779229
1722	2782804
1723	2782955
1724	2783838
1725	2783976
1726	2784134
1727	2784468
1728	2787286
1729	2789620
1730	2792541
1731	2797284
1732	2801014
1733	2804268
1734	2805281
1735	2805339
1736	2805603
1737	2813504
1738	2813534
1739	2814888
1740	2814934
1741	2817152
1742	2821662
1743	2822987
1744	2824864
1745	2825365
1746	2826794
1747	2829481
1748	2832989
1749	2833329
1750	2834736
1751	2835025
1752	2835636
1753	2836141
1754	2836354
1755	2838275
1756	2839400
1757	2842071
1758	2842552
1759	2842879
1760	2843432
1761	2844256
1762	2848199
1763	2851359
1764	2851393
1765	2853000
1766	2857426
1767	2858791
1768	2860491
1769	2861339
1770	2862330
1771	2864660
1772	2866436
1773	2867494
1774	2867682
1775	2868278
1776	2868283
1777	2869359
1778	2869892
1779	2870035
1780	2870729
1781	2880418
1782	2887213
1783	2888466
1784	2890427
1785	2893363
1786	2895559
1787	2896790
1788	2898307
1789	2898624
1790	2899457
1791	2906672
1792	2908726
1793	2917030
1794	2917513
1795	2918119
1796	2918955
1797	2920441
1798	2922206
1799	2922951
1800	2923618
1801	2924127
1802	2929845
1803	2930470
1804	2932870
1805	2934754
1806	2935024
1807	2937103
1808	2938206
1809	2938648
1810	2941405
1811	2942375
1812	2943501
1813	2943590
1814	2945802
1815	2947452
1816	2948042
1817	2950113
1818	2950474
1819	2951495
1820	2953717
1821	2955134
1822	2955976
1823	2958141
1824	2959896
1825	2961436
1826	2962512
1827	2962911
1828	2964746
1829	2965580
1830	2966220
1831	2967625
1832	2967647
1833	2968571
1834	2971590
1835	2971724
1836	2973337
1837	2976499
1838	2976818
1839	2978526
1840	2980754
1841	2982862
1842	2983883
1843	2986995
1844	2988276
1845	2988999
1846	2989750
1847	2992661
1848	2993705
1849	2994877
1850	2996653
1851	2996803
1852	2999298
1853	2999850
1854	3000251
1855	3001489
1856	3003324
1857	3005264
1858	3006736
1859	3010871
1860	3012142
1861	3013251
1862	3014002
1863	3018039
1864	3018182
1865	3019696
1866	3024401
1867	3024786
1868	3024857
1869	3028177
1870	3029831
1871	3030131
1872	3030286
1873	3030303
1874	3030749
1875	3030755
1876	3030819
1877	3031042
1878	3031094
1879	3031135
1880	3031150
1881	3031803
1882	3033310
1883	3036195
1884	3044676
1885	3045726
1886	3046540
1887	3046896
1888	3052312
1889	3055920
1890	3056012
1891	3060442
1892	3061377
1893	3063058
1894	3064370
1895	3064817
1896	3064888
1897	3066529
1898	3066909
1899	3068780
1900	3070249
1901	3073482
1902	3081574
1903	3083965
1904	3086231
1905	3087927
1906	3089013
1907	3089539
1908	3089736
1909	3090297
1910	3094117
1911	3094958
1912	3095113
1913	3098050
1914	3099288
1915	3102328
1916	3104987
1917	3105339
1918	3105497
1919	3105591
1920	3107693
1921	3108896
1922	3109890
1923	3109941
1924	3110969
1925	3114494
1926	3115668
1927	3118854
1928	3120775
1929	3120982
1930	3121385
1931	3122259
1932	3125309
1933	3126530
1934	3128652
1935	3129235
1936	3129608
1937	3132607
1938	3134798
1939	3136328
1940	3136491
1941	3139075
1942	3139242
1943	3140514
1944	3145681
1945	3145822
1946	3146300
1947	3147779
1948	3156763
1949	3160634
1950	3161895
1951	3164357
1952	3164399
1953	3169601
1954	3170195
1955	3171699
1956	3171848
1957	3172903
1958	3173826
1959	3174068
1960	3175721
1961	3177044
1962	3177236
1963	3177286
1964	3178590
1965	3180738
1966	3181120
1967	3181993
1968	3185216
1969	3186104
1970	3186243
1971	3186751
1972	3191499
1973	3193380
1974	3193533
1975	3194778
1976	3196334
1977	3197426
1978	3201273
1979	3201769
1980	3202054
1981	3202224
1982	3202273
1983	3206515
1984	3208047
1985	3208258
1986	3209208
1987	3209906
1988	3211587
1989	3213581
1990	3215286
1991	3222425
1992	3222428
1993	3222439
1994	3226887
1995	3227459
1996	3231330
1997	3231869
1998	3236401
1999	3239141
2000	3241730
2001	3242606
2002	3245822
2003	3245949
2004	3246203
2005	3250026
2006	3255976
2007	3256177
2008	3259765
2009	3261272
2010	3261825
2011	3262369
2012	3263814
2013	3265426
2014	3268374
2015	3270158
2016	3270659
2017	3271623
2018	3272497
2019	3276067
2020	3282872
2021	3286568
2022	3286640
2023	3292617
2024	3294049
2025	3297836
2026	3297895
2027	3299305
2028	3303187
2029	3304715
2030	3306187
2031	3306480
2032	3306550
2033	3308673
2034	3309155
2035	3309395
2036	3312252
2037	3312421
2038	3313851
2039	3314542
2040	3316780
2041	3317052
2042	3317132
2043	3320599
2044	3321583
2045	3321781
2046	3321856
2047	3322604
2048	3324319
2049	3324560
2050	3325671
2051	3329361
2052	3332497
2053	3337964
2054	3339793
2055	3340541
2056	3343127
2057	3346405
2058	3348766
2059	3350849
2060	3352860
2061	3353341
2062	3353801
2063	3354518
2064	3357278
2065	3362929
2066	3363010
2067	3364614
2068	3371022
2069	3371356
2070	3371691
2071	3372074
2072	3372207
2073	3372844
2074	3373641
2075	3376960
2076	3377688
2077	3379670
2078	3385449
2079	3386508
2080	3387585
2081	3390775
2082	3393858
2083	3393994
2084	3394989
2085	3396142
2086	3399780
2087	3399798
2088	3409459
2089	3410360
2090	3411268
2091	3411653
2092	3414206
2093	3415228
2094	3416989
2095	3418998
2096	3421040
2097	3421060
2098	3424012
2099	3437483
2100	3439328
2101	3440857
2102	3442039
2103	3444080
2104	3445162
2105	3445587
2106	3446413
2107	3446671
2108	3447547
2109	3448582
2110	3451890
2111	3452508
2112	3454108
2113	3454769
2114	3455034
2115	3459632
2116	3466526
2117	3471194
2118	3473282
2119	3474118
2120	3476584
2121	3477760
2122	3484984
2123	3485244
2124	3486321
2125	3488041
2126	3490137
2127	3491801
2128	3493772
2129	3499399
2130	3501718
2131	3504215
2132	3504650
2133	3506284
2134	3506459
2135	3507929
2136	3509137
2137	3512261
2138	3512264
2139	3513972
2140	3515017
2141	3516184
2142	3517724
2143	3517884
2144	3519228
2145	3519715
2146	3521577
2147	3521789
2148	3522276
2149	3523987
2150	3524537
2151	3525386
2152	3527222
2153	3528313
2154	3531892
2155	3533494
2156	3536958
2157	3545940
2158	3547344
2159	3547857
2160	3548020
2161	3548296
2162	3548492
2163	3548648
2164	3550656
2165	3552531
2166	3553185
2167	3554519
2168	3558553
2169	3558603
2170	3558876
2171	3563032
2172	3567077
2173	3567664
2174	3569092
2175	3570872
2176	3571129
2177	3571873
2178	3572100
2179	3572150
2180	3572551
2181	3573300
2182	3573654
2183	3573655
2184	3573756
2185	3573834
2186	3574818
2187	3575185
2188	3575307
2189	3575799
2190	3581955
2191	3586602
2192	3587965
2193	3589566
2194	3590223
2195	3590876
2196	3592846
2197	3596127
2198	3601370
2199	3602850
2200	3604911
2201	3605054
2202	3605769
2203	3606296
2204	3608397
2205	3612743
2206	3612924
2207	3613019
2208	3613969
2209	3615368
2210	3616423
2211	3616456
2212	3616470
2213	3616759
2214	3617171
2215	3617285
2216	3620447
2217	3625699
2218	3626132
2219	3626297
2220	3626570
2221	3629888
2222	3632378
2223	3637295
2224	3639939
2225	3640265
2226	3649756
2227	3652571
2228	3652712
2229	3653445
2230	3653508
2231	3655731
2232	3659860
2233	3662843
2234	3664518
2235	3664869
2236	3665277
2237	3666417
2238	3668418
2239	3669597
2240	3671779
2241	3673622
2242	3679219
2243	3680028
2244	3682979
2245	3683784
2246	3683807
2247	3685616
2248	3687644
2249	3687944
2250	3689916
2251	3690975
2252	3692063
2253	3692232
2254	3693244
2255	3695690
2256	3700090
2257	3700314
2258	3701950
2259	3701983
2260	3705240
2261	3706404
2262	3709065
2263	3709832
2264	3710298
2265	3713901
2266	3715641
2267	3716552
2268	3717302
2269	3717403
2270	3717734
2271	3717795
2272	3718965
2273	3719901
2274	3722341
2275	3722342
2276	3724033
2277	3725696
2278	3726366
2279	3728205
2280	3731576
2281	3735708
2282	3737006
2283	3738920
2284	3746038
2285	3748858
2286	3749040
2287	3757185
2288	3763873
2289	3765847
2290	3770057
2291	3772596
2292	3775075
2293	3779703
2294	3779735
2295	3780884
2296	3782341
2297	3783249
2298	3783387
2299	3785832
2300	3786922
2301	3787234
2302	3787638
2303	3793755
2304	3794678
2305	3795627
2306	3796316
2307	3797628
2308	3798373
2309	3800117
2310	3803244
2311	3806876
2312	3807918
2313	3808195
2314	3808232
2315	3808873
2316	3811739
2317	3811744
2318	3812718
2319	3814398
2320	3814938
2321	3822633
2322	3830268
2323	3830801
2324	3830868
2325	3833308
2326	3834102
2327	3835361
2328	3836011
2329	3836078
2330	3837288
2331	3838805
2332	3838894
2333	3841077
2334	3843283
2335	3845086
2336	3847631
2337	3848156
2338	3850515
2339	3850589
2340	3852010
2341	3852399
2342	3855829
2343	3856316
2344	3859263
2345	3860930
2346	3863681
2347	3863767
2348	3864472
2349	3865665
2350	3868660
2351	3871610
2352	3872262
2353	3877465
2354	3880117
2355	3880821
2356	3881138
2357	3883283
2358	3885117
2359	3886784
2360	3888175
2361	3889467
2362	3891167
2363	3892370
2364	3898286
2365	3901409
2366	3902454
2367	3902562
2368	3904060
2369	3904597
2370	3905939
2371	3911139
2372	3912115
2373	3920188
2374	3925376
2375	3925521
2376	3925912
2377	3926651
2378	3927589
2379	3928084
2380	3928822
2381	3929704
2382	3931397
2383	3931949
2384	3936237
2385	3937693
2386	3937808
2387	3938817
2388	3942146
2389	3943618
2390	3948362
2391	3952009
2392	3953799
2393	3955723
2394	3959646
2395	3961618
2396	3962055
2397	3964319
2398	3968424
2399	3969212
2400	3973447
2401	3980105
2402	3980159
2403	3982266
2404	3984615
2405	3985691
2406	3992442
2407	3992846
2408	3993647
2409	3994410
2410	3996945
2411	3997587
2412	3997828
2413	4004447
2414	4004543
2415	4004854
2416	4005067
2417	4005414
2418	4007851
2419	4010975
2420	4012767
2421	4016992
2422	4021307
2423	4022207
2424	4022980
2425	4029024
2426	4029194
2427	4031920
2428	4033029
2429	4034042
2430	4035333
2431	4035464
2432	4038656
2433	4042268
2434	4043917
2435	4045258
2436	4045570
2437	4046412
2438	4051919
2439	4058209
2440	4058486
2441	4061587
2442	4062523
2443	4065955
2444	4066893
2445	4072756
2446	4076871
2447	4081208
2448	4082007
2449	4083057
2450	4088230
2451	4089761
2452	4094386
2453	4095240
2454	4096273
2455	4099612
2456	4100289
2457	4101888
2458	4103403
2459	4103665
2460	4108808
2461	4110404
2462	4110406
2463	4110410
2464	4110563
2465	4111236
2466	4114074
2467	4118226
2468	4118990
2469	4122497
2470	4123865
2471	4125025
2472	4126099
2473	4126797
2474	4129673
2475	4130251
2476	4133229
2477	4133265
2478	4133377
2479	4133510
2480	4135541
2481	4139764
2482	4139931
2483	4140680
2484	4140753
2485	4142248
2486	4145348
2487	4148030
2488	4159821
2489	4162285
2490	4165728
2491	4168995
2492	4169528
2493	4172603
2494	4174010
2495	4174645
2496	4175850
2497	4176212
2498	4176804
2499	4176916
2500	4177411
2501	4178518
2502	4178788
2503	4179891
2504	4181875
2505	4182729
2506	4183097
2507	4184531
2508	4184918
2509	4186046
2510	4187914
2511	4188393
2512	4191199
2513	4193045
2514	4193748
2515	4195318
2516	4195372
2517	4200628
2518	4206217
2519	4207253
2520	4209838
2521	4212525
2522	4216601
2523	4216912
2524	4216975
2525	4217171
2526	4219952
2527	4222182
2528	4223407
2529	4225279
2530	4226472
2531	4231386
2532	4232088
2533	4237334
2534	4237501
2535	4240196
2536	4240377
2537	4242240
2538	4242877
2539	4245143
2540	4246016
2541	4246396
2542	4246966
2543	4248269
2544	4249442
2545	4252596
2546	4252630
2547	4258319
2548	4258361
2549	4258609
2550	4262404
2551	4263144
2552	4263784
2553	4274140
2554	4282162
2555	4282431
2556	4285070
2557	4290024
2558	4291193
2559	4293342
2560	4293835
2561	4295615
2562	4296469
2563	4296586
2564	4296786
2565	4297161
2566	4298968
2567	4299027
2568	4299500
2569	4302344
2570	4302601
2571	4305700
2572	4306242
2573	4307887
2574	4308688
2575	4310055
2576	4311331
2577	4313964
2578	4314104
2579	4315587
2580	4320406
2581	4325717
2582	4326700
2583	4329360
2584	4329665
2585	4332352
2586	4333373
2587	4333612
2588	4333826
2589	4335326
2590	4338510
2591	4345239
2592	4348929
2593	4349246
2594	4350615
2595	4353871
2596	4360080
2597	4362955
2598	4363775
2599	4363857
2600	4365189
2601	4369348
2602	4369759
2603	4373750
2604	4374128
2605	4376110
2606	4376432
2607	4377147
2608	4378405
2609	4378433
2610	4381493
2611	4381782
2612	4382388
2613	4382869
2614	4383084
2615	4383580
2616	4383807
2617	4383966
2618	4384035
2619	4384208
2620	4385559
2621	4385811
2622	4392001
2623	4393186
2624	4394800
2625	4398829
2626	4401218
2627	4401490
2628	4402242
2629	4405567
2630	4406897
2631	4407747
2632	4408248
2633	4409025
2634	4410443
2635	4412579
2636	4412916
2637	4415545
2638	4416326
2639	4417102
2640	4417349
2641	4422562
2642	4424191
2643	4424328
2644	4426035
2645	4426104
2646	4431396
2647	4431809
2648	4432961
2649	4433150
2650	4433202
2651	4437530
2652	4438288
2653	4438780
2654	4442395
2655	4442423
2656	4443432
2657	4444378
2658	4449188
2659	4449662
2660	4450722
2661	4452917
2662	4454287
2663	4455431
2664	4456322
2665	4461440
2666	4463215
2667	4466747
2668	4466753
2669	4466850
2670	4467802
2671	4469386
2672	4471101
2673	4471692
2674	4472432
2675	4474464
2676	4480983
2677	4483455
2678	4491699
2679	4491950
2680	4493799
2681	4495042
2682	4497998
2683	4498979
2684	4500072
2685	4501580
2686	4503216
2687	4504033
2688	4504595
2689	4505565
2690	4505620
2691	4507441
2692	4515859
2693	4516036
2694	4517681
2695	4518589
2696	4520502
2697	4521014
2698	4521424
2699	4521874
2700	4522194
2701	4523690
2702	4524229
2703	4524374
2704	4525651
2705	4526709
2706	4529745
2707	4531967
2708	4536252
2709	4537414
2710	4537913
2711	4539262
2712	4539553
2713	4541727
2714	4543890
2715	4544475
2716	4545376
2717	4546756
2718	4547891
2719	4548824
2720	4549474
2721	4554305
2722	4554545
2723	4560534
2724	4561129
2725	4561542
2726	4564100
2727	4564370
2728	4567435
2729	4570480
2730	4571550
2731	4572135
2732	4574003
2733	4574110
2734	4574310
2735	4576994
2736	4580797
2737	4580839
2738	4581410
2739	4581614
2740	4581844
2741	4581981
2742	4582059
2743	4584952
2744	4585058
2745	4586719
2746	4587211
2747	4588269
2748	4588275
2749	4588573
2750	4589403
2751	4590201
2752	4591209
2753	4591698
2754	4594599
2755	4595205
2756	4602954
2757	4605390
2758	4607368
2759	4609533
2760	4610160
2761	4612887
2762	4617789
2763	4618676
2764	4619228
2765	4619301
2766	4619304
2767	4621822
2768	4624379
2769	4625795
2770	4627397
2771	4629897
2772	4632519
2773	4634704
2774	4638915
2775	4640116
2776	4641702
2777	4642524
2778	4644033
2779	4646281
2780	4647775
2781	4652674
2782	4655658
2783	4656265
2784	4658269
2785	4658990
2786	4660966
2787	4663548
2788	4663678
2789	4663963
2790	4664205
2791	4665566
2792	4669818
2793	4669999
2794	4672277
2795	4673137
2796	4678925
2797	4679768
2798	4685377
2799	4685540
2800	4686259
2801	4686887
2802	4688204
2803	4690111
2804	4694071
2805	4697613
2806	4699411
2807	4699685
2808	4701141
2809	4704412
2810	4704500
2811	4704733
2812	4704998
2813	4710466
2814	4710948
2815	4711047
2816	4712116
2817	4712536
2818	4713010
2819	4716028
2820	4717565
2821	4717686
2822	4721333
2823	4722809
2824	4725937
2825	4731307
2826	4733119
2827	4733238
2828	4738794
2829	4739305
2830	4740267
2831	4740279
2832	4740483
2833	4743190
2834	4745479
2835	4745672
2836	4749116
2837	4749235
2838	4752105
2839	4752229
2840	4755560
2841	4755709
2842	4760584
2843	4760849
2844	4762868
2845	4763117
2846	4764409
2847	4767460
2848	4770878
2849	4771501
2850	4772412
2851	4775402
2852	4775749
2853	4777538
2854	4777643
2855	4777711
2856	4778287
2857	4779187
2858	4779761
2859	4780721
2860	4784673
2861	4789895
2862	4790967
2863	4791028
2864	4791125
2865	4792053
2866	4794511
2867	4796793
2868	4800611
2869	4801026
2870	4801216
2871	4801237
2872	4808118
2873	4808276
2874	4809347
2875	4815320
2876	4819594
2877	4821529
2878	4821623
2879	4822409
2880	4822503
2881	4823983
2882	4824220
2883	4824306
2884	4824695
