1	114
2	154
3	172
4	176
5	207
6	215
7	237
8	251
9	254
10	274
11	275
12	797
13	833
14	926
15	965
16	1451
17	2075
18	2753
19	3487
20	3791
21	3864
22	5014
23	5307
24	5398
25	5699
26	5971
27	6336
28	6378
29	6966
30	7193
31	8177
32	8348
33	9415
34	10344
35	10498
36	10958
37	11295
38	11400
39	11408
40	11859
41	11924
42	12101
43	12103
44	12247
45	12740
46	13343
47	13742
48	14299
49	15232
50	16044
51	17030
52	18238
53	18744
54	18974
55	19023
56	19687
57	20286
58	20629
59	21001
60	21093
61	22094
62	22289
63	22491
64	25321
65	25811
66	25892
67	27110
68	27211
69	27431
70	27538
71	27610
72	27629
73	27753
74	27933
75	27966
76	28154
77	28268
78	28302
79	29203
80	29214
81	29260
82	29347
83	30424
84	30448
85	30782
86	30937
87	30957
88	31032
89	31055
90	31967
91	31980
92	32858
93	33623
94	35156
95	35380
96	36693
97	36759
98	37554
99	37791
100	38332
101	38604
102	38637
103	38646
104	38707
105	39139
106	39187
107	39209
108	39479
109	39481
110	39482
111	39595
112	39674
113	39792
114	39826
115	40399
116	41031
117	41542
118	41839
119	42073
120	42547
121	42625
122	42673
123	42679
124	42696
125	42896
126	42931
127	43285
128	44668
129	44771
130	44952
131	45612
132	45655
133	45658
134	45663
135	45707
136	45759
137	45941
138	45944
139	45949
140	45951
141	45952
142	46006
143	46017
144	46020
145	46023
146	46148
147	46392
148	46436
149	47071
150	47158
151	48051
152	48381
153	48687
154	49338
155	49521
156	50027
157	50148
158	50485
159	50793
160	51006
161	52153
162	52197
163	52216
164	52936
165	53398
166	53538
167	53671
168	53848
169	54027
170	55575
171	55897
172	56407
173	57185
174	57475
175	57569
176	58525
177	59559
178	59566
179	59600
180	59824
181	60537
182	60615
183	60784
184	60893
185	61477
186	61619
187	61832
188	62010
189	62556
190	62801
191	63489
192	63748
193	64627
194	65232
195	65246
196	65512
197	65515
198	65641
199	65962
200	66126
201	66341
202	66924
203	67041
204	67256
205	67346
206	67446
207	67447
208	67472
209	67609
210	67766
211	68233
212	68282
213	68543
214	68546
215	68728
216	68940
217	68984
218	69014
219	69015
220	69062
221	69112
222	69155
223	69248
224	69291
225	69356
226	69461
227	69853
228	69855
229	70184
230	70370
231	71059
232	71167
233	71230
234	71280
235	71294
236	72673
237	74103
238	74323
239	75261
240	75323
241	75787
242	75835
243	77182
244	77494
245	78883
246	80483
247	80530
248	80910
249	83213
250	83272
251	83330
252	83333
253	84100
254	84599
255	84770
256	85129
257	88633
258	89605
259	89764
260	91229
261	91248
262	92265
263	92493
264	93241
265	93346
266	93490
267	93751
268	94947
269	94948
270	95732
271	95885
272	97796
273	99206
274	100191
275	100556
276	100645
277	100836
278	101640
279	101650
280	102761
281	103241
282	103788
283	103994
284	104241
285	104493
286	104823
287	106554
288	107253
289	107504
290	107999
291	110281
292	110872
293	110890
294	111068
295	112669
296	112842
297	112879
298	112912
299	113108
300	113980
301	114797
302	114804
303	114814
304	115104
305	115682
306	115847
307	115893
308	116114
309	116538
310	117247
311	117562
312	117980
313	118291
314	118292
315	118300
316	118314
317	118377
318	118489
319	118973
320	119249
321	119721
322	119750
323	119879
324	119912
325	120152
326	120544
327	121866
328	121869
329	121874
330	122272
331	122375
332	122965
333	123632
334	123633
335	124036
336	124448
337	124464
338	124491
339	124636
340	125089
341	125290
342	125965
343	126047
344	126196
345	126448
346	126493
347	126674
348	126788
349	126887
350	126971
351	126976
352	127366
353	127492
354	127931
355	128051
356	128723
357	130069
358	130134
359	130203
360	130386
361	130930
362	131083
363	131162
364	131206
365	131227
366	131296
367	131417
368	131561
369	131686
370	131693
371	131765
372	131900
373	131935
374	131936
375	132106
376	132195
377	132331
378	132407
379	132649
380	132700
381	132709
382	132718
383	132809
384	133333
385	133451
386	133731
387	133773
388	133975
389	133977
390	133990
391	134122
392	134179
393	134336
394	134338
395	134446
396	134541
397	134557
398	134583
399	135080
400	136270
401	137254
402	137457
403	137458
404	137464
405	137611
406	137646
407	137732
408	137836
409	137855
410	139378
411	139440
412	139486
413	139561
414	140138
415	140282
416	140598
417	140968
418	141358
419	141507
420	141562
421	142296
422	142870
423	144594
424	145298
425	146201
426	148140
427	148619
428	148720
429	149117
430	149176
431	149699
432	149851
433	150525
434	151742
435	153016
436	153275
437	153896
438	154112
439	154365
440	154449
441	155946
442	156081
443	156185
444	156551
445	156826
446	156866
447	157325
448	157382
449	158285
450	158294
451	159975
452	160788
453	161071
454	161073
455	161279
456	161290
457	162515
458	162870
459	163501
460	163565
461	163575
462	163635
463	164241
464	166042
465	166152
466	166882
467	167024
468	167661
469	167798
470	168247
471	168496
472	168962
473	169137
474	169696
475	169777
476	170367
477	170590
478	171049
479	171168
480	171275
481	172042
482	172377
483	172456
484	172874
485	173080
486	173882
487	174622
488	174793
489	175304
490	175737
491	176146
492	176738
493	176960
494	177018
495	177291
496	177538
497	177560
498	178404
499	178508
500	178991
501	179517
502	179543
503	179660
504	179733
505	179759
506	179786
507	179866
508	180115
509	180174
510	181783
511	182233
512	182309
513	182876
514	183027
515	183034
516	183491
517	183898
518	185059
519	186002
520	186078
521	186152
522	186359
523	187323
524	188267
525	188347
526	189627
527	189977
528	190451
529	190586
530	191004
531	191370
532	192174
533	192222
534	192443
535	192559
536	192696
537	192750
538	192883
539	192907
540	192967
541	193092
542	193096
543	193440
544	193496
545	194412
546	194827
547	194828
548	194882
549	196698
550	196912
551	197132
552	198390
553	198626
554	199737
555	199806
556	199855
557	200105
558	200214
559	200900
560	201623
561	201708
562	201851
563	203298
564	203520
565	203553
566	203563
567	203565
568	203576
569	203579
570	203588
571	203613
572	203618
573	203639
574	203642
575	203645
576	203678
577	205897
578	206155
579	206783
580	206792
581	207188
582	208783
583	208831
584	210209
585	210210
586	210225
587	210517
588	211518
589	212437
590	213085
591	213793
592	214536
593	214736
594	215184
595	215214
596	215226
597	216254
598	216363
599	216384
600	216442
601	216754
602	217110
603	218965
604	219003
605	219543
606	220098
607	220269
608	220402
609	221410
610	221896
611	221953
612	222614
613	223012
614	223475
615	223784
616	223888
617	224811
618	225225
619	225644
620	226890
621	227010
622	227201
623	227735
624	228012
625	228598
626	230191
627	231029
628	231075
629	231457
630	231684
631	232083
632	232234
633	233092
634	233807
635	233808
636	233855
637	234294
638	235717
639	236384
640	236576
641	236784
642	237362
643	237407
644	237482
645	237600
646	238013
647	238148
648	238295
649	238404
650	238434
651	238447
652	238452
653	238457
654	238462
655	238467
656	238518
657	238816
658	239378
659	239491
660	239903
661	240705
662	241171
663	241251
664	241279
665	241755
666	242426
667	242674
668	243043
669	243953
670	244132
671	245119
672	245422
673	245821
674	245966
675	246068
676	246233
677	246916
678	246919
679	247367
680	248102
681	248262
682	248487
683	248629
684	249150
685	249256
686	249929
687	249932
688	249981
689	250176
690	250657
691	250662
692	250732
693	251389
694	251399
695	251402
696	251476
697	251486
698	251507
699	251510
700	251561
701	251564
702	251567
703	251570
704	252710
705	252848
706	252970
707	253666
708	253852
709	254942
710	255380
711	255816
712	256077
713	256442
714	256652
715	256882
716	256968
717	257264
718	257937
719	258354
720	258460
721	258662
722	259145
723	259231
724	259460
725	259519
726	260451
727	260576
728	260793
729	261018
730	261045
731	261249
732	261482
733	261569
734	261643
735	261706
736	262343
737	262550
738	262709
739	262899
740	262985
741	263002
742	263423
743	263608
744	263876
745	263891
746	263926
747	263934
748	263996
749	264396
750	264511
751	264572
752	264974
753	265912
754	265934
755	266023
756	266937
757	267266
758	267460
759	267596
760	267676
761	267691
762	267762
763	267834
764	267975
765	268868
766	269317
767	269466
768	269474
769	269924
770	270733
771	271404
772	271887
773	272184
774	272259
775	272996
776	273221
777	273249
778	273371
779	273804
780	273904
781	274109
782	274114
783	274123
784	274225
785	274249
786	274271
787	274283
788	274332
789	274355
790	274787
791	275226
792	275393
793	275525
794	275619
795	275679
796	276454
797	276578
798	276583
799	276725
800	276756
801	276830
802	276869
803	276921
804	276926
805	277446
806	277830
807	278250
808	278643
809	278924
810	279101
811	279104
812	279135
813	279599
814	280375
815	280381
816	280382
817	280822
818	280934
819	281015
820	281969
821	282021
822	282138
823	282304
824	282447
825	282461
826	282463
827	284189
828	284251
829	284745
830	285333
831	285434
832	285559
833	285787
834	286246
835	286262
836	286720
837	286925
838	286966
839	287898
840	288050
841	288101
842	288137
843	288248
844	289533
845	290202
846	290586
847	290593
848	291033
849	291402
850	292281
851	292412
852	293137
853	293589
854	293959
855	294182
856	294227
857	294542
858	295188
859	295205
860	295415
861	295542
862	295938
863	296146
864	296261
865	296381
866	297516
867	297560
868	298012
869	298167
870	298559
871	298797
872	299085
873	299392
874	299393
875	299572
876	299654
877	299951
878	300378
879	300879
880	300960
881	301133
882	301281
883	302263
884	302265
885	302711
886	303364
887	304392
888	304515
889	304902
890	305364
891	306936
892	307694
893	308707
894	308975
895	309211
896	309993
897	310282
898	311250
899	311704
900	311735
901	312361
902	313098
903	313921
904	314339
905	314389
906	315330
907	315884
908	316532
909	317406
910	317563
911	317620
912	318510
913	318613
914	319097
915	319652
916	319842
917	320088
918	320448
919	320721
920	320767
921	320770
922	320964
923	321684
924	321721
925	321769
926	322605
927	322790
928	322821
929	323283
930	323978
931	324737
932	325065
933	325155
934	325268
935	325529
936	325561
937	325943
938	325950
939	326488
940	327310
941	327617
942	327981
943	328037
944	328631
945	328793
946	329053
947	329101
948	329140
949	329289
950	329303
951	329499
952	329514
953	329546
954	329574
955	330323
956	330521
957	331159
958	331256
959	331400
960	331520
961	331664
962	331805
963	332061
964	332207
965	332297
966	332868
967	333128
968	333129
969	333188
970	333670
971	333938
972	334069
973	334274
974	334381
975	334530
976	334589
977	334847
978	334917
979	335098
980	335715
981	336318
982	336769
983	336938
984	336971
985	337446
986	337753
987	338614
988	338883
989	339062
990	339148
991	339311
992	339485
993	339492
994	339702
995	340031
996	340876
997	341014
998	341287
999	341735
1000	342002
1001	342077
1002	342233
1003	342569
1004	342780
1005	343154
1006	344139
1007	344659
1008	344880
1009	346349
1010	346351
1011	346746
1012	346874
1013	346875
1014	347223
1015	347464
1016	347856
1017	347892
1018	348332
1019	348459
1020	348576
1021	349028
1022	350008
1023	351404
1024	351485
1025	351754
1026	351892
1027	352700
1028	352743
1029	353054
1030	353257
1031	354315
1032	354591
1033	354699
1034	355279
1035	355901
1036	355957
1037	355966
1038	356371
1039	356524
1040	357046
1041	357150
1042	357273
1043	357693
1044	358006
1045	358141
1046	358203
1047	358255
1048	358358
1049	358394
1050	358756
1051	359568
1052	359752
1053	360569
1054	360709
1055	361356
1056	361842
1057	361881
1058	362713
1059	362937
1060	364273
1061	365097
1062	365378
1063	365425
1064	365849
1065	365930
1066	366554
1067	366775
1068	367144
1069	367164
1070	367385
1071	367472
1072	367485
1073	367498
1074	367511
1075	367524
1076	367533
1077	367537
1078	367546
1079	367550
1080	367563
1081	367576
1082	367589
1083	367602
1084	367636
1085	367640
1086	367653
1087	367666
1088	367679
1089	368298
1090	368431
1091	368828
1092	368869
1093	369202
1094	369375
1095	370495
1096	370685
1097	370774
1098	370863
1099	371278
1100	371465
1101	371873
1102	371885
1103	372063
1104	373373
1105	373421
1106	375092
1107	375584
1108	376493
1109	377555
1110	378290
1111	378569
1112	379203
1113	379414
1114	379617
1115	379637
1116	379681
1117	380083
1118	381171
1119	381381
1120	381719
1121	381762
1122	381888
1123	381928
1124	382369
1125	382504
1126	382792
1127	383020
1128	383144
1129	383604
1130	383960
1131	384576
1132	384664
1133	385053
1134	385060
1135	385188
1136	385530
1137	385643
1138	385700
1139	385985
1140	386825
1141	387458
1142	388663
1143	388803
1144	389353
1145	389690
1146	389973
1147	390654
1148	391032
1149	391867
1150	392878
1151	393203
1152	393472
1153	393543
1154	393918
1155	394201
1156	394580
1157	394733
1158	394780
1159	395046
1160	395236
1161	395246
1162	395602
1163	396580
1164	396960
1165	397363
1166	397878
1167	398100
1168	398113
1169	398461
1170	399562
1171	399783
1172	399854
1173	400114
1174	401041
1175	401723
1176	401822
1177	402314
1178	402403
1179	402709
1180	402715
1181	402944
1182	403063
1183	403075
1184	404303
1185	404493
1186	404649
1187	404980
1188	405595
1189	405722
1190	406923
1191	407027
1192	407766
1193	408069
1194	409085
1195	409227
1196	409400
1197	409987
1198	410275
1199	410317
1200	410542
1201	413125
1202	413286
1203	413446
1204	414835
1205	414898
1206	414969
1207	415002
1208	415222
1209	415694
1210	416135
1211	417449
1212	417618
1213	418332
1214	418356
1215	418656
1216	418976
1217	419145
1218	419188
1219	419322
1220	419370
1221	419518
1222	420019
1223	420270
1224	421543
1225	421640
1226	421720
1227	422062
1228	422234
1229	422432
1230	422436
1231	422565
1232	422616
1233	422704
1234	422797
1235	423458
1236	424727
1237	424932
1238	424980
1239	425121
1240	425343
1241	425376
1242	425812
1243	425896
1244	426260
1245	426325
1246	426939
1247	427311
1248	427347
1249	427866
1250	427901
1251	428072
1252	428073
1253	428077
1254	428282
1255	428283
1256	428967
1257	428968
1258	428983
1259	429025
1260	429036
1261	429037
1262	429109
1263	429246
1264	429265
1265	429334
1266	429379
1267	429652
1268	429727
1269	429730
1270	429744
1271	429754
1272	429762
1273	429789
1274	429798
1275	429984
1276	430038
1277	430222
1278	430259
1279	430335
1280	432877
1281	433081
1282	433475
1283	434008
1284	434353
1285	436031
1286	436414
1287	436498
1288	436685
1289	437020
1290	437835
1291	438049
1292	438095
1293	438752
1294	438779
1295	439467
1296	439614
1297	440103
1298	440162
1299	440438
1300	440570
1301	440657
1302	440741
1303	440939
1304	441068
1305	441149
1306	441176
1307	441376
1308	441748
1309	441817
1310	441825
1311	442003
1312	442235
1313	442280
1314	442285
1315	442295
1316	442310
1317	442667
1318	443459
1319	443681
1320	444124
1321	444189
1322	444320
1323	444361
1324	445080
1325	445584
1326	445670
1327	445942
1328	446545
1329	446854
1330	447073
1331	447162
1332	447526
1333	447791
1334	449130
1335	449643
1336	450012
1337	450709
1338	452985
1339	453301
1340	453562
1341	453583
1342	453589
1343	453715
1344	454553
1345	454629
1346	454846
1347	455439
1348	456031
1349	456294
1350	456984
1351	457089
1352	457664
1353	458245
1354	459123
1355	459458
1356	459623
1357	459804
1358	460346
1359	460439
1360	466432
1361	466450
1362	466560
1363	466817
1364	467234
1365	467257
1366	467339
1367	468475
1368	468788
1369	468936
1370	469852
1371	469854
1372	469879
1373	469909
1374	470002
1375	470023
1376	470025
1377	470214
1378	470229
1379	471300
1380	471548
1381	471729
1382	472492
1383	472637
1384	472662
1385	472738
1386	473362
1387	473508
1388	477912
1389	477961
1390	478257
1391	479290
1392	479292
1393	479399
1394	479495
1395	479528
1396	479571
1397	480089
1398	482375
1399	482533
1400	483153
1401	483420
1402	484248
1403	484249
1404	484770
1405	485029
1406	485034
1407	485046
1408	485049
1409	485052
1410	485580
1411	485667
1412	486108
1413	486623
1414	486643
1415	487257
1416	487595
1417	487678
1418	487840
1419	487978
1420	487999
1421	488081
1422	488197
1423	488534
1424	489424
1425	489556
1426	489910
1427	489912
1428	489974
1429	489983
1430	489996
1431	490047
1432	490162
1433	490176
1434	490178
1435	490184
1436	490452
1437	490513
1438	490590
1439	490864
1440	491000
1441	491187
1442	491305
1443	492772
1444	493131
1445	493334
1446	493341
1447	494554
1448	494612
1449	494708
1450	494849
1451	494876
1452	495080
1453	495103
1454	495642
1455	495794
1456	496100
1457	496322
1458	497552
1459	497579
1460	497678
1461	497743
1462	498207
1463	498312
1464	498478
1465	498866
1466	498946
1467	499538
1468	500262
1469	500374
1470	500460
1471	501094
1472	501095
1473	501662
1474	502464
1475	502703
1476	504198
1477	504357
1478	504834
1479	504971
1480	505615
1481	505646
1482	505685
1483	506175
1484	506300
1485	506402
1486	506925
1487	507333
1488	507692
1489	507702
1490	507703
1491	507767
1492	507828
1493	508048
1494	508187
1495	508197
1496	508198
1497	508368
1498	508697
1499	509102
1500	509144
1501	509277
1502	509394
1503	509738
1504	510729
1505	510980
1506	511090
1507	511101
1508	511374
1509	511390
1510	511785
1511	512042
1512	512118
1513	512451
1514	512855
1515	513652
1516	513730
1517	513889
1518	514009
1519	514235
1520	514485
1521	514793
1522	515833
1523	516022
1524	516130
1525	516526
1526	516550
1527	517795
1528	518071
1529	519059
1530	519072
1531	519218
1532	519252
1533	519406
1534	519609
1535	519694
1536	520120
1537	520163
1538	520393
1539	520947
1540	521513
1541	522209
1542	522227
1543	522876
1544	523029
1545	523183
1546	523888
1547	523927
1548	524326
1549	524369
1550	524425
1551	524427
1552	524765
1553	525206
1554	525544
1555	526003
1556	526527
1557	526908
1558	527606
1559	528924
1560	529161
1561	529353
1562	529431
1563	529432
1564	530008
1565	530151
1566	530315
1567	530687
1568	530785
1569	530884
1570	531665
1571	531708
1572	532274
1573	532281
1574	532340
1575	532539
1576	533644
1577	533801
1578	534462
1579	534570
1580	536037
1581	536045
1582	536142
1583	537026
1584	537482
1585	538159
1586	538351
1587	538392
1588	538652
1589	538953
1590	539334
1591	539729
1592	539805
1593	540411
1594	540507
1595	540761
1596	540890
1597	541170
1598	541503
1599	541536
1600	541622
1601	541751
1602	541782
1603	542132
1604	542202
1605	542204
1606	542208
1607	542236
1608	542249
1609	542381
1610	542834
1611	542836
1612	543027
1613	543036
1614	543041
1615	543042
1616	543670
1617	543873
1618	543877
1619	543887
1620	544097
1621	544414
1622	545377
1623	547505
1624	547937
1625	548203
1626	550286
1627	550446
1628	550855
1629	551454
1630	552591
1631	553781
1632	554191
1633	555467
1634	555469
1635	555472
1636	556212
1637	556509
1638	556726
1639	557894
1640	558470
1641	558524
1642	558829
1643	559001
1644	559196
1645	560294
1646	560368
1647	560374
1648	560389
1649	562328
1650	562534
1651	562654
1652	562663
1653	562778
1654	563162
1655	563351
1656	563362
1657	563947
1658	564373
1659	564979
1660	566368
1661	566552
1662	567001
1663	569733
1664	570324
1665	570495
1666	571050
1667	571647
1668	571702
1669	572251
1670	572391
1671	572411
1672	573652
1673	574078
1674	574290
1675	574459
1676	574945
1677	575021
1678	575168
1679	575861
1680	576048
1681	577171
1682	577648
1683	577810
1684	578132
1685	579261
1686	579526
1687	579761
1688	580917
1689	580997
1690	582026
1691	582662
1692	582949
1693	582966
1694	582978
1695	583014
1696	583065
1697	583420
1698	583435
1699	584399
1700	584566
1701	585914
1702	585947
1703	586608
1704	587266
1705	587337
1706	587350
1707	587549
1708	588496
1709	588500
1710	588505
1711	588518
1712	588612
1713	588619
1714	588624
1715	589621
1716	589873
1717	590022
1718	590084
1719	590394
1720	590510
1721	591272
1722	591742
1723	591743
1724	592835
1725	593222
1726	593481
1727	594926
1728	595569
1729	596220
1730	597166
1731	598821
1732	599492
1733	600519
1734	600878
1735	600925
1736	601049
1737	601189
1738	601422
1739	601434
1740	601781
1741	602004
1742	602429
1743	602436
1744	602439
1745	602587
1746	602750
1747	602843
1748	603311
1749	603380
1750	603524
1751	603563
1752	603593
1753	603954
1754	604203
1755	605266
1756	605304
1757	605465
1758	606326
1759	606332
1760	606617
1761	606623
1762	606677
1763	606974
1764	607203
1765	608087
1766	608214
1767	608356
1768	608805
1769	608811
1770	609183
1771	609228
1772	609244
1773	609420
1774	609475
1775	610970
1776	611015
1777	611483
1778	611974
1779	612090
1780	612136
1781	612448
1782	612659
1783	613004
1784	613103
1785	613130
1786	613539
1787	613869
1788	613954
1789	614117
1790	614692
1791	614714
1792	614722
1793	614993
1794	615012
1795	615362
1796	616028
1797	616806
1798	616890
1799	616947
1800	617329
1801	617481
1802	617483
1803	618037
1804	618161
1805	618739
1806	619607
1807	620362
1808	620443
1809	620602
1810	621094
1811	622089
1812	622395
1813	622805
1814	622842
1815	623202
1816	623334
1817	623337
1818	624637
1819	626364
1820	628280
1821	629385
1822	629712
1823	629896
1824	630119
1825	630203
1826	630207
1827	630786
1828	630994
1829	631389
1830	632030
1831	632911
1832	633423
1833	633473
1834	634368
1835	634824
1836	634984
1837	634987
1838	634988
1839	634989
1840	634990
1841	634996
1842	635189
1843	635365
1844	635867
1845	636521
1846	637204
1847	637448
1848	637896
1849	638226
1850	638429
1851	638548
1852	639552
1853	640507
1854	642160
1855	642606
1856	642679
1857	643501
1858	644058
1859	644116
1860	644146
1861	644294
1862	644343
1863	644540
1864	644989
1865	645666
1866	646486
1867	646502
1868	646542
1869	646816
1870	647876
1871	648647
1872	648727
1873	649112
1874	649668
1875	649869
1876	651415
1877	651659
1878	651687
1879	652312
1880	652337
1881	652354
1882	652517
1883	652569
1884	652578
1885	653636
1886	653880
1887	654073
1888	655271
1889	661192
1890	661289
1891	661788
1892	662179
1893	663278
1894	663768
1895	664139
1896	664446
1897	664831
1898	665162
1899	665859
1900	666272
1901	666891
1902	667472
1903	668049
1904	668271
1905	668355
1906	668561
1907	668853
1908	668854
1909	668855
1910	669097
1911	669165
1912	669168
1913	669270
1914	669590
1915	669698
1916	669901
1917	670060
1918	670096
1919	670198
1920	670231
1921	670275
1922	670287
1923	670288
1924	671163
1925	671280
1926	672149
1927	672986
1928	673305
1929	673314
1930	673636
1931	673679
1932	674066
1933	674557
1934	674796
1935	674988
1936	675092
1937	675288
1938	675818
1939	676139
1940	676153
1941	676227
1942	676559
1943	677059
1944	677381
1945	677996
1946	678225
1947	678586
1948	678923
1949	679094
1950	679461
1951	680137
1952	680368
1953	680375
1954	680379
1955	680397
1956	680464
1957	680470
1958	680781
1959	680785
1960	680866
1961	681256
1962	681277
1963	681289
1964	681472
1965	681478
1966	681483
1967	681520
1968	681640
1969	681808
1970	682046
1971	683038
1972	683308
1973	684486
1974	686279
1975	686354
1976	686405
1977	687021
1978	689144
1979	689171
1980	690030
1981	690091
1982	690670
1983	690671
1984	690931
1985	692056
1986	692398
1987	692502
1988	692510
1989	692564
1990	693222
1991	694155
1992	694932
1993	694969
1994	695515
1995	695724
1996	695874
1997	696204
1998	696252
1999	696819
2000	698407
2001	698452
2002	698609
2003	698646
2004	699467
2005	699964
2006	700251
2007	700266
2008	700489
2009	700591
2010	700789
2011	700844
2012	700850
2013	700893
2014	701850
2015	701963
2016	702030
2017	702124
2018	702202
2019	702259
2020	702271
2021	702289
2022	702310
2023	702349
2024	702379
2025	702902
2026	703506
2027	703596
2028	704467
2029	704473
2030	704479
2031	704482
2032	704531
2033	705103
2034	705149
2035	705160
2036	705225
2037	705235
2038	705286
2039	705512
2040	705636
2041	705844
2042	705908
2043	706334
2044	707173
2045	707795
2046	708635
2047	709233
2048	709682
2049	709778
2050	709984
2051	710283
2052	710286
2053	710460
2054	710479
2055	711096
2056	711158
2057	712265
2058	712529
2059	713669
2060	714332
2061	714473
2062	714663
2063	715017
2064	715094
2065	715477
2066	715493
2067	715649
2068	716018
2069	716142
2070	716442
2071	716486
2072	716706
2073	718608
2074	718609
2075	719122
2076	719269
2077	719817
2078	720049
2079	720149
2080	720202
2081	720217
2082	720385
2083	720709
2084	721328
2085	721967
2086	722198
2087	722215
2088	722221
2089	722227
2090	722254
2091	722363
2092	722464
2093	722547
2094	722704
2095	722875
2096	723274
2097	723393
2098	724003
2099	724380
2100	727569
2101	728376
2102	728703
2103	728990
2104	729297
2105	730617
2106	730629
2107	731575
2108	732420
2109	733713
2110	733734
2111	733900
2112	733918
2113	733955
2114	734875
2115	734986
2116	735564
2117	736026
2118	736090
2119	736674
2120	736949
2121	737002
2122	737335
2123	737362
2124	737473
2125	737793
2126	738104
2127	738274
2128	738411
2129	739078
2130	739203
2131	739304
2132	739572
2133	739862
2134	740061
2135	740310
2136	740576
2137	741999
2138	742433
2139	742467
2140	742624
2141	742720
2142	742742
2143	742743
2144	743142
2145	743315
2146	743793
2147	743829
2148	744416
2149	744489
2150	744855
2151	745013
2152	745290
2153	745757
2154	746096
2155	746170
2156	746453
2157	747891
2158	747915
2159	747935
2160	748393
2161	748446
2162	748584
2163	748731
2164	749254
2165	749806
2166	749807
2167	750276
2168	750566
2169	750757
2170	751690
2171	752390
2172	753754
2173	753963
2174	754042
2175	754211
2176	754300
2177	754391
2178	754619
2179	754686
2180	755198
2181	755939
2182	756213
2183	756307
2184	756315
2185	756381
2186	756510
2187	756975
2188	757235
2189	758014
2190	758291
2191	758444
2192	758579
2193	758684
2194	759110
2195	759508
2196	759562
2197	759662
2198	759802
2199	759868
2200	760126
2201	760280
2202	760398
2203	761044
2204	761179
2205	762427
2206	763223
2207	763261
2208	764222
2209	765197
2210	765356
2211	765380
2212	765811
2213	766474
2214	766871
2215	766937
2216	767370
2217	767371
2218	767376
2219	767388
2220	767391
2221	767550
2222	767604
2223	767609
2224	767718
2225	767719
2226	767721
2227	767757
2228	769223
2229	769824
2230	773388
2231	774910
2232	774934
2233	775381
2234	776326
2235	776581
2236	776721
2237	777188
2238	777266
2239	778432
2240	778685
2241	779870
2242	779899
2243	780250
2244	781275
2245	782335
2246	782972
2247	783006
2248	783017
2249	783293
2250	783692
2251	784016
2252	784169
2253	784296
2254	784301
2255	784601
2256	784758
2257	784851
2258	784889
2259	785452
2260	785851
2261	787055
2262	787536
2263	787970
2264	788391
2265	788475
2266	788478
2267	788929
2268	789037
2269	789091
2270	789675
2271	789900
2272	790022
2273	790066
2274	790646
2275	790887
2276	791013
2277	792111
2278	792112
2279	792354
2280	792591
2281	793128
2282	793950
2283	794205
2284	794851
2285	795867
2286	796717
2287	797428
2288	797435
2289	797473
2290	797624
2291	797753
2292	797847
2293	797922
2294	797924
2295	797994
2296	797996
2297	798110
2298	798148
2299	798204
2300	798418
2301	798465
2302	799189
2303	799416
2304	799501
2305	799619
2306	799625
2307	799880
2308	799905
2309	800188
2310	800349
2311	800846
2312	801280
2313	801305
2314	802174
2315	802756
2316	803167
2317	803227
2318	803634
2319	803808
2320	803857
2321	805253
2322	805313
2323	805341
2324	805568
2325	805867
2326	806145
2327	806533
2328	806542
2329	807962
2330	808475
2331	809736
2332	809937
2333	809961
2334	810053
2335	810059
2336	810104
2337	810380
2338	810406
2339	810620
2340	810754
2341	810983
2342	810989
2343	810991
2344	811016
2345	811221
2346	811229
2347	811241
2348	811788
2349	811793
2350	812887
2351	813047
2352	813534
2353	813609
2354	814880
2355	814885
2356	815055
2357	815168
2358	815192
2359	815196
2360	815201
2361	815341
2362	815556
2363	815784
2364	816066
2365	816795
2366	817242
2367	817317
2368	817415
2369	817765
2370	818059
2371	818773
2372	818774
2373	819027
2374	819506
2375	819943
2376	820151
2377	820217
2378	820260
2379	820390
2380	820885
2381	821150
2382	822655
2383	822661
2384	822710
2385	822773
2386	822809
2387	822884
2388	823136
2389	823242
2390	823510
2391	824035
2392	824255
2393	824670
2394	824991
2395	826203
2396	826378
2397	826516
2398	826803
2399	827123
2400	827222
2401	827620
2402	829169
2403	829265
2404	829936
2405	830847
2406	831576
2407	831695
2408	832601
2409	832667
2410	833488
2411	833836
2412	833860
2413	834108
2414	834169
2415	834688
2416	834874
2417	835568
2418	835572
2419	836142
2420	836955
2421	837715
2422	837805
2423	837952
2424	838188
2425	838916
2426	840831
2427	840858
2428	841002
2429	842099
2430	842285
2431	843350
2432	843405
2433	843564
2434	843660
2435	843781
2436	844095
2437	844851
2438	844902
2439	845033
2440	845307
2441	845471
2442	846692
2443	846773
2444	847007
2445	847811
2446	848129
2447	848206
2448	849701
2449	849929
2450	850042
2451	850257
2452	850341
2453	850832
2454	850835
2455	851772
2456	852003
2457	852333
2458	853042
2459	853247
2460	854464
2461	854532
2462	855262
2463	855568
2464	856000
2465	856091
2466	856529
2467	856884
2468	857221
2469	857829
2470	857969
2471	858012
2472	858175
2473	858481
2474	858843
2475	859047
2476	859152
2477	859326
2478	859462
2479	859977
2480	859980
2481	860510
2482	860532
2483	860609
2484	860781
2485	861255
2486	861781
2487	862042
2488	863957
2489	865400
2490	865701
2491	866581
2492	867043
2493	867679
2494	868551
2495	869233
2496	870004
2497	870647
2498	870819
2499	871219
2500	871805
2501	873072
2502	873129
2503	873136
2504	873180
2505	873520
2506	873975
2507	874127
2508	874463
2509	874769
2510	874857
2511	876008
2512	876623
2513	876638
2514	876692
2515	877860
2516	878433
2517	878559
2518	878682
2519	878977
2520	879162
2521	881087
2522	881226
2523	881277
2524	881364
2525	881665
2526	881837
2527	882135
2528	882174
2529	883217
2530	883365
2531	883456
2532	883714
2533	884105
2534	884343
2535	884351
2536	884526
2537	884740
2538	884806
2539	884807
2540	885575
2541	885686
2542	885688
2543	885691
2544	885695
2545	886302
2546	886984
2547	887668
2548	887712
2549	887747
2550	887772
2551	887878
2552	888206
2553	888390
2554	888665
2555	888710
2556	888742
2557	888860
2558	888986
2559	889077
2560	889121
2561	890610
2562	891543
2563	891923
2564	892044
2565	892318
2566	892524
2567	893033
2568	893616
2569	894232
2570	894877
2571	895863
2572	895961
2573	896305
2574	896559
2575	896804
2576	897521
2577	897920
2578	898184
2579	898413
2580	898447
2581	898851
2582	899209
2583	900343
2584	900949
2585	901118
2586	901297
2587	901321
2588	901365
2589	901381
2590	901483
2591	902950
2592	903140
2593	903236
2594	903518
2595	903681
2596	903692
2597	904117
2598	904193
2599	904447
2600	904653
2601	905471
2602	906577
2603	906692
2604	906703
2605	906740
2606	907092
2607	907283
2608	908432
2609	908882
2610	909463
2611	910061
2612	910272
2613	910586
2614	910935
2615	911339
2616	911523
2617	911676
2618	911807
2619	912577
2620	913249
2621	913392
2622	915023
2623	915567
2624	915689
2625	915717
2626	916024
2627	916470
2628	917834
2629	917879
2630	917949
2631	918306
2632	918477
2633	918481
2634	918848
2635	919869
2636	920069
2637	920344
2638	920470
2639	921036
2640	921062
2641	921179
2642	921183
2643	921691
2644	921693
2645	922542
2646	922814
2647	922983
2648	923965
2649	924016
2650	924175
2651	924308
2652	924633
2653	924943
2654	926000
2655	926591
2656	926747
2657	927752
2658	927922
2659	928171
2660	928935
2661	929365
2662	929848
2663	930152
2664	930314
2665	930558
2666	931085
2667	931820
2668	932278
2669	932621
2670	932787
2671	933525
2672	933556
2673	933825
2674	934384
2675	934530
2676	934591
2677	935636
2678	935687
2679	935756
2680	936704
2681	936710
2682	936815
2683	938161
2684	938211
2685	938329
2686	938385
2687	938426
2688	938489
2689	938728
2690	938760
2691	941291
2692	942372
2693	942417
2694	942765
2695	943095
2696	943534
2697	943936
2698	944085
2699	944292
2700	944750
2701	945982
2702	946038
2703	946877
2704	947872
2705	948415
2706	949694
2707	951021
2708	951155
2709	951377
2710	951495
2711	951641
2712	953111
2713	953123
2714	953135
2715	953147
2716	953150
2717	953153
2718	953174
2719	954271
2720	954915
2721	955076
2722	955742
2723	956191
2724	957530
2725	957647
2726	958138
2727	958280
2728	958687
2729	958744
2730	958765
2731	958853
2732	959342
2733	959747
2734	960268
2735	960324
2736	960710
2737	961961
2738	962159
2739	962394
2740	962597
2741	962652
2742	962928
2743	962989
2744	963723
2745	963798
2746	963931
2747	964356
2748	964372
2749	964481
2750	965741
2751	967498
2752	967587
2753	969144
2754	969669
2755	969765
2756	973569
2757	974221
2758	974358
2759	974814
2760	975674
2761	976331
2762	976414
2763	976655
2764	976893
2765	977303
2766	977363
2767	977590
2768	977604
2769	977646
2770	977697
2771	978445
2772	978492
2773	978501
2774	979002
2775	979020
2776	979053
2777	979061
2778	979066
2779	979169
2780	980277
2781	980482
2782	980844
2783	981169
2784	981346
2785	981739
2786	981836
2787	981908
2788	981945
2789	982007
2790	982558
2791	982573
2792	982592
2793	982750
2794	983175
2795	983297
2796	983392
2797	984103
2798	984130
2799	984149
2800	984187
2801	984871
2802	985124
2803	985513
2804	985528
2805	985530
2806	985579
2807	985648
2808	985650
2809	985726
2810	985728
2811	985833
2812	987890
2813	988332
2814	988572
2815	988726
2816	988757
2817	988784
2818	989134
2819	989140
2820	989395
2821	989458
2822	989629
2823	990084
2824	990165
2825	990202
2826	990334
2827	991409
2828	993871
2829	993920
2830	994423
2831	994807
2832	994962
2833	995707
2834	996193
2835	996288
2836	996501
2837	996801
2838	996813
2839	996896
2840	997932
2841	998342
2842	999213
2843	999641
2844	1000010
2845	1000214
2846	1000708
2847	1001023
2848	1001133
2849	1002282
2850	1002454
2851	1002715
2852	1002914
2853	1003664
2854	1004214
2855	1004507
2856	1004849
2857	1005700
2858	1006743
2859	1007396
2860	1007878
2861	1008092
2862	1008445
2863	1008953
2864	1009692
2865	1009695
2866	1011088
2867	1011278
2868	1011846
2869	1012594
2870	1012616
2871	1012874
2872	1013677
2873	1013776
2874	1014739
2875	1015121
2876	1015165
2877	1015334
2878	1015370
2879	1015502
2880	1015503
2881	1015949
2882	1016742
2883	1016869
2884	1017172
2885	1017325
2886	1018331
2887	1019632
2888	1020131
2889	1020176
2890	1022430
2891	1023210
2892	1023281
2893	1024553
2894	1024641
2895	1025959
2896	1026690
2897	1027639
2898	1027854
2899	1028347
2900	1028377
2901	1028453
2902	1028475
2903	1028695
2904	1028712
2905	1029740
2906	1030831
2907	1031421
2908	1032459
2909	1033494
2910	1036741
2911	1036799
2912	1036800
2913	1037211
2914	1037321
2915	1037933
2916	1037965
2917	1037974
2918	1038076
2919	1038120
2920	1038304
2921	1038604
2922	1038647
2923	1038710
2924	1039333
2925	1039345
2926	1039588
2927	1040093
2928	1040222
2929	1040256
2930	1040330
2931	1040410
2932	1040741
2933	1040858
2934	1041065
2935	1041772
2936	1041934
2937	1042100
2938	1042988
2939	1043625
2940	1043918
2941	1044414
2942	1044612
2943	1045073
2944	1045129
2945	1045373
2946	1045902
2947	1046195
2948	1047378
2949	1047420
2950	1047708
2951	1047885
2952	1048611
2953	1048672
2954	1049818
2955	1050571
2956	1050980
2957	1051387
2958	1051504
2959	1051512
2960	1051859
2961	1051923
2962	1051972
2963	1052550
2964	1053023
2965	1053071
2966	1053234
2967	1053462
2968	1053463
2969	1053476
2970	1053512
2971	1054067
2972	1054787
2973	1054957
2974	1055358
2975	1055406
2976	1056642
2977	1057068
2978	1057091
2979	1057094
2980	1057355
2981	1057475
2982	1057640
2983	1057733
2984	1057830
2985	1057877
2986	1058129
2987	1058404
2988	1059875
2989	1061726
2990	1061788
2991	1061791
2992	1063028
2993	1064649
2994	1064674
2995	1064696
2996	1065159
2997	1065169
2998	1065306
2999	1065872
3000	1065952
3001	1067141
3002	1067376
3003	1067479
3004	1067616
3005	1069083
3006	1069711
3007	1069909
3008	1070318
3009	1070387
3010	1070573
3011	1070778
3012	1070854
3013	1071096
3014	1071098
3015	1071403
3016	1072547
3017	1072566
3018	1073421
3019	1073885
3020	1076611
3021	1077396
3022	1077926
3023	1078489
3024	1078642
3025	1079037
3026	1079310
3027	1079523
3028	1079921
3029	1079947
3030	1080039
3031	1080266
3032	1080375
3033	1080840
3034	1081064
3035	1081355
3036	1081674
3037	1082026
3038	1082281
3039	1082290
3040	1082318
3041	1082632
3042	1082694
3043	1083227
3044	1083278
3045	1083788
3046	1084375
3047	1084973
3048	1085626
3049	1085867
3050	1085892
3051	1085922
3052	1085946
3053	1085962
3054	1085999
3055	1086015
3056	1086024
3057	1086059
3058	1086071
3059	1086179
3060	1086198
3061	1086260
3062	1086634
3063	1086648
3064	1086649
3065	1086660
3066	1086724
3067	1087104
3068	1088228
3069	1088484
3070	1088511
3071	1088513
3072	1090074
3073	1091180
3074	1091634
3075	1092519
3076	1093598
3077	1094326
3078	1094485
3079	1094863
3080	1094972
3081	1094985
3082	1095011
3083	1095667
3084	1096323
3085	1097191
3086	1097309
3087	1097750
3088	1097777
3089	1097865
3090	1097908
3091	1098036
3092	1098127
3093	1099096
3094	1099268
3095	1099858
3096	1100110
3097	1100728
3098	1100883
3099	1101035
3100	1101528
3101	1101994
3102	1102109
3103	1102918
3104	1103243
3105	1103381
3106	1103486
3107	1104031
3108	1104183
3109	1104244
3110	1104668
3111	1105395
3112	1106191
3113	1106232
3114	1106397
3115	1106555
3116	1106607
3117	1106675
3118	1106847
3119	1106919
3120	1107015
3121	1107031
3122	1107094
3123	1107121
3124	1107146
3125	1107642
3126	1107669
3127	1107718
3128	1107816
3129	1107905
3130	1107915
3131	1107928
3132	1107934
3133	1107943
3134	1107954
3135	1107956
3136	1108162
3137	1108254
3138	1108286
3139	1108386
3140	1108392
3141	1108393
3142	1108419
3143	1108422
3144	1108491
3145	1108687
3146	1108710
3147	1108775
3148	1108803
3149	1108861
3150	1108953
3151	1108990
3152	1109014
3153	1109224
3154	1109228
3155	1109250
3156	1109361
3157	1109459
3158	1109759
3159	1109820
3160	1109826
3161	1109833
3162	1111268
3163	1112081
3164	1112589
3165	1112852
3166	1113006
3167	1113213
3168	1113751
3169	1114111
3170	1114174
3171	1114665
3172	1114805
3173	1114809
3174	1115325
3175	1115659
3176	1115755
3177	1116056
3178	1116276
3179	1116862
3180	1118386
3181	1118391
3182	1118401
3183	1118407
3184	1118515
3185	1118860
3186	1118910
3187	1119369
3188	1119507
3189	1119675
3190	1119814
3191	1119853
3192	1120243
3193	1120632
3194	1121505
3195	1121572
3196	1121886
3197	1121925
3198	1122724
3199	1122924
3200	1122938
3201	1123275
3202	1123918
3203	1124102
3204	1124449
3205	1124473
3206	1125287
3207	1125288
3208	1125970
3209	1126021
3210	1126159
3211	1127033
3212	1127463
3213	1128391
3214	1128741
3215	1128795
3216	1128831
3217	1128834
3218	1129143
3219	1129688
3220	1129823
3221	1130185
3222	1131300
3223	1131336
3224	1132669
3225	1133168
3226	1133205
3227	1133285
3228	1133353
3229	1134020
3230	1134079
3231	1134251
3232	1134365
3233	1134598
3234	1134914
3235	1135087
3236	1135203
3237	1135606
3238	1135670
3239	1135890
3240	1136098
3241	1136356
3242	1136594
3243	1137559
3244	1138062
3245	1138678
3246	1138751
3247	1139140
3248	1139217
3249	1139647
3250	1139653
3251	1139662
3252	1139689
3253	1139773
3254	1139817
3255	1139881
3256	1140094
3257	1140492
3258	1140541
3259	1141039
3260	1141051
3261	1141075
3262	1141096
3263	1141099
3264	1141126
3265	1141127
3266	1141144
3267	1141331
3268	1141731
3269	1141888
3270	1141944
3271	1142617
3272	1143228
3273	1143338
3274	1143758
3275	1144109
3276	1144110
3277	1144133
3278	1144160
3279	1144179
3280	1145024
3281	1145087
3282	1145271
3283	1145608
3284	1145942
3285	1146426
3286	1146734
3287	1147054
3288	1147603
3289	1148258
3290	1148313
3291	1149323
3292	1149420
3293	1149980
3294	1150663
3295	1150985
3296	1151104
3297	1151507
3298	1152209
3299	1152303
3300	1153234
3301	1153312
3302	1153426
3303	1154917
3304	1155185
3305	1155230
3306	1155587
3307	1156472
3308	1156674
3309	1158100
3310	1158211
3311	1159118
3312	1159184
3313	1159317
3314	1159710
3315	1159875
3316	1161149
3317	1161841
3318	1161848
3319	1161993
3320	1162029
3321	1162524
3322	1162525
3323	1163237
3324	1164408
3325	1164788
3326	1164991
3327	1165246
3328	1165319
3329	1165622
3330	1165968
3331	1166357
3332	1166405
3333	1167087
3334	1167088
3335	1167218
3336	1167312
3337	1167660
3338	1167759
3339	1167962
3340	1167976
3341	1168279
3342	1168914
3343	1170248
3344	1170363
3345	1170758
3346	1171161
3347	1171404
3348	1171518
3349	1171545
3350	1171859
3351	1171902
3352	1171972
3353	1172054
3354	1172073
3355	1172452
3356	1172570
3357	1172688
3358	1172901
3359	1172903
3360	1172909
3361	1172912
3362	1172970
3363	1172988
3364	1172989
3365	1173096
3366	1173194
3367	1174531
3368	1175545
3369	1176206
3370	1176256
3371	1176661
3372	1176703
3373	1177039
3374	1177186
3375	1177505
3376	1177622
3377	1177813
3378	1179040
3379	1179382
3380	1179669
3381	1180734
3382	1180988
3383	1181024
3384	1181704
3385	1181718
3386	1182081
3387	1182745
3388	1182821
3389	1182830
3390	1183037
3391	1183210
3392	1183548
3393	1184276
3394	1184325
3395	1184462
3396	1184535
3397	1185257
3398	1185574
3399	1187058
3400	1187334
3401	1187380
3402	1188243
3403	1188480
3404	1188630
3405	1189418
3406	1189517
3407	1189991
3408	1190117
3409	1190299
3410	1190999
3411	1191023
3412	1191413
3413	1191418
3414	1191648
3415	1191925
3416	1191988
3417	1192190
3418	1193089
3419	1193142
3420	1193231
3421	1193447
3422	1193734
3423	1194215
3424	1194642
3425	1195127
3426	1195665
3427	1195847
3428	1196676
3429	1197334
3430	1197438
3431	1198292
3432	1198790
3433	1198966
3434	1200081
3435	1200805
3436	1200947
3437	1201069
3438	1201132
3439	1201154
3440	1201308
3441	1201729
3442	1201819
3443	1201879
3444	1201986
3445	1202013
3446	1202014
3447	1202020
3448	1202029
3449	1202074
3450	1202208
3451	1202228
3452	1202243
3453	1202244
3454	1202317
3455	1202344
3456	1202449
3457	1202458
3458	1202497
3459	1202499
3460	1202557
3461	1202579
3462	1202584
3463	1202593
3464	1202596
3465	1202785
3466	1203525
3467	1204006
3468	1204939
3469	1205106
3470	1206055
3471	1206437
3472	1206485
3473	1206527
3474	1206557
3475	1206597
3476	1206755
3477	1206763
3478	1207497
3479	1207592
3480	1207659
3481	1207666
3482	1207681
3483	1207937
3484	1207994
3485	1208173
3486	1208618
3487	1208647
3488	1208702
3489	1208875
3490	1209185
3491	1209478
3492	1209501
3493	1209508
3494	1209605
3495	1209836
3496	1210054
3497	1210249
3498	1210540
3499	1211335
3500	1211405
3501	1211455
3502	1211819
3503	1212017
3504	1212147
3505	1212303
3506	1212410
3507	1212471
3508	1212656
3509	1212769
3510	1212904
3511	1213193
3512	1213518
3513	1213586
3514	1213703
3515	1213977
3516	1213979
3517	1213980
3518	1214147
3519	1214249
3520	1214263
3521	1214654
3522	1214849
3523	1214859
3524	1215057
3525	1215730
3526	1216365
3527	1216776
3528	1217005
3529	1217335
3530	1218923
3531	1218962
3532	1219696
3533	1219801
3534	1220954
3535	1221020
3536	1221614
3537	1221954
3538	1222072
3539	1222305
3540	1222599
3541	1222621
3542	1222954
3543	1223038
3544	1224539
3545	1224574
3546	1224645
3547	1224659
3548	1224748
3549	1224825
3550	1224914
3551	1225041
3552	1225086
3553	1225208
3554	1225419
3555	1225535
3556	1225710
3557	1226090
3558	1226317
3559	1226521
3560	1226922
3561	1227606
3562	1228000
3563	1228049
3564	1228418
3565	1228482
3566	1228500
3567	1228503
3568	1228504
3569	1228511
3570	1228574
3571	1228943
3572	1229226
3573	1229892
3574	1234151
3575	1234936
3576	1235373
3577	1235518
3578	1235626
3579	1236062
3580	1236097
3581	1236394
3582	1236492
3583	1236984
3584	1237359
3585	1237361
3586	1237362
3587	1237364
3588	1237367
3589	1237370
3590	1237372
3591	1237430
3592	1237587
3593	1238561
3594	1238661
3595	1238685
3596	1238965
3597	1238985
3598	1239609
3599	1240307
3600	1240499
3601	1240523
3602	1240616
3603	1241533
3604	1241708
3605	1241924
3606	1241952
3607	1241994
3608	1242274
3609	1242311
3610	1243002
3611	1243551
3612	1244311
3613	1244319
3614	1244323
3615	1244554
3616	1244819
3617	1245754
3618	1246055
3619	1246825
3620	1246989
3621	1247022
3622	1247024
3623	1247220
3624	1247451
3625	1247661
3626	1248009
3627	1248669
3628	1248773
3629	1249746
3630	1250192
3631	1250249
3632	1250369
3633	1250506
3634	1251574
3635	1251704
3636	1251843
3637	1252175
3638	1252179
3639	1252363
3640	1252876
3641	1252905
3642	1252981
3643	1253438
3644	1253720
3645	1253802
3646	1253823
3647	1254825
3648	1255600
3649	1256548
3650	1256955
3651	1257985
3652	1258147
3653	1258152
3654	1258292
3655	1258677
3656	1258941
3657	1259021
3658	1259025
3659	1259278
3660	1259310
3661	1259404
3662	1259436
3663	1259438
3664	1259440
3665	1259609
3666	1259648
3667	1260232
3668	1260735
3669	1260742
3670	1260763
3671	1260776
3672	1261192
3673	1261371
3674	1262322
3675	1262798
3676	1262910
3677	1263331
3678	1263968
3679	1264276
3680	1265278
3681	1265445
3682	1265505
3683	1265679
3684	1265908
3685	1266061
3686	1266069
3687	1266184
3688	1266188
3689	1266193
3690	1266406
3691	1266445
3692	1266718
3693	1266729
3694	1266960
3695	1267139
3696	1267352
3697	1267388
3698	1267481
3699	1267535
3700	1267697
3701	1268238
3702	1268432
3703	1268606
3704	1269281
3705	1270182
3706	1270662
3707	1270745
3708	1270916
3709	1270918
3710	1270923
3711	1270924
3712	1270930
3713	1271003
3714	1271022
3715	1271023
3716	1271096
3717	1271509
3718	1271519
3719	1271868
3720	1271946
3721	1271982
3722	1271997
3723	1272101
3724	1272250
3725	1272256
3726	1272258
3727	1272294
3728	1272387
3729	1272399
3730	1272438
3731	1272451
3732	1272679
3733	1272707
3734	1272709
3735	1272714
3736	1273118
3737	1273167
3738	1273294
3739	1274463
3740	1274922
3741	1276142
3742	1276969
3743	1277475
3744	1277569
3745	1278522
3746	1278646
3747	1278651
3748	1279010
3749	1279319
3750	1279377
3751	1279704
3752	1279912
3753	1280599
3754	1281117
3755	1281374
3756	1281379
3757	1281424
3758	1281968
3759	1282201
3760	1282511
3761	1282574
3762	1283103
3763	1283134
3764	1284080
3765	1284117
3766	1284277
3767	1284610
3768	1284652
3769	1284667
3770	1284742
3771	1284778
3772	1284796
3773	1284811
3774	1284875
3775	1284919
3776	1285067
3777	1285207
3778	1285805
3779	1285939
3780	1286262
3781	1286634
3782	1286735
3783	1287423
3784	1287460
3785	1287625
3786	1287745
3787	1288029
3788	1288484
3789	1288499
3790	1289152
3791	1289749
3792	1289942
3793	1291351
3794	1291554
3795	1292715
3796	1292890
3797	1293458
3798	1294027
3799	1294117
3800	1294239
3801	1294258
3802	1294353
3803	1294646
3804	1295318
3805	1295382
3806	1295740
3807	1295876
3808	1296484
3809	1296570
3810	1297079
3811	1297599
3812	1298476
3813	1298632
3814	1298649
3815	1298696
3816	1298740
3817	1298741
3818	1300385
3819	1301300
3820	1301836
3821	1302238
3822	1302670
3823	1302909
3824	1303233
3825	1304102
3826	1305177
3827	1305865
3828	1305869
3829	1305978
3830	1306453
3831	1306849
3832	1307047
3833	1307197
3834	1307304
3835	1307677
3836	1307681
3837	1307688
3838	1307695
3839	1307697
3840	1307700
3841	1307982
3842	1308090
3843	1308100
3844	1308891
3845	1308983
3846	1309051
3847	1309761
3848	1309813
3849	1309852
3850	1310475
3851	1311139
3852	1311300
3853	1311959
3854	1312022
3855	1312031
3856	1312075
3857	1312420
3858	1312522
3859	1312605
3860	1312678
3861	1312749
3862	1312750
3863	1313614
3864	1313770
3865	1314058
3866	1314611
3867	1314761
3868	1316052
3869	1316272
3870	1316633
3871	1316861
3872	1317008
3873	1317086
3874	1317694
3875	1317889
3876	1318406
3877	1318656
3878	1319415
3879	1319450
3880	1319499
3881	1319591
3882	1319748
3883	1320028
3884	1320139
3885	1320211
3886	1320507
3887	1320660
3888	1320697
3889	1320711
3890	1321139
3891	1321801
3892	1321854
3893	1322062
3894	1322066
3895	1322373
3896	1322765
3897	1322804
3898	1323331
3899	1323883
3900	1325329
3901	1325379
3902	1325419
3903	1326497
3904	1326682
3905	1326960
3906	1327285
3907	1327650
3908	1328381
3909	1328700
3910	1329923
3911	1330462
3912	1330589
3913	1330608
3914	1331539
3915	1331541
3916	1331542
3917	1331651
3918	1331656
3919	1331675
3920	1331839
3921	1331842
3922	1331854
3923	1331859
3924	1331860
3925	1332350
3926	1333157
3927	1333220
3928	1333342
3929	1333387
3930	1333390
3931	1333401
3932	1333402
3933	1333404
3934	1333413
3935	1333426
3936	1334281
3937	1334480
3938	1334655
3939	1334820
3940	1334951
3941	1335118
3942	1336186
3943	1336606
3944	1337671
3945	1338291
3946	1338517
3947	1338686
3948	1338704
3949	1338884
3950	1338947
3951	1338988
3952	1339222
3953	1339294
3954	1339498
3955	1339650
3956	1340704
3957	1340862
3958	1340865
3959	1341051
3960	1341513
3961	1341611
3962	1341620
3963	1341650
3964	1342172
3965	1342174
3966	1342689
3967	1342826
3968	1342862
3969	1343043
3970	1343211
3971	1343882
3972	1344502
3973	1344785
3974	1344887
3975	1344937
3976	1345268
3977	1345459
3978	1346207
3979	1346631
3980	1346697
3981	1347070
3982	1347496
3983	1347802
3984	1347855
3985	1348690
3986	1348941
3987	1349350
3988	1349472
3989	1349832
3990	1349895
3991	1350303
3992	1350371
3993	1351239
3994	1351280
3995	1351324
3996	1351819
3997	1351992
3998	1352018
3999	1352386
4000	1353614
4001	1353882
4002	1353930
4003	1354176
4004	1354195
4005	1354203
4006	1354344
4007	1354353
4008	1354373
4009	1354398
4010	1355007
4011	1355329
4012	1355411
4013	1355563
4014	1356209
4015	1357024
4016	1357531
4017	1357598
4018	1358060
4019	1358221
4020	1358333
4021	1358537
4022	1358629
4023	1358853
4024	1359351
4025	1359472
4026	1359917
4027	1359918
4028	1359919
4029	1359940
4030	1360438
4031	1360559
4032	1360651
4033	1360851
4034	1360940
4035	1360967
4036	1361312
4037	1361342
4038	1361358
4039	1361953
4040	1362508
4041	1362808
4042	1363368
4043	1363999
4044	1364108
4045	1364590
4046	1365097
4047	1365307
4048	1365959
4049	1366434
4050	1366917
4051	1367184
4052	1367218
4053	1367229
4054	1367302
4055	1367679
4056	1368333
4057	1368497
4058	1368789
4059	1368790
4060	1369070
4061	1369526
4062	1370321
4063	1370723
4064	1371240
4065	1371615
4066	1371673
4067	1372450
4068	1372869
4069	1373467
4070	1374264
4071	1374500
4072	1374665
4073	1374809
4074	1374815
4075	1375485
4076	1375742
4077	1376177
4078	1376810
4079	1376819
4080	1377776
4081	1377839
4082	1377872
4083	1377936
4084	1377941
4085	1377953
4086	1377959
4087	1378085
4088	1378097
4089	1378109
4090	1378568
4091	1378718
4092	1378734
4093	1378822
4094	1378932
4095	1379531
4096	1379901
4097	1381059
4098	1382268
4099	1382336
4100	1383057
4101	1383450
4102	1383727
4103	1383913
4104	1384348
4105	1384628
4106	1385454
4107	1385636
4108	1385907
4109	1386843
4110	1387011
4111	1388027
4112	1388387
4113	1388575
4114	1389197
4115	1390094
4116	1390276
4117	1390542
4118	1391064
4119	1391434
4120	1391523
4121	1391635
4122	1391640
4123	1391670
4124	1391777
4125	1392104
4126	1392382
4127	1393606
4128	1394973
4129	1395122
4130	1395130
4131	1395219
4132	1395348
4133	1396585
4134	1396653
4135	1396789
4136	1398002
4137	1400300
4138	1400493
4139	1401333
4140	1401665
4141	1402057
4142	1402860
4143	1403265
4144	1403270
4145	1403280
4146	1403536
4147	1404813
4148	1405037
4149	1406566
4150	1407253
4151	1408119
4152	1408138
4153	1408169
4154	1408271
4155	1408351
4156	1408723
4157	1409184
4158	1409823
4159	1410340
4160	1410603
4161	1410992
4162	1411054
4163	1411328
4164	1411408
4165	1411475
4166	1411781
4167	1411969
4168	1411984
4169	1412087
4170	1412101
4171	1412140
4172	1412155
4173	1412292
4174	1412335
4175	1412363
4176	1412368
4177	1412465
4178	1412466
4179	1412505
4180	1412574
4181	1412598
4182	1412599
4183	1412613
4184	1412705
4185	1412711
4186	1412716
4187	1412968
4188	1412973
4189	1412983
4190	1412988
4191	1412994
4192	1413016
4193	1413018
4194	1413027
4195	1413163
4196	1413338
4197	1413344
4198	1413352
4199	1413409
4200	1413425
4201	1413450
4202	1413453
4203	1413472
4204	1413525
4205	1413667
4206	1413700
4207	1413709
4208	1413758
4209	1413820
4210	1413833
4211	1413845
4212	1413880
4213	1414017
4214	1414042
4215	1414048
4216	1414216
4217	1414337
4218	1414417
4219	1414422
4220	1414439
4221	1414492
4222	1414505
4223	1414514
4224	1414527
4225	1414533
4226	1414679
4227	1414928
4228	1415194
4229	1415788
4230	1415930
4231	1416106
4232	1416122
4233	1416323
4234	1416809
4235	1416909
4236	1416985
4237	1416994
4238	1418782
4239	1418915
4240	1419297
4241	1420198
4242	1420430
4243	1420506
4244	1421755
4245	1421761
4246	1422105
4247	1422114
4248	1422908
4249	1423465
4250	1424094
4251	1424710
4252	1424939
4253	1425283
4254	1425292
4255	1425661
4256	1426210
4257	1426604
4258	1427052
4259	1427080
4260	1427910
4261	1428399
4262	1428787
4263	1428881
4264	1429039
4265	1429094
4266	1430120
4267	1430315
4268	1430687
4269	1430769
4270	1430839
4271	1431195
4272	1438081
4273	1438457
4274	1438510
4275	1438581
4276	1438645
4277	1439056
4278	1439300
4279	1439437
4280	1440784
4281	1440924
4282	1441114
4283	1442834
4284	1442896
4285	1442932
4286	1442979
4287	1443265
4288	1444050
4289	1445248
4290	1445376
4291	1445604
4292	1446009
4293	1446450
4294	1446711
4295	1446918
4296	1448584
4297	1448705
4298	1448843
4299	1448844
4300	1449436
4301	1449560
4302	1451383
4303	1452365
4304	1452470
4305	1452490
4306	1452642
4307	1453574
4308	1453701
4309	1454522
4310	1454889
4311	1454962
4312	1455148
4313	1455449
4314	1455605
4315	1455842
4316	1456611
4317	1456767
4318	1457174
4319	1457337
4320	1457458
4321	1457741
4322	1458058
4323	1458946
4324	1460535
4325	1460658
4326	1460726
4327	1462905
4328	1462955
4329	1462964
4330	1463012
4331	1463074
4332	1463093
4333	1463213
4334	1463275
4335	1463281
4336	1463336
4337	1463352
4338	1463376
4339	1463407
4340	1463432
4341	1464547
4342	1464644
4343	1464729
4344	1464894
4345	1465174
4346	1465292
4347	1465517
4348	1466913
4349	1467054
4350	1467534
4351	1467678
4352	1468443
4353	1468450
4354	1469343
4355	1469573
4356	1469584
4357	1469674
4358	1469807
4359	1470019
4360	1470294
4361	1470493
4362	1470689
4363	1471137
4364	1471480
4365	1471610
4366	1471657
4367	1471837
4368	1472258
4369	1472344
4370	1472953
4371	1473011
4372	1473297
4373	1473610
4374	1473728
4375	1473737
4376	1473828
4377	1474200
4378	1474203
4379	1475397
4380	1475635
4381	1475640
4382	1475680
4383	1476218
4384	1476221
4385	1476731
4386	1476760
4387	1477004
4388	1477394
4389	1478244
4390	1478408
4391	1479344
4392	1480564
4393	1480647
4394	1482188
4395	1482281
4396	1483038
4397	1483275
4398	1483563
4399	1483586
4400	1483767
4401	1484029
4402	1484144
4403	1485350
4404	1485351
4405	1485646
4406	1485924
4407	1486215
4408	1487898
4409	1488916
4410	1489030
4411	1490129
4412	1490156
4413	1490379
4414	1490858
4415	1490879
4416	1491143
4417	1491399
4418	1491440
4419	1491473
4420	1491474
4421	1491506
4422	1491521
4423	1491534
4424	1491539
4425	1491564
4426	1491615
4427	1491640
4428	1491716
4429	1491777
4430	1491779
4431	1491780
4432	1491782
4433	1491789
4434	1491792
4435	1491857
4436	1491908
4437	1491951
4438	1491977
4439	1491978
4440	1491979
4441	1491984
4442	1491992
4443	1492186
4444	1492301
4445	1492330
4446	1492723
4447	1492783
4448	1492838
4449	1494935
4450	1495470
4451	1495524
4452	1495944
4453	1496307
4454	1496964
4455	1497368
4456	1497961
4457	1498054
4458	1498380
4459	1498381
4460	1498394
4461	1498398
4462	1498894
4463	1500181
4464	1500742
4465	1500880
4466	1500978
4467	1501052
4468	1501587
4469	1502002
4470	1502180
4471	1503024
4472	1503047
4473	1503759
4474	1504068
4475	1504072
4476	1504552
4477	1504770
4478	1504926
4479	1505748
4480	1506677
4481	1507162
4482	1507367
4483	1508141
4484	1508472
4485	1508557
4486	1508847
4487	1508938
4488	1509291
4489	1509662
4490	1510027
4491	1510733
4492	1510736
4493	1510997
4494	1511145
4495	1511556
4496	1511984
4497	1512658
4498	1512660
4499	1512678
4500	1512959
4501	1513088
4502	1513168
4503	1513179
4504	1513248
4505	1513408
4506	1513820
4507	1513933
4508	1514025
4509	1514151
4510	1514524
4511	1515106
4512	1515263
4513	1515491
4514	1515658
4515	1516581
4516	1516776
4517	1516893
4518	1517474
4519	1517603
4520	1518122
4521	1518168
4522	1518602
4523	1522875
4524	1524336
4525	1524631
4526	1525750
4527	1526148
4528	1526361
4529	1526685
4530	1527264
4531	1527288
4532	1527289
4533	1528198
4534	1529070
4535	1529632
4536	1529898
4537	1530054
4538	1530357
4539	1530408
4540	1530497
4541	1530632
4542	1531742
4543	1532373
4544	1532483
4545	1532595
4546	1532986
4547	1533253
4548	1533315
4549	1533478
4550	1534169
4551	1534877
4552	1535834
4553	1535840
4554	1536274
4555	1536505
4556	1537144
4557	1537177
4558	1537294
4559	1537416
4560	1537950
4561	1538006
4562	1538085
4563	1538139
4564	1539001
4565	1539037
4566	1540811
4567	1540984
4568	1548410
4569	1548858
4570	1549275
4571	1549417
4572	1550405
4573	1551927
4574	1552863
4575	1553208
4576	1554165
4577	1554574
4578	1554867
4579	1555026
4580	1555262
4581	1555959
4582	1556511
4583	1556523
4584	1556538
4585	1556553
4586	1556652
4587	1556655
4588	1556658
4589	1556861
4590	1557178
4591	1557475
4592	1557780
4593	1558039
4594	1558123
4595	1558626
4596	1559459
4597	1559487
4598	1559671
4599	1559674
4600	1559746
4601	1559881
4602	1559918
4603	1559952
4604	1559962
4605	1559966
4606	1560220
4607	1560242
4608	1560286
4609	1560394
4610	1560401
4611	1560505
4612	1560513
4613	1560531
4614	1560532
4615	1560541
4616	1560548
4617	1560656
4618	1560937
4619	1561115
4620	1561287
4621	1561556
4622	1561623
4623	1562189
4624	1562524
4625	1562565
4626	1562903
4627	1562992
4628	1563127
4629	1563721
4630	1563875
4631	1564139
4632	1564513
4633	1564539
4634	1564830
4635	1564922
4636	1565308
4637	1565512
4638	1565520
4639	1566080
4640	1566514
4641	1566671
4642	1566674
4643	1567650
4644	1567678
4645	1568075
4646	1568146
4647	1568401
4648	1568875
4649	1569040
4650	1569043
4651	1569051
4652	1569052
4653	1569066
4654	1569073
4655	1569085
4656	1569086
4657	1569114
4658	1569436
4659	1569868
4660	1570041
4661	1570087
4662	1570704
4663	1572981
4664	1573007
4665	1573016
4666	1573035
4667	1573041
4668	1573085
4669	1573127
4670	1573361
4671	1573365
4672	1573386
4673	1573392
4674	1573422
4675	1573883
4676	1574197
4677	1575225
4678	1575470
4679	1575926
4680	1576524
4681	1576622
4682	1577621
4683	1584715
4684	1585906
4685	1587751
4686	1588549
4687	1588852
4688	1589496
4689	1589541
4690	1589620
4691	1589850
4692	1589873
4693	1590154
4694	1590973
4695	1591745
4696	1592480
4697	1593620
4698	1593781
4699	1594669
4700	1594901
4701	1595320
4702	1595349
4703	1595638
4704	1595950
4705	1596050
4706	1596273
4707	1596408
4708	1596474
4709	1596677
4710	1597386
4711	1597899
4712	1598583
4713	1601346
4714	1601799
4715	1603443
4716	1603842
4717	1603976
4718	1603994
4719	1604016
4720	1604123
4721	1604465
4722	1605217
4723	1605411
4724	1605844
4725	1606623
4726	1606957
4727	1607002
4728	1607147
4729	1607604
4730	1607605
4731	1607757
4732	1608392
4733	1608581
4734	1608824
4735	1609251
4736	1609542
4737	1610544
4738	1610548
4739	1610556
4740	1610577
4741	1610583
4742	1610627
4743	1610762
4744	1610768
4745	1610810
4746	1610812
4747	1610864
4748	1611082
4749	1611404
4750	1612950
4751	1615190
4752	1615191
4753	1615329
4754	1615651
4755	1615822
4756	1616192
4757	1616231
4758	1616306
4759	1617117
4760	1617145
4761	1617845
4762	1617883
4763	1617892
4764	1617901
4765	1618265
4766	1618267
4767	1618493
4768	1618576
4769	1618600
4770	1618690
4771	1618692
4772	1619009
4773	1619035
4774	1619048
4775	1619060
4776	1619075
4777	1619085
4778	1619090
4779	1619096
4780	1619141
4781	1619161
4782	1619230
4783	1619291
4784	1619321
4785	1619330
4786	1619351
4787	1619376
4788	1619378
4789	1619502
4790	1619564
4791	1619579
4792	1619660
4793	1619930
4794	1619975
4795	1620050
4796	1620078
4797	1620093
4798	1620110
4799	1620680
4800	1620749
4801	1621287
4802	1621667
4803	1622226
4804	1622707
4805	1622975
4806	1623505
4807	1623530
4808	1623821
4809	1624127
4810	1625124
4811	1625573
4812	1625611
4813	1625614
4814	1626400
4815	1627153
4816	1627277
4817	1628100
4818	1628107
4819	1629107
4820	1629704
4821	1629757
4822	1629762
4823	1629769
4824	1629963
4825	1630068
4826	1630222
4827	1630233
4828	1630234
4829	1630250
4830	1630261
4831	1630271
4832	1630337
4833	1630381
4834	1630411
4835	1632889
4836	1633504
4837	1634209
4838	1634313
4839	1634349
4840	1634363
4841	1634389
4842	1641951
4843	1642236
4844	1642239
4845	1642286
4846	1643201
4847	1643221
4848	1643255
4849	1643364
4850	1643369
4851	1643481
4852	1643636
4853	1643663
4854	1643684
4855	1643836
4856	1644170
4857	1644558
4858	1644565
4859	1644702
4860	1644841
4861	1644934
4862	1644977
4863	1645284
4864	1645431
4865	1645572
4866	1647354
4867	1647736
4868	1647931
4869	1648174
4870	1648478
4871	1648577
4872	1648584
4873	1648630
4874	1649562
4875	1649983
4876	1650000
4877	1650012
4878	1650024
4879	1650198
4880	1651005
4881	1651149
4882	1651556
4883	1651790
4884	1651866
4885	1651934
4886	1651976
4887	1652733
4888	1653812
4889	1654012
4890	1654221
4891	1654598
4892	1657062
4893	1657858
4894	1657865
4895	1658101
4896	1659137
4897	1659169
4898	1659452
4899	1659843
4900	1659881
4901	1659993
4902	1660361
4903	1660424
4904	1660452
4905	1662827
4906	1663290
4907	1663415
4908	1663455
4909	1665126
4910	1665739
4911	1665867
4912	1666034
4913	1666060
4914	1666087
4915	1666667
4916	1666884
4917	1667128
4918	1667719
4919	1667838
4920	1668038
4921	1668233
4922	1669461
4923	1669710
4924	1669985
4925	1670171
4926	1670399
4927	1670424
4928	1670639
4929	1671084
4930	1671278
4931	1671579
4932	1672446
4933	1672562
4934	1673028
4935	1673562
4936	1673859
4937	1674295
4938	1675172
4939	1676268
4940	1677351
4941	1677423
4942	1678775
4943	1679212
4944	1679570
4945	1679705
4946	1679719
4947	1679877
4948	1680113
4949	1681356
4950	1681584
4951	1681804
4952	1682856
4953	1683251
4954	1683384
4955	1683896
4956	1684019
4957	1684405
4958	1684637
4959	1684958
4960	1685003
4961	1685429
4962	1685539
4963	1685629
4964	1686033
4965	1686075
4966	1686106
4967	1686124
4968	1686161
4969	1686199
4970	1686253
4971	1686441
4972	1686470
4973	1686615
4974	1686810
4975	1686860
4976	1687835
4977	1687968
4978	1688494
4979	1688614
4980	1688835
4981	1689360
4982	1689451
4983	1690059
4984	1690134
4985	1690405
4986	1691016
4987	1691249
4988	1691735
4989	1691935
4990	1692067
4991	1692564
4992	1692602
4993	1692604
4994	1692605
4995	1692766
4996	1693233
4997	1693946
4998	1694579
4999	1694978
5000	1695061
5001	1695192
5002	1695341
5003	1695932
5004	1697591
5005	1697880
5006	1698130
5007	1698694
5008	1699161
5009	1699346
5010	1699495
5011	1699592
5012	1699603
5013	1699774
5014	1700024
5015	1700113
5016	1700187
5017	1700965
5018	1700989
5019	1701178
5020	1701859
5021	1702189
5022	1702361
5023	1702451
5024	1702618
5025	1702686
5026	1702883
5027	1703630
5028	1703918
5029	1704028
5030	1704256
5031	1704421
5032	1704666
5033	1704822
5034	1705157
5035	1705164
5036	1705462
5037	1705941
5038	1706605
5039	1706700
5040	1707163
5041	1707894
5042	1707964
5043	1708463
5044	1708638
5045	1710152
5046	1710642
5047	1710936
5048	1711949
5049	1712138
5050	1712720
5051	1713043
5052	1714407
5053	1714758
5054	1715531
5055	1716215
5056	1716252
5057	1716469
5058	1716727
5059	1717008
5060	1717188
5061	1717338
5062	1718136
5063	1718231
5064	1719803
5065	1722857
5066	1723377
5067	1723778
5068	1723997
5069	1724257
5070	1724941
5071	1725770
5072	1725894
5073	1726267
5074	1726333
5075	1726606
5076	1728261
5077	1728367
5078	1728901
5079	1729947
5080	1730089
5081	1730183
5082	1730301
5083	1730529
5084	1730861
5085	1731290
5086	1732100
5087	1732639
5088	1732935
5089	1732945
5090	1732993
5091	1733261
5092	1733373
5093	1733569
5094	1733669
5095	1733785
5096	1734456
5097	1734662
5098	1734669
5099	1734850
5100	1736546
5101	1736557
5102	1737175
5103	1737188
5104	1737311
5105	1737588
5106	1737701
5107	1737845
5108	1737944
5109	1738113
5110	1738593
5111	1738919
5112	1739548
5113	1740238
5114	1740308
5115	1741454
5116	1741667
5117	1741825
5118	1742112
5119	1742678
5120	1742776
5121	1743151
5122	1743718
5123	1743836
5124	1744137
5125	1744174
5126	1744285
5127	1744592
5128	1744631
5129	1744703
5130	1744973
5131	1744986
5132	1745245
5133	1745284
5134	1745333
5135	1745591
5136	1745967
5137	1746395
5138	1746434
5139	1746498
5140	1746597
5141	1746620
5142	1747456
5143	1747589
5144	1747976
5145	1748218
5146	1748299
5147	1748576
5148	1748862
5149	1748907
5150	1748909
5151	1748915
5152	1748953
5153	1749484
5154	1750257
5155	1750834
5156	1750929
5157	1751741
5158	1752565
5159	1752621
5160	1752722
5161	1752858
5162	1753193
5163	1753270
5164	1753662
5165	1754001
5166	1754184
5167	1754230
5168	1754558
5169	1754739
5170	1755140
5171	1755188
5172	1756626
5173	1756919
5174	1757295
5175	1757488
5176	1757601
5177	1757838
5178	1759668
5179	1759764
5180	1760202
5181	1760961
5182	1761868
5183	1762188
5184	1762598
5185	1762893
5186	1762994
5187	1763272
5188	1763311
5189	1764263
5190	1764347
5191	1765354
5192	1765982
5193	1766213
5194	1766292
5195	1766552
5196	1766591
5197	1766667
5198	1767194
5199	1768241
5200	1768523
5201	1768641
5202	1768897
5203	1769768
5204	1769917
5205	1770417
5206	1770433
5207	1770580
5208	1771164
5209	1771315
5210	1771578
5211	1773728
5212	1774225
5213	1774418
5214	1774732
5215	1775350
5216	1775445
5217	1775551
5218	1775759
5219	1775805
5220	1776756
5221	1776848
5222	1776926
5223	1778424
5224	1778976
5225	1779093
5226	1779095
5227	1779364
5228	1779384
5229	1779392
5230	1779421
5231	1779446
5232	1779478
5233	1780094
5234	1780107
5235	1780117
5236	1780886
5237	1780930
5238	1781085
5239	1781086
5240	1781570
5241	1781576
5242	1782247
5243	1782304
5244	1782459
5245	1782578
5246	1782988
5247	1783313
5248	1783952
5249	1784151
5250	1784328
5251	1784554
5252	1785736
5253	1785948
5254	1785951
5255	1785979
5256	1785987
5257	1786007
5258	1786020
5259	1786158
5260	1786197
5261	1786348
5262	1786387
5263	1786390
5264	1786548
5265	1786579
5266	1786580
5267	1786636
5268	1786643
5269	1786671
5270	1786911
5271	1787033
5272	1787069
5273	1787219
5274	1787602
5275	1787704
5276	1788214
5277	1789143
5278	1789482
5279	1789547
5280	1789774
5281	1789892
5282	1790274
5283	1790437
5284	1790669
5285	1790782
5286	1791309
5287	1791933
5288	1792121
5289	1792923
5290	1793243
5291	1793492
5292	1793516
5293	1793621
5294	1794104
5295	1794173
5296	1794364
5297	1795016
5298	1795477
5299	1795534
5300	1796526
5301	1797296
5302	1797560
5303	1797946
5304	1798360
5305	1798754
5306	1798953
5307	1799142
5308	1799225
5309	1799283
5310	1799455
5311	1799691
5312	1799739
5313	1799742
5314	1800101
5315	1800217
5316	1800572
5317	1800590
5318	1801199
5319	1801725
5320	1802102
5321	1802386
5322	1802447
5323	1802493
5324	1802501
5325	1803080
5326	1803092
5327	1803097
5328	1803155
5329	1803202
5330	1803227
5331	1803468
5332	1804463
5333	1804538
5334	1804549
5335	1806645
5336	1807387
5337	1807456
5338	1807639
5339	1807750
5340	1807905
5341	1808374
5342	1808633
5343	1809777
5344	1809831
5345	1809958
5346	1810123
5347	1811161
5348	1812158
5349	1812212
5350	1813583
5351	1813865
5352	1814476
5353	1814477
5354	1814480
5355	1814987
5356	1815002
5357	1815243
5358	1815647
5359	1815880
5360	1816546
5361	1817641
5362	1817917
5363	1818016
5364	1818051
5365	1819310
5366	1819693
5367	1819763
5368	1819861
5369	1820293
5370	1820529
5371	1820688
5372	1820704
5373	1820722
5374	1820881
5375	1820925
5376	1821356
5377	1821595
5378	1822034
5379	1822311
5380	1822616
5381	1822859
5382	1823269
5383	1823275
5384	1823447
5385	1823477
5386	1823544
5387	1823937
5388	1824152
5389	1824687
5390	1824999
5391	1825163
5392	1825192
5393	1827430
5394	1828279
5395	1828336
5396	1828344
5397	1828406
5398	1828685
5399	1828714
5400	1828728
5401	1828738
5402	1828746
5403	1828773
5404	1828782
5405	1829504
5406	1830519
5407	1832088
5408	1834095
5409	1834817
5410	1836135
5411	1837144
5412	1837207
5413	1837240
5414	1837769
5415	1838836
5416	1838877
5417	1838992
5418	1840519
5419	1841936
5420	1842328
5421	1843839
5422	1843944
5423	1844164
5424	1844586
5425	1844650
5426	1844789
5427	1845740
5428	1846123
5429	1846176
5430	1846559
5431	1846694
5432	1846769
5433	1847135
5434	1847137
5435	1847138
5436	1847140
5437	1847165
5438	1847303
5439	1847419
5440	1847423
5441	1847424
5442	1847451
5443	1847478
5444	1847495
5445	1847498
5446	1847571
5447	1847574
5448	1847599
5449	1847634
5450	1847767
5451	1847815
5452	1847840
5453	1847843
5454	1847905
5455	1847944
5456	1848306
5457	1848355
5458	1848452
5459	1849253
5460	1851168
5461	1851469
5462	1852709
5463	1853287
5464	1853327
5465	1854642
5466	1855043
5467	1855169
5468	1855172
5469	1864557
5470	1864631
5471	1864635
5472	1864638
5473	1864656
5474	1864665
5475	1864678
5476	1864695
5477	1864698
5478	1864719
5479	1864740
5480	1864843
5481	1864847
5482	1864853
5483	1864867
5484	1864869
5485	1864873
5486	1864887
5487	1864897
5488	1864903
5489	1865100
5490	1865295
5491	1866302
5492	1866327
5493	1866442
5494	1866679
5495	1866874
5496	1867014
5497	1867053
5498	1867234
5499	1867369
5500	1867510
5501	1867851
5502	1868287
5503	1868923
5504	1869234
5505	1869379
5506	1870481
5507	1870567
5508	1870681
5509	1873674
5510	1873970
5511	1874084
5512	1874248
5513	1874627
5514	1874754
5515	1874773
5516	1874902
5517	1874908
5518	1874927
5519	1874937
5520	1874938
5521	1874973
5522	1875002
5523	1875190
5524	1875724
5525	1875768
5526	1875782
5527	1875800
5528	1875991
5529	1875992
5530	1875994
5531	1876118
5532	1876460
5533	1876493
5534	1876725
5535	1877250
5536	1877429
5537	1877992
5538	1878013
5539	1910617
5540	1911197
5541	1911734
5542	1911885
5543	1911935
5544	1911948
5545	1912629
5546	1912673
5547	1912896
5548	1913059
5549	1913457
5550	1913491
5551	1913713
5552	1913829
5553	1913830
5554	1914214
5555	1914254
5556	1914303
5557	1914411
5558	1914419
5559	1915118
5560	1915480
5561	1916555
5562	1917423
5563	1917968
5564	1918098
5565	1918623
5566	1918703
5567	1918710
5568	1919493
5569	1920528
5570	1920606
5571	1921802
5572	1921949
5573	1922662
5574	1922936
5575	1923770
5576	1923789
5577	1924076
5578	1924280
5579	1925224
5580	1925501
5581	1925510
5582	1925525
5583	1925556
5584	1925672
5585	1925676
5586	1926112
5587	1926176
5588	1926208
5589	1926676
5590	1926696
5591	1926720
5592	1926736
5593	1926839
5594	1926879
5595	1926986
5596	1926990
5597	1926992
5598	1927067
5599	1927120
5600	1927152
5601	1927153
5602	1927203
5603	1927450
5604	1927451
5605	1927520
5606	1927564
5607	1927593
5608	1927605
5609	1927610
5610	1927627
5611	1927632
5612	1927784
5613	1927829
5614	1927847
5615	1927944
5616	1927950
5617	1927951
5618	1928276
5619	1928306
5620	1928349
5621	1928374
5622	1928377
5623	1928396
5624	1928408
5625	1928411
5626	1928437
5627	1928440
5628	1928444
5629	1928604
5630	1928662
5631	1928724
5632	1928749
5633	1928928
5634	1928979
5635	1928991
5636	1929078
5637	1929146
5638	1929157
5639	1929236
5640	1929241
5641	1929321
5642	1929326
5643	1929348
5644	1929636
5645	1929915
5646	1930116
5647	1930763
5648	1931228
5649	1931884
5650	1931918
5651	1932878
5652	1933225
5653	1933300
5654	1933514
5655	1933915
5656	1933993
5657	1934137
5658	1934304
5659	1934481
5660	1935066
5661	1935311
5662	1936604
5663	1936873
5664	1937937
5665	1938422
5666	1938922
5667	1939072
5668	1939561
5669	1940092
5670	1940547
5671	1940581
5672	1941173
5673	1941189
5674	1941438
5675	1941689
5676	1941698
5677	1941763
5678	1942070
5679	1942211
5680	1942229
5681	1942631
5682	1943094
5683	1943171
5684	1943247
5685	1944549
5686	1944725
5687	1944793
5688	1945084
5689	1945189
5690	1945404
5691	1945456
5692	1948220
5693	1948517
5694	1949176
5695	1949968
5696	1950036
5697	1950351
5698	1950531
5699	1950551
5700	1950614
5701	1950743
5702	1951411
5703	1951585
5704	1951841
5705	1951848
5706	1951877
5707	1952456
5708	1952790
5709	1953223
5710	1954390
5711	1954701
5712	1954918
5713	1955299
5714	1955630
5715	1955916
5716	1955924
5717	1956164
5718	1956245
5719	1956674
5720	1958055
5721	1958158
5722	1958169
5723	1958335
5724	1958796
5725	1958841
5726	1958844
5727	1958847
5728	1958888
5729	1958946
5730	1959007
5731	1959071
5732	1959085
5733	1959500
5734	1959581
5735	1959582
5736	1959605
5737	1959631
5738	1959713
5739	1959771
5740	1959775
5741	1959975
5742	1960426
5743	1960644
5744	1960783
5745	1960956
5746	1961142
5747	1961317
5748	1961645
5749	1962424
5750	1962660
5751	1963292
5752	1963570
5753	1963999
5754	1964293
5755	1964322
5756	1965449
5757	1965574
5758	1965976
5759	1965977
5760	1965980
5761	1966346
5762	1966787
5763	1967823
5764	1968401
5765	1968751
5766	1968857
5767	1969269
5768	1969284
5769	1969576
5770	1970066
5771	1970491
5772	1971087
5773	1971339
5774	1971342
5775	1971344
5776	1971382
5777	1971714
5778	1971734
5779	1971866
5780	1972249
5781	1972337
5782	1972456
5783	1972770
5784	1973045
5785	1973235
5786	1973698
5787	1974694
5788	1974801
5789	1974876
5790	1975053
5791	1975180
5792	1975400
5793	1975730
5794	1975832
5795	1976380
5796	1976474
5797	1976483
5798	1976508
5799	1976537
5800	1976694
5801	1976996
5802	1977449
5803	1977614
5804	1978010
5805	1978384
5806	1978686
5807	1979336
5808	1979593
5809	1980084
5810	1980449
5811	1980496
5812	1983599
5813	1983782
5814	1983991
5815	1984118
5816	1984537
5817	1984560
5818	1984626
5819	1984629
5820	1984633
5821	1984635
5822	1984659
5823	1984663
5824	1984689
5825	1984693
5826	1984708
5827	1984753
5828	1987345
5829	1987813
5830	1987976
5831	1987990
5832	1988702
5833	1991669
5834	1992137
5835	1992162
5836	1992185
5837	1992269
5838	1992436
5839	1992521
5840	1993336
5841	1993822
5842	1994044
5843	1994821
5844	1995171
5845	1995276
5846	1997172
5847	1997347
5848	1997477
5849	1997536
5850	1997674
5851	1998533
5852	2000050
5853	2000509
5854	2001540
5855	2001616
5856	2001619
5857	2001858
5858	2004791
5859	2004800
5860	2004822
5861	2005018
5862	2005381
5863	2005414
5864	2005608
5865	2005855
5866	2005877
5867	2006027
5868	2006363
5869	2007064
5870	2007183
5871	2007371
5872	2007654
5873	2007980
5874	2008217
5875	2008865
5876	2009350
5877	2009437
5878	2009891
5879	2010115
5880	2010144
5881	2010285
5882	2011256
5883	2011684
5884	2011721
5885	2014056
5886	2015123
5887	2015514
5888	2016538
5889	2016622
5890	2016639
5891	2016654
5892	2016657
5893	2016705
5894	2016760
5895	2016793
5896	2016804
5897	2016837
5898	2016845
5899	2016974
5900	2016979
5901	2017121
5902	2017140
5903	2017168
5904	2017209
5905	2017212
5906	2017227
5907	2017238
5908	2017241
5909	2017245
5910	2017250
5911	2017256
5912	2017352
5913	2017385
5914	2017394
5915	2017505
5916	2017530
5917	2017565
5918	2017733
5919	2017861
5920	2017899
5921	2018055
5922	2018433
5923	2018463
5924	2018477
5925	2018840
5926	2018846
5927	2018859
5928	2018865
5929	2018939
5930	2019482
5931	2019757
5932	2019980
5933	2020130
5934	2020138
5935	2020219
5936	2020301
5937	2020409
5938	2020518
5939	2020731
5940	2021256
5941	2021306
5942	2021373
5943	2022320
5944	2022602
5945	2022823
5946	2023705
5947	2023804
5948	2023959
5949	2024044
5950	2024164
5951	2024536
5952	2024589
5953	2024919
5954	2024991
5955	2025161
5956	2025267
5957	2025528
5958	2025963
5959	2026651
5960	2027379
5961	2027963
5962	2027981
5963	2028302
5964	2028620
5965	2028949
5966	2029307
5967	2029836
5968	2030030
5969	2030035
5970	2030036
5971	2030191
5972	2030384
5973	2030661
5974	2030672
5975	2030860
5976	2031012
5977	2031147
5978	2031283
5979	2031375
5980	2031884
5981	2031885
5982	2032005
5983	2032047
5984	2032260
5985	2033003
5986	2033252
5987	2033585
5988	2033617
5989	2033644
5990	2034163
5991	2034186
5992	2035061
5993	2035726
5994	2036102
5995	2037044
5996	2037370
5997	2037382
5998	2037603
5999	2038010
6000	2038043
6001	2038727
6002	2039162
6003	2039241
6004	2039258
6005	2039295
6006	2039306
6007	2040115
6008	2041592
6009	2041726
6010	2042469
6011	2043164
6012	2043209
6013	2043420
6014	2043775
6015	2044127
6016	2044183
6017	2045503
6018	2045527
6019	2045627
6020	2045727
6021	2045946
6022	2046086
6023	2047089
6024	2047378
6025	2047753
6026	2048977
6027	2049325
6028	2049400
6029	2049862
6030	2050537
6031	2051108
6032	2051749
6033	2052667
6034	2052943
6035	2053803
6036	2054200
6037	2054312
6038	2054386
6039	2054905
6040	2055183
6041	2055401
6042	2056045
6043	2056303
6044	2056976
6045	2057157
6046	2057981
6047	2058094
6048	2058101
6049	2058110
6050	2058111
6051	2058278
6052	2059418
6053	2059898
6054	2060218
6055	2060377
6056	2060802
6057	2060987
6058	2061296
6059	2061713
6060	2062015
6061	2062196
6062	2062886
6063	2063565
6064	2063744
6065	2063896
6066	2064599
6067	2065714
6068	2065831
6069	2066553
6070	2066628
6071	2067638
6072	2068197
6073	2068252
6074	2068646
6075	2069081
6076	2069929
6077	2070459
6078	2070975
6079	2072006
6080	2072465
6081	2072761
6082	2073278
6083	2073470
6084	2074167
6085	2074397
6086	2074418
6087	2074668
6088	2075999
6089	2076277
6090	2076326
6091	2076850
6092	2077156
6093	2077231
6094	2077487
6095	2077602
6096	2077625
6097	2077720
6098	2078142
6099	2078170
6100	2079004
6101	2079056
6102	2079261
6103	2079305
6104	2079315
6105	2079382
6106	2079575
6107	2080076
6108	2080141
6109	2080597
6110	2080669
6111	2082018
6112	2083327
6113	2083525
6114	2083987
6115	2084002
6116	2085133
6117	2085235
6118	2085433
6119	2085504
6120	2085675
6121	2085881
6122	2086739
6123	2086899
6124	2086973
6125	2087454
6126	2087484
6127	2087607
6128	2087782
6129	2087855
6130	2087946
6131	2089410
6132	2089596
6133	2090002
6134	2090181
6135	2090276
6136	2090534
6137	2090575
6138	2091331
6139	2092194
6140	2092259
6141	2092509
6142	2092510
6143	2092932
6144	2093073
6145	2093128
6146	2093759
6147	2094682
6148	2094843
6149	2095222
6150	2095540
6151	2096015
6152	2096272
6153	2096687
6154	2097343
6155	2097400
6156	2097469
6157	2097599
6158	2097622
6159	2097630
6160	2097665
6161	2097750
6162	2097766
6163	2097840
6164	2097890
6165	2097895
6166	2097898
6167	2097986
6168	2098032
6169	2098059
6170	2098074
6171	2098094
6172	2098253
6173	2098270
6174	2098273
6175	2098280
6176	2098284
6177	2098289
6178	2098389
6179	2098404
6180	2098424
6181	2098570
6182	2098577
6183	2098797
6184	2098820
6185	2098845
6186	2098848
6187	2098946
6188	2098959
6189	2099000
6190	2099092
6191	2099097
6192	2099120
6193	2099824
6194	2100043
6195	2100064
6196	2100742
6197	2101255
6198	2101452
6199	2101671
6200	2101940
6201	2102002
6202	2102003
6203	2102190
6204	2102192
6205	2102306
6206	2103056
6207	2103073
6208	2103129
6209	2103418
6210	2104477
6211	2104598
6212	2104672
6213	2104906
6214	2105187
6215	2105246
6216	2105281
6217	2105311
6218	2105728
6219	2105730
6220	2106049
6221	2106051
6222	2106057
6223	2106342
6224	2106376
6225	2106397
6226	2106867
6227	2106869
6228	2106879
6229	2106885
6230	2107491
6231	2108090
6232	2109112
6233	2110093
6234	2110663
6235	2110885
6236	2111108
6237	2111118
6238	2111599
6239	2111745
6240	2111977
6241	2112712
6242	2113054
6243	2115461
6244	2115982
6245	2118575
6246	2118622
6247	2118651
6248	2120112
6249	2120144
6250	2120235
