1	5057
2	12013
3	14492
4	18139
5	21285
6	57660
7	63568
8	63580
9	63612
10	75164
11	76143
12	81850
13	86428
14	88808
15	99905
16	103219
17	128499
18	129723
19	135634
20	136541
21	136942
22	138157
23	140965
24	144038
25	147672
26	167400
27	170622
28	172897
29	175319
30	176269
31	178508
32	184598
33	196079
34	198786
35	205788
36	221567
37	222023
38	225957
39	226286
40	231760
41	232374
42	232717
43	234437
44	241779
45	243455
46	245065
47	248886
48	251322
49	258165
50	267312
51	270963
52	273131
53	276446
54	278290
55	302559
56	303398
57	308451
58	314728
59	315216
60	316021
61	325218
62	334419
63	338626
64	350201
65	362484
66	363135
67	371836
68	372078
69	376219
70	390925
71	403305
72	406226
73	436115
74	437866
75	439762
76	439996
77	447816
78	449661
79	452034
80	455620
81	467873
82	471351
83	473243
84	473899
85	482258
86	482945
87	491765
88	491908
89	496111
90	496484
91	497280
92	504607
93	511866
94	522082
95	523971
96	526973
97	546564
98	549292
99	552382
100	562301
101	574752
102	578370
103	578533
104	585292
105	590686
106	592076
107	592869
108	606131
109	611838
110	622004
111	626974
112	631341
113	643306
114	645633
115	646377
116	659376
117	663873
118	669168
119	669179
120	672063
121	672501
122	676824
123	680845
124	688581
125	691656
126	691657
127	691659
128	697848
129	705764
130	707053
131	712338
132	717657
133	721240
134	723036
135	723663
136	726063
137	727715
138	739407
139	744262
140	754424
141	755635
142	771917
143	773485
144	777067
145	779228
146	783867
147	784456
148	784714
149	785854
150	801611
151	802486
152	803954
153	805966
154	806490
155	808232
156	811520
157	812759
158	823384
159	830362
160	841252
161	848183
162	850985
163	853703
164	860839
165	862095
166	868499
167	882852
168	889963
169	893972
170	905057
171	909670
172	921250
173	929847
174	940427
175	942427
176	942450
177	950583
178	951431
179	951575
180	955018
181	960108
182	971074
183	971525
184	982254
185	990047
186	990384
187	993151
188	993350
189	997314
190	1006953
191	1010554
192	1011562
193	1030484
194	1034091
195	1040851
196	1054142
197	1070262
198	1072192
199	1084127
200	1086467
201	1087096
202	1088741
203	1091182
204	1093744
205	1098590
206	1111684
207	1119175
208	1126192
209	1129602
210	1129780
211	1135355
212	1140584
213	1143003
214	1152895
215	1161392
216	1174929
217	1175795
218	1201767
219	1216643
220	1220393
221	1221402
222	1224605
223	1229270
224	1230048
225	1231104
226	1233375
227	1252574
228	1258874
229	1258907
230	1259693
231	1266170
232	1273216
233	1275936
234	1287828
235	1287851
236	1290294
237	1291928
238	1292395
239	1293986
240	1301619
241	1309807
242	1313882
243	1328575
244	1332347
245	1342576
246	1352664
247	1353676
248	1361647
249	1364870
250	1367925
251	1371064
252	1380159
253	1381051
254	1388529
255	1390694
256	1392306
257	1395442
258	1411881
259	1415801
260	1415830
261	1422788
262	1423090
263	1425455
264	1425762
265	1426147
266	1426206
267	1433235
268	1434060
269	1436619
270	1437005
271	1438676
272	1445654
273	1449976
274	1451932
275	1463357
276	1471833
277	1477014
278	1492951
279	1497609
280	1509372
281	1510712
282	1513051
283	1515404
284	1530347
285	1533010
286	1540169
287	1543196
288	1549900
289	1552996
290	1553796
291	1554350
292	1562153
293	1574138
294	1592299
295	1592633
296	1592681
297	1603442
298	1608556
299	1611049
300	1611744
301	1612683
302	1613123
303	1613527
304	1615281
305	1629910
306	1631763
307	1636644
308	1643819
309	1648492
310	1657000
311	1659726
312	1667356
313	1672698
314	1681310
315	1683532
316	1687150
317	1695716
318	1698508
319	1700526
320	1707985
321	1708652
322	1708699
323	1709964
324	1712695
325	1713798
326	1713833
327	1715828
328	1716427
329	1718125
330	1721246
331	1722697
332	1730215
333	1730717
334	1738076
335	1739517
336	1740104
337	1742444
338	1749246
339	1751413
340	1754151
341	1769110
342	1769248
343	1786807
344	1787387
345	1788710
346	1790614
347	1797210
348	1799875
349	1802593
350	1814673
351	1816579
352	1817318
353	1817962
354	1818182
355	1830833
356	1834103
357	1836847
358	1869336
359	1894033
360	1896752
361	1904073
362	1907828
363	1912019
364	1924452
365	1932031
366	1944407
367	1945630
368	1948731
369	1950643
370	1950694
371	1954219
372	1960370
373	1961252
374	1966151
375	1970431
376	1972499
377	1974357
378	1981258
379	1984611
380	1990279
381	1994671
382	2008777
383	2012401
384	2014022
385	2016662
386	2026063
387	2036873
388	2048134
389	2048990
390	2060743
391	2061944
392	2069943
393	2070926
394	2074333
395	2074819
396	2075461
397	2083857
398	2083955
399	2084904
400	2094180
401	2096232
402	2101201
403	2114337
404	2120370
405	2133053
406	2133924
407	2139185
408	2140969
409	2151277
410	2152119
411	2160640
412	2163136
413	2165551
414	2181864
415	2185270
416	2186290
417	2190381
418	2198982
419	2211029
420	2213393
421	2214863
422	2220815
423	2221261
424	2222700
425	2225624
426	2228325
427	2228335
428	2228958
429	2229439
430	2230692
431	2233116
432	2235908
433	2241292
434	2243619
435	2247646
436	2251506
437	2255203
438	2255484
439	2256738
440	2258461
441	2258462
442	2277201
443	2281897
444	2282195
445	2288525
446	2289491
447	2290828
448	2294710
449	2297350
450	2300657
451	2309876
452	2319645
453	2324265
454	2327560
455	2337011
456	2342188
457	2343212
458	2353980
459	2354298
460	2354626
461	2363109
462	2381607
463	2382865
464	2386266
465	2387311
466	2387796
467	2388852
468	2396013
469	2399026
470	2407288
471	2419628
472	2424067
473	2424414
474	2425454
475	2429558
476	2432352
477	2433680
478	2434524
479	2444259
480	2452656
481	2467778
482	2469274
483	2472901
484	2480129
485	2480413
486	2483651
487	2484304
488	2489834
489	2494571
490	2499962
491	2506787
492	2511947
493	2521809
494	2521889
495	2523334
496	2523893
497	2525001
498	2525568
499	2527514
500	2527596
501	2528869
502	2541804
503	2543126
504	2543199
505	2552101
506	2571727
507	2572164
508	2572812
509	2576070
510	2577728
511	2579164
512	2579504
513	2581592
514	2588788
515	2602385
516	2604117
517	2614152
518	2619677
519	2623206
520	2635103
521	2649352
522	2649553
523	2652833
524	2659111
525	2660615
526	2662123
527	2683219
528	2688473
529	2694850
530	2697073
531	2700685
532	2705707
533	2713575
534	2715803
535	2716395
536	2717108
537	2719196
538	2721197
539	2721626
540	2732525
541	2741119
542	2741645
543	2741655
544	2741716
545	2742767
546	2746824
547	2754967
548	2764376
549	2778670
550	2789207
551	2794033
552	2795099
553	2796172
554	2797163
555	2808329
556	2811378
557	2811855
558	2822140
559	2823105
560	2826268
561	2830551
562	2833595
563	2835591
564	2849187
565	2868719
566	2874655
567	2878964
568	2879066
569	2900489
570	2907248
571	2907408
572	2910966
573	2914086
574	2915030
575	2926831
576	2928252
577	2932001
578	2934653
579	2939395
580	2942591
581	2943925
582	2952852
583	2957994
584	2958898
585	2967046
586	2977483
587	2980615
588	2987230
589	2989609
590	2996181
591	2996848
592	3007166
593	3026813
594	3028946
595	3029981
596	3030688
597	3034400
598	3042521
599	3042971
600	3047993
601	3048871
602	3065737
603	3071832
604	3073465
605	3075561
606	3081474
607	3096125
608	3096343
609	3102029
610	3102196
611	3103263
612	3103424
613	3104667
614	3107241
615	3108034
616	3120563
617	3140243
618	3143485
619	3149745
620	3152351
621	3156726
622	3163030
623	3170726
624	3171458
625	3176588
626	3197235
627	3197962
628	3208360
629	3220199
630	3223121
631	3223245
632	3223272
633	3223322
634	3223323
635	3223324
636	3223626
637	3223640
638	3223721
639	3223796
640	3223808
641	3223901
642	3223923
643	3223936
644	3223963
645	3224028
646	3224269
647	3224301
648	3224961
649	3228023
650	3232596
651	3248477
652	3249219
653	3260961
654	3266032
655	3267133
656	3268763
657	3269841
658	3283084
659	3286095
660	3294500
661	3296182
662	3301577
663	3306490
664	3322605
665	3325394
666	3329299
667	3331349
668	3332785
669	3340381
670	3340638
671	3343130
672	3358286
673	3361531
674	3371406
675	3378566
676	3388072
677	3391413
678	3398008
679	3406881
680	3414641
681	3415910
682	3420819
683	3421856
684	3422038
685	3424275
686	3429236
687	3429886
688	3432551
689	3435903
690	3435915
691	3440460
692	3442219
693	3454040
694	3465229
695	3466204
696	3469569
697	3478839
698	3482635
699	3483292
700	3483350
701	3483558
702	3483576
703	3484032
704	3494909
705	3499759
706	3514129
707	3523604
708	3529802
709	3531673
710	3547454
711	3553349
712	3572355
713	3573356
714	3593972
715	3599187
716	3603961
717	3609824
718	3630574
719	3639274
720	3643497
721	3647045
722	3656035
723	3656513
724	3658482
725	3663708
726	3672237
727	3674527
728	3675630
729	3682217
730	3682340
731	3689718
732	3691131
733	3702235
734	3705345
735	3711382
736	3721844
737	3722793
738	3728307
739	3728793
740	3729878
741	3737002
742	3743322
743	3755888
744	3755890
745	3755894
746	3756535
747	3776947
748	3790909
749	3797478
750	3798976
751	3799901
752	3800658
753	3813770
754	3813985
755	3815617
756	3823890
757	3827811
758	3830985
759	3839456
760	3845094
761	3847169
762	3858890
763	3861730
764	3862077
765	3872779
766	3873979
767	3888477
768	3891183
769	3893063
770	3896129
771	3899196
772	3912670
773	3919426
774	3952196
775	3956424
776	3961002
777	3961681
778	3963365
779	3966275
780	3979478
781	3986990
782	3991773
783	4002370
784	4025600
785	4029553
786	4044109
787	4050941
788	4057264
789	4060810
790	4086983
791	4088706
792	4090031
793	4099092
794	4110084
795	4113107
796	4117529
797	4121782
798	4124701
799	4130057
800	4130059
801	4142116
802	4142275
803	4147604
804	4148576
805	4159055
806	4159085
807	4161632
808	4162874
809	4174192
810	4174588
811	4181853
812	4188239
813	4211766
814	4213319
815	4218846
816	4226292
817	4227942
818	4236613
819	4237167
820	4237298
821	4237652
822	4256190
823	4261394
824	4267649
825	4268315
826	4268982
827	4273742
828	4274824
829	4279455
830	4292266
831	4294741
832	4296097
833	4308118
834	4311818
835	4313269
836	4320606
837	4321075
838	4330610
839	4339643
840	4346758
841	4347246
842	4351824
843	4354593
844	4356174
845	4363241
846	4365760
847	4367645
848	4370472
849	4374240
850	4375480
851	4395001
852	4402733
853	4418942
854	4423310
855	4439690
856	4448459
857	4469290
858	4471021
859	4472757
860	4476973
861	4483259
862	4491551
863	4501338
864	4501669
865	4506548
866	4515248
867	4526998
868	4530043
869	4541310
870	4541668
871	4543549
872	4547134
873	4549113
874	4550192
875	4564584
876	4571267
877	4572179
878	4583118
879	4583159
