1	194
2	228
3	348
4	395
5	408
6	546
7	868
8	1934
9	2085
10	2135
11	2962
12	3150
13	3389
14	3589
15	3601
16	5208
17	7255
18	7266
19	7603
20	7638
21	7875
22	7905
23	8075
24	8084
25	9484
26	11852
27	12119
28	12401
29	12646
30	12692
31	13258
32	13556
33	14035
34	14521
35	14604
36	14608
37	15286
38	15985
39	16067
40	16327
41	16523
42	16565
43	16942
44	17693
45	17729
46	17874
47	18237
48	18446
49	19237
50	19501
51	19836
52	20171
53	20749
54	21626
55	22177
56	22198
57	22297
58	22305
59	22391
60	23015
61	23980
62	23984
63	24171
64	24218
65	27186
66	28912
67	29486
68	31032
69	31298
70	31416
71	31711
72	32124
73	32237
74	32437
75	32524
76	32577
77	33522
78	33960
79	34157
80	34160
81	34166
82	34182
83	34276
84	34711
85	35123
86	35217
87	35253
88	35373
89	35413
90	35423
91	35757
92	38076
93	38985
94	39000
95	39002
96	39037
97	39067
98	39093
99	39094
100	39114
101	39115
102	39116
103	39117
104	39133
105	39134
106	39157
107	39198
108	39202
109	39213
110	39214
111	39237
112	39242
113	39253
114	39254
115	39265
116	39277
117	39282
118	39307
119	39317
120	39357
121	39362
122	39992
123	40324
124	40347
125	40657
126	40693
127	40712
128	40731
129	41098
130	42784
131	43071
132	45087
133	45335
134	45369
135	45444
136	45533
137	46293
138	46389
139	47214
140	47902
141	49525
142	50115
143	50662
144	50816
145	50849
146	50862
147	51324
148	52323
149	52374
150	52378
151	52721
152	53217
153	53808
154	54243
155	54380
156	54674
157	55519
158	55678
159	56085
160	56745
161	60212
162	61086
163	61287
164	61288
165	61289
166	62646
167	62652
168	63334
169	63349
170	63667
171	63688
172	63776
173	66001
174	67011
175	67447
176	68493
177	69543
178	69637
179	69656
180	69662
181	69674
182	69781
183	70212
184	70213
185	70547
186	70634
187	72026
188	72372
189	72807
190	73911
191	74144
192	74538
193	74584
194	74742
195	77278
196	77447
197	77689
198	77760
199	78405
200	78905
201	80047
202	80110
203	81345
204	82486
205	82513
206	83104
207	83745
208	84038
209	85434
210	85576
211	85683
212	85857
213	85929
214	86017
215	86315
216	86441
217	87034
218	87036
219	87393
220	87533
221	87546
222	87571
223	88100
224	88200
225	88206
226	88574
227	88585
228	89201
229	89256
230	90457
231	90547
232	91388
233	92202
234	92861
235	94028
236	94799
237	95057
238	95195
239	95199
240	96391
241	96531
242	96532
243	96756
244	97978
245	98442
246	98560
247	98817
248	99547
249	99760
250	101341
251	101949
252	102216
253	102256
254	102587
255	103387
256	104646
257	105209
258	105539
259	105568
260	105825
261	105838
262	105839
263	105840
264	105930
265	105945
266	105951
267	105958
268	105959
269	105978
270	105989
271	106155
272	106487
273	106810
274	106979
275	106987
276	107018
277	107031
278	107066
279	107102
280	107106
281	107154
282	108173
283	108176
284	108335
285	108810
286	109012
287	109850
288	110227
289	110389
290	110409
291	110541
292	111689
293	111703
294	111924
295	112541
296	112794
297	113737
298	114068
299	114093
300	114495
301	115248
302	115291
303	115681
304	115725
305	115958
306	116019
307	117144
308	117683
309	117686
310	117874
311	117969
312	118248
313	119572
314	120068
315	121494
316	123718
317	124297
318	124630
319	124712
320	125314
321	125439
322	125450
323	125479
324	125515
325	125916
326	126789
327	127524
328	127858
329	127910
330	128337
331	128452
332	128703
333	128722
334	128828
335	129114
336	129164
337	129197
338	129594
339	129776
340	129851
341	130551
342	130998
343	131067
344	131360
345	131461
346	131641
347	131694
348	132333
349	132360
350	132402
351	132406
352	132441
353	132568
354	132712
355	132851
356	133021
357	133030
358	133292
359	133575
360	133639
361	134271
362	134338
363	134343
364	134544
365	134729
366	135880
367	136110
368	136486
369	136721
370	136915
371	137171
372	137862
373	138696
374	138822
375	138873
376	139720
377	140050
378	140200
379	140367
380	140829
381	142078
382	142164
383	142173
384	142180
385	142192
386	142225
387	142551
388	143302
389	143376
390	143517
391	143648
392	143681
393	145537
394	145591
395	146041
396	146065
397	146804
398	147198
399	148426
400	148620
401	148673
402	149769
403	149794
404	150255
405	150463
406	150755
407	150793
408	150813
409	150937
410	152002
411	152166
412	153002
413	153016
414	153038
415	154092
416	155347
417	155383
418	155941
419	156148
420	156276
421	157683
422	159092
423	159210
424	159630
425	160566
426	161853
427	162226
428	162240
429	162258
430	162428
431	162550
432	164519
433	165217
434	165738
435	166391
436	167169
437	167438
438	167653
439	168323
440	169021
441	169527
442	169749
443	170435
444	171325
445	171586
446	172007
447	172085
448	172114
449	172127
450	172459
451	173022
452	173229
453	173407
454	173456
455	174375
456	174990
457	175286
458	175487
459	175890
460	176383
461	176572
462	176625
463	176746
464	176939
465	177144
466	177607
467	177761
468	177898
469	178652
470	179395
471	179974
472	180030
473	181349
474	181508
475	181554
476	181603
477	182464
478	182951
479	183273
480	183974
481	184227
482	185204
483	185222
484	185248
485	185328
486	186502
487	186527
488	186901
489	186944
490	188983
491	190122
492	190406
493	191163
494	191195
495	192783
496	193186
497	193675
498	194457
499	194501
500	195703
501	195711
502	195814
503	196106
504	196153
505	196386
506	197341
507	197366
508	198100
509	198275
510	198501
511	199744
512	200150
513	200340
514	200351
515	200720
516	200739
517	201009
518	201090
519	201115
520	201470
521	202941
522	203355
523	203914
524	204421
525	204739
526	205568
527	206177
528	206621
529	206641
530	206679
531	206709
532	207197
533	208349
534	209347
535	210001
536	210037
537	210228
538	210253
539	210272
540	210418
541	211502
542	211966
543	212231
544	212444
545	212863
546	213274
547	213333
548	213416
549	213715
550	213761
551	213850
552	214192
553	214659
554	214712
555	215126
556	215303
557	215656
558	215868
559	216165
560	216511
561	216527
562	216839
563	217040
564	217611
565	220178
566	220231
567	220736
568	221742
569	221847
570	222143
571	222424
572	222659
573	222786
574	222798
575	223307
576	224609
577	224616
578	224694
579	225594
580	225653
581	225968
582	226881
583	226926
584	227266
585	227353
586	227552
587	227568
588	227569
589	228375
590	229140
591	229578
592	229978
593	230718
594	231412
595	231869
596	231882
597	232228
598	233804
599	233910
600	234098
601	235031
602	235229
603	235831
604	236047
605	236195
606	236754
607	237421
608	240935
609	241431
610	241793
611	242036
612	242857
613	243115
614	243121
615	243455
616	243503
617	243963
618	244041
619	244532
620	245062
621	245083
622	245087
623	245107
624	245164
625	245240
626	245245
627	245671
628	246225
629	246266
630	246645
631	246835
632	247066
633	247612
634	247646
635	248249
636	248828
637	249053
638	249067
639	250748
640	250763
641	250881
642	250953
643	251163
644	251876
645	252213
646	252681
647	254000
648	254041
649	254049
650	254056
651	254070
652	254484
653	254906
654	255871
655	256460
656	257062
657	257415
658	257465
659	257496
660	257575
661	258241
662	258587
663	258700
664	259329
665	259705
666	259793
667	259840
668	259964
669	260572
670	260600
671	261189
672	261696
673	262104
674	262221
675	262306
676	262393
677	262416
678	262812
679	263159
680	263380
681	263767
682	264301
683	264421
684	264636
685	266167
686	266591
687	267485
688	267631
689	269742
690	270129
691	271007
692	271485
693	271640
694	271789
695	272091
696	272595
697	273061
698	273302
699	273306
700	274032
701	274161
702	275122
703	275393
704	275486
705	275497
706	276164
707	277448
708	278701
709	278845
710	279259
711	279260
712	279624
713	281658
714	282356
715	282460
716	284928
717	285785
718	286665
719	287018
720	287291
721	287725
722	287929
723	288402
724	289411
725	289903
726	290049
727	290846
728	290994
729	291477
730	291529
731	291539
732	292361
733	293080
734	293398
735	294410
736	294430
737	294631
738	294754
739	294858
740	296190
741	296996
742	297052
743	297068
744	297126
745	297377
746	297461
747	297957
748	298011
749	298164
750	298302
751	298944
752	299200
753	299229
754	299353
755	299371
756	300081
757	300229
758	300700
759	300963
760	301410
761	301796
762	302047
763	302632
764	303318
765	303423
766	304306
767	306406
768	307352
769	307677
770	307994
771	308367
772	308458
773	308626
774	308850
775	312562
776	313275
777	313796
778	313882
779	314121
780	314194
781	314355
782	314356
783	315002
784	315105
785	315930
786	316809
787	317768
788	319004
789	319216
790	319444
791	319937
792	320108
793	320238
794	321056
795	322049
796	322177
797	322317
798	323432
799	323974
800	324331
801	324690
802	324702
803	324785
804	324790
805	324857
806	324984
807	325393
808	325454
809	325589
810	325965
811	325970
812	325998
813	326338
814	326568
815	327457
816	327462
817	327629
818	328314
819	328324
820	328679
821	330116
822	330707
823	330757
824	331667
825	331841
826	332509
827	332736
828	333791
829	334256
830	334275
831	335130
832	335425
833	336126
834	337123
835	337668
836	337747
837	338083
838	338671
839	338943
840	339192
841	339994
842	340045
843	340198
844	340270
845	340358
846	341326
847	341423
848	341546
849	343217
850	343685
851	344106
852	344264
853	345023
854	345262
855	345276
856	345373
857	345631
858	346004
859	347032
860	347082
861	347088
862	347201
863	348384
864	348898
865	349004
866	349279
867	349463
868	351003
869	351024
870	351090
871	351221
872	351447
873	352098
874	352197
875	352219
876	352884
877	352984
878	353124
879	353331
880	354142
881	354843
882	355785
883	356317
884	357269
885	357472
886	358519
887	358559
888	358780
889	358807
890	358929
891	359054
892	359248
893	359351
894	359659
895	359744
896	360044
897	360524
898	360724
899	361105
900	361342
901	361393
902	361396
903	361955
904	363477
905	363741
906	363864
907	364248
908	364440
909	364736
910	365198
911	366369
912	366437
913	367017
914	367567
915	368451
916	368722
917	369243
918	369879
919	370158
920	370979
921	371035
922	371307
923	371855
924	371978
925	372042
926	372191
927	372211
928	372690
929	372849
930	373818
931	373830
932	373915
933	374304
934	374518
935	375080
936	375653
937	375747
938	376528
939	376804
940	377685
941	377753
942	377883
943	378092
944	378236
945	378428
946	378479
947	379024
948	379097
949	380620
950	380657
951	380731
952	381350
953	384723
954	385079
955	385711
956	386634
957	386857
958	386892
959	387278
960	387798
961	387995
962	388146
963	388235
964	388492
965	389440
966	389696
967	390630
968	390715
969	391475
970	391518
971	391538
972	391594
973	391602
974	391891
975	392844
976	392990
977	393417
978	393866
979	393970
980	394310
981	395350
982	396207
983	396992
984	397498
985	397613
986	397743
987	397744
988	398070
989	398168
990	398787
991	399042
992	399124
993	399505
994	399515
995	399556
996	399769
997	400735
998	402875
999	403076
1000	403168
1001	403716
1002	404764
1003	406641
1004	406811
1005	406823
1006	406961
1007	407071
1008	407097
1009	407463
1010	407621
1011	408073
1012	408379
1013	408525
1014	408619
1015	409261
1016	409357
1017	410344
1018	410992
1019	411101
1020	411248
1021	412112
1022	412958
1023	414434
1024	414956
1025	415075
1026	415084
1027	415365
1028	415565
1029	416242
1030	416526
1031	417666
1032	418083
1033	418138
1034	418553
1035	418690
1036	419117
1037	419297
1038	419771
1039	419871
1040	420182
1041	420546
1042	421118
1043	422048
1044	423151
1045	423515
1046	423516
1047	424025
1048	424081
1049	424515
1050	425652
1051	426138
1052	426278
1053	426439
1054	427650
1055	427814
1056	428293
1057	428370
1058	428383
1059	428681
1060	429269
1061	430020
1062	430026
1063	430033
1064	430055
1065	430279
1066	430281
1067	430720
1068	430782
1069	432609
1070	432998
1071	433535
1072	433694
1073	433972
1074	434078
1075	434252
1076	434973
1077	435445
1078	435676
1079	436214
1080	436680
1081	436689
1082	436900
1083	437750
1084	438905
1085	439379
1086	439428
1087	439483
1088	440089
1089	440416
1090	441170
1091	441189
1092	441331
1093	441487
1094	441538
1095	441971
1096	442298
1097	442315
1098	442368
1099	442520
1100	442662
1101	442663
1102	444007
1103	444023
1104	444093
1105	444184
1106	444187
1107	444196
1108	444199
1109	444208
1110	444316
1111	444323
1112	444476
1113	444577
1114	445629
1115	446113
1116	446427
1117	446575
1118	446664
1119	446673
1120	446706
1121	446775
1122	446778
1123	446791
1124	447001
1125	447066
1126	447394
1127	447408
1128	447542
1129	447548
1130	447551
1131	448052
1132	448172
1133	448855
1134	449024
1135	449039
1136	449077
1137	449361
1138	449610
1139	449717
1140	449973
1141	450151
1142	451363
1143	451368
1144	451724
1145	451739
1146	453345
1147	453769
1148	453803
1149	454124
1150	454346
1151	455602
1152	455939
1153	456109
1154	456156
1155	456733
1156	456830
1157	456905
1158	456927
1159	457016
1160	457404
1161	458010
1162	458141
1163	458630
1164	459080
1165	459808
1166	460044
1167	460186
1168	460266
1169	460320
1170	460401
1171	460735
1172	460756
1173	461567
1174	461629
1175	461967
1176	464165
1177	464400
1178	464691
1179	464753
1180	465102
1181	465476
1182	465783
1183	466389
1184	466816
1185	467257
1186	467457
1187	467498
1188	467506
1189	467604
1190	468347
1191	468369
1192	468949
1193	469190
1194	469288
1195	469734
1196	469792
1197	469949
1198	470108
1199	470389
1200	470916
1201	470989
1202	471456
1203	471621
1204	471637
1205	471807
1206	472469
1207	473318
1208	473683
1209	473875
1210	474396
1211	474411
1212	474546
1213	474857
1214	475161
1215	475175
1216	475922
1217	476983
1218	477131
1219	477242
1220	478037
1221	478298
1222	480652
1223	480745
1224	481469
1225	481829
1226	482428
1227	484003
1228	484822
1229	485004
1230	485053
1231	485318
1232	485359
1233	485617
1234	485672
1235	486088
1236	486597
1237	488976
1238	489242
1239	489248
1240	490303
1241	492097
1242	492385
1243	492751
1244	492762
1245	493441
1246	493580
1247	493590
1248	493643
1249	493663
1250	493858
1251	494203
1252	496599
1253	496950
1254	497033
1255	497067
1256	497285
1257	497292
1258	497356
1259	497397
1260	497500
1261	497609
1262	502848
1263	502984
1264	503083
1265	503138
1266	503602
1267	503637
1268	503662
1269	503754
1270	505713
1271	506267
1272	506816
1273	507767
1274	507932
1275	508728
1276	509684
1277	509819
1278	509917
1279	510167
1280	510517
1281	510991
1282	511149
1283	511194
1284	512473
1285	512590
1286	513028
1287	514654
1288	514721
1289	514749
1290	514801
1291	515000
1292	515276
1293	515734
1294	515769
1295	516050
1296	516861
1297	517758
1298	518021
1299	518097
1300	518451
1301	518463
1302	518636
1303	521113
1304	522786
1305	523470
1306	524927
1307	524987
1308	525288
1309	525521
1310	525995
1311	526164
1312	526298
1313	526322
1314	526338
1315	526953
1316	527013
1317	527631
1318	528143
1319	528163
1320	528406
1321	529572
1322	529656
1323	529804
1324	531295
1325	531426
1326	531795
1327	533689
1328	533859
1329	534430
1330	534481
1331	534527
1332	534701
1333	535807
1334	536240
1335	538463
1336	539111
1337	539196
1338	539342
1339	539625
1340	539715
1341	540360
1342	540363
1343	540628
1344	540675
1345	540703
1346	540707
1347	540743
1348	540758
1349	540812
1350	540865
1351	541005
1352	541486
1353	541488
1354	541511
1355	543316
1356	545098
1357	546763
1358	548599
1359	552036
1360	552162
1361	552209
1362	552484
1363	553115
1364	553220
1365	553273
1366	553350
1367	553487
1368	553947
1369	554049
1370	554202
1371	554223
1372	554646
1373	555523
1374	555548
1375	555841
1376	555861
1377	556573
1378	558050
1379	558624
1380	558955
1381	558988
1382	559464
1383	560542
1384	561215
1385	561497
1386	561511
1387	561678
1388	561867
1389	562394
1390	562562
1391	563049
1392	563195
1393	563366
1394	563843
1395	564152
1396	564754
1397	564788
1398	564843
1399	565359
1400	565992
1401	566470
1402	567551
1403	568442
1404	568446
1405	568705
1406	568981
1407	569428
1408	569899
1409	570519
1410	570650
1411	570674
1412	570745
1413	570917
1414	571797
1415	571998
1416	572303
1417	572404
1418	572698
1419	573037
1420	573139
1421	573422
1422	574817
1423	574920
1424	575071
1425	575126
1426	575173
1427	575174
1428	575779
1429	576141
1430	576291
1431	577851
1432	577854
1433	579854
1434	579865
1435	581077
1436	581323
1437	581767
1438	582251
1439	583348
1440	583598
1441	583737
1442	584042
1443	584067
1444	585010
1445	585211
1446	585298
1447	585392
1448	585560
1449	586110
1450	586413
1451	586996
1452	587797
1453	588068
1454	589449
1455	589745
1456	589935
1457	590247
1458	590774
1459	591901
1460	591915
1461	593981
1462	594455
1463	595073
1464	595249
1465	595501
1466	595522
1467	596043
1468	596415
1469	596706
1470	596811
1471	596814
1472	596924
1473	597779
1474	597857
1475	598130
1476	598533
1477	599158
1478	599320
1479	599334
1480	600307
1481	600407
1482	601486
1483	601487
1484	601513
1485	601525
1486	601664
1487	601710
1488	601754
1489	601759
1490	601771
1491	601817
1492	601889
1493	603995
1494	604124
1495	604136
1496	604142
1497	604148
1498	604154
1499	604238
1500	604262
1501	604289
1502	604292
1503	604433
1504	604804
1505	604808
1506	604986
1507	605028
1508	605040
1509	605055
1510	605275
1511	606109
1512	606881
1513	607264
1514	607539
1515	607612
1516	608060
1517	608541
1518	608547
1519	608553
1520	608559
1521	608565
1522	608571
1523	608577
1524	608664
1525	608667
1526	608676
1527	608679
1528	608685
1529	608778
1530	608802
1531	608805
1532	609063
1533	609072
1534	609081
1535	609093
1536	609099
1537	609303
1538	609486
1539	609504
1540	609505
1541	609522
1542	609523
1543	609569
1544	609592
1545	609606
1546	609634
1547	609659
1548	610148
1549	610327
1550	610333
1551	610422
1552	612090
1553	612100
1554	612111
1555	612426
1556	612429
1557	612449
1558	612545
1559	612573
1560	612609
1561	612612
1562	612666
1563	612672
1564	612678
1565	612708
1566	612744
1567	612747
1568	612786
1569	612801
1570	612816
1571	612822
1572	612869
1573	612876
1574	612888
1575	612897
1576	612984
1577	613008
1578	613011
1579	613014
1580	613255
1581	613296
1582	613726
1583	613828
1584	613890
1585	614037
1586	614474
1587	615851
1588	616224
1589	617170
1590	618039
1591	618370
1592	619202
1593	620293
1594	620644
1595	620919
1596	620983
1597	621003
1598	621534
1599	621791
1600	621857
1601	621969
1602	622274
1603	623197
1604	623231
1605	623807
1606	624455
1607	624591
1608	625012
1609	625094
1610	625331
1611	625773
1612	625929
1613	625949
1614	625993
1615	626019
1616	626020
1617	626126
1618	626167
1619	626615
1620	626845
1621	626861
1622	627140
1623	627365
1624	627850
1625	629006
1626	629569
1627	630137
1628	630305
1629	630957
1630	631861
1631	632298
1632	633158
1633	633162
1634	633756
1635	633855
1636	633880
1637	635786
1638	635938
1639	636798
1640	637159
1641	637898
1642	638081
1643	638167
1644	638250
1645	638281
1646	638737
1647	638845
1648	640624
1649	641120
1650	641576
1651	642311
1652	642333
1653	642524
1654	642556
1655	642829
1656	643724
1657	685504
1658	685843
1659	686067
1660	686197
1661	686581
1662	686861
1663	687168
1664	687215
1665	687519
1666	687889
1667	688262
1668	688302
1669	688452
1670	688645
1671	688683
1672	688847
1673	688884
1674	689274
1675	689296
1676	689853
1677	690194
1678	690372
1679	690844
1680	691023
1681	691455
1682	692112
1683	692334
1684	693279
1685	693812
1686	693986
1687	693992
1688	694147
1689	694201
1690	694358
1691	694478
1692	694490
1693	694739
1694	695443
1695	695484
1696	695696
1697	695715
1698	696113
1699	697053
1700	697585
1701	698132
1702	698612
1703	699209
1704	699277
1705	702537
1706	702701
1707	703251
1708	703976
1709	704526
1710	705263
1711	705594
1712	706715
1713	707233
1714	707773
1715	707819
1716	708140
1717	709373
1718	710321
1719	710322
1720	710588
1721	710777
1722	712097
1723	712198
1724	714796
1725	715126
1726	715515
1727	715537
1728	715768
1729	718811
1730	719361
1731	719904
1732	720473
1733	720780
1734	721460
1735	721902
1736	722374
1737	722410
1738	722420
1739	722432
1740	722919
1741	723316
1742	724694
1743	724862
1744	724999
1745	725822
1746	726050
1747	727495
1748	727761
1749	728380
1750	729125
1751	729389
1752	730155
1753	730257
1754	730331
1755	730358
1756	730383
1757	730784
1758	731241
1759	731378
1760	731779
1761	732347
1762	732895
1763	733108
1764	733162
1765	733217
1766	733261
1767	733345
1768	733717
1769	734074
1770	735101
1771	737379
1772	737979
1773	739270
1774	739425
1775	739584
1776	739839
1777	740119
1778	740434
1779	740471
1780	741282
1781	742006
1782	742112
1783	742269
1784	742399
1785	743126
1786	743462
1787	743490
1788	743661
1789	743780
1790	744211
1791	744232
1792	744804
1793	745003
1794	745228
1795	745313
1796	745408
1797	745826
1798	746007
1799	746162
1800	746165
1801	747442
1802	747509
1803	749119
1804	749877
1805	749891
1806	750300
1807	750545
1808	752306
1809	752769
1810	753079
1811	754878
1812	755070
1813	755983
1814	756066
1815	757013
1816	757048
1817	757347
1818	757504
1819	757810
1820	758024
1821	758279
1822	758337
1823	758390
1824	759848
1825	759863
1826	759899
1827	759990
1828	760058
1829	761388
1830	762019
1831	762115
1832	763083
1833	763348
1834	763958
1835	764548
1836	764630
1837	765050
1838	765534
1839	765593
1840	765693
1841	766215
1842	766216
1843	766223
1844	766274
1845	766343
1846	766349
1847	766378
1848	766412
1849	766447
1850	766451
1851	766516
1852	766520
1853	766548
1854	766569
1855	766576
1856	767040
1857	767431
1858	769053
1859	769466
1860	769669
1861	769880
1862	770768
1863	771385
1864	771616
1865	771870
1866	774475
1867	775563
1868	776230
1869	776417
1870	777093
1871	778785
1872	778902
1873	779003
1874	779985
1875	780037
1876	780040
1877	780303
1878	780391
1879	780605
1880	781806
1881	782701
1882	783007
1883	783153
1884	783518
1885	784201
1886	784617
1887	784833
1888	784878
1889	785100
1890	785188
1891	785725
1892	786319
1893	787336
1894	787453
1895	787519
1896	787675
1897	788004
1898	788212
1899	788289
1900	788411
1901	788701
1902	788792
1903	789877
1904	790647
1905	791338
1906	792006
1907	792064
1908	792386
1909	792865
1910	793331
1911	793377
1912	794478
1913	795731
1914	796264
1915	796777
1916	796880
1917	797075
1918	797141
1919	797384
1920	797430
1921	797815
1922	799250
1923	801496
1924	801576
1925	804163
1926	804851
1927	805120
1928	805169
1929	805178
1930	805829
1931	806845
1932	807076
1933	807127
1934	807895
1935	808595
1936	808751
1937	808811
1938	809419
1939	810580
1940	811089
1941	811931
1942	813291
1943	813371
1944	813592
1945	814994
1946	815298
1947	815333
1948	815405
1949	815578
1950	815708
1951	815790
1952	816821
1953	817086
1954	817857
1955	817985
1956	818097
1957	818291
1958	818342
1959	818536
1960	819002
1961	819612
1962	819930
1963	820178
1964	820237
1965	820716
1966	821331
1967	821438
1968	822715
1969	823598
1970	824050
1971	824324
1972	824421
1973	824604
1974	825031
1975	825205
1976	825631
1977	825642
1978	825792
1979	826453
1980	826467
1981	826881
1982	827124
1983	829023
1984	830195
1985	830630
1986	831783
1987	831941
1988	832142
1989	832293
1990	832492
1991	833919
1992	834548
1993	834882
1994	834949
1995	835245
1996	836088
1997	836317
1998	837236
1999	837568
2000	837744
2001	837773
2002	838378
2003	838419
2004	838985
2005	839430
2006	839634
2007	839715
2008	840667
2009	841701
2010	845868
2011	845989
2012	846886
2013	847558
2014	848044
2015	848477
2016	848869
2017	848981
2018	849634
2019	850182
2020	850442
2021	850791
2022	851558
2023	851579
2024	852411
2025	852412
2026	852424
2027	853167
2028	854837
2029	855263
2030	856027
2031	856719
2032	857425
2033	857426
2034	857488
2035	857794
2036	858001
2037	859809
2038	860046
2039	860110
2040	860235
2041	861282
2042	861948
2043	862160
2044	862236
2045	862714
2046	862829
2047	863515
2048	864289
2049	864701
2050	865327
2051	865495
2052	865546
2053	865567
2054	865618
2055	865717
2056	866336
2057	866648
2058	867038
2059	867391
2060	867676
2061	868464
2062	868566
2063	868720
2064	869445
2065	869718
2066	872502
2067	872769
2068	872772
2069	872810
2070	872851
2071	873026
2072	873177
2073	873200
2074	873348
2075	873390
2076	873490
2077	874284
2078	875031
2079	875568
2080	875831
2081	876234
2082	876554
2083	876728
2084	877436
2085	878187
2086	878239
2087	878884
2088	879153
2089	879154
2090	879643
2091	879996
2092	880633
2093	881124
2094	881251
2095	881747
2096	881997
2097	883025
2098	884160
2099	884543
2100	884793
2101	885093
2102	885231
2103	885252
2104	885267
2105	885712
2106	886930
2107	887985
2108	888111
2109	888417
2110	888508
2111	888830
2112	888899
2113	889722
2114	890100
2115	891599
2116	892295
2117	892358
2118	892468
2119	893321
2120	893561
2121	893635
2122	893639
2123	893661
2124	893705
2125	893706
2126	893943
2127	894014
2128	894868
2129	894982
2130	895306
2131	895437
2132	895440
2133	895706
2134	895887
2135	896068
2136	896231
2137	896240
2138	896583
2139	896643
2140	896938
2141	897312
2142	898415
2143	898440
2144	898506
2145	898809
2146	899300
2147	899340
2148	900479
2149	900784
2150	900858
2151	900861
2152	904251
2153	904545
2154	905743
2155	905922
2156	906223
2157	906690
2158	906870
2159	907056
2160	907522
2161	907542
2162	907739
2163	908327
2164	908721
2165	908864
2166	908919
2167	908990
2168	909160
2169	909762
2170	910485
2171	910491
2172	910515
2173	910541
2174	910572
2175	910653
2176	910656
2177	910677
2178	910680
2179	910692
2180	910695
2181	910704
2182	910866
2183	910872
2184	910875
2185	910914
2186	910923
2187	911028
2188	911046
2189	911064
2190	911094
2191	911193
2192	911199
2193	911205
2194	911219
2195	911238
2196	911241
2197	911413
2198	911828
2199	913803
2200	914120
2201	915772
2202	916128
2203	916140
2204	916728
2205	916736
2206	917539
2207	917567
2208	917599
2209	918406
2210	918468
2211	918737
2212	919155
2213	919188
2214	919593
2215	919899
2216	919905
2217	921279
2218	922662
2219	923064
2220	923630
2221	923773
2222	924917
2223	924960
2224	925262
2225	925407
2226	926049
2227	926174
2228	926542
2229	926636
2230	926704
2231	926848
2232	927449
2233	927529
2234	927885
2235	928011
2236	929281
2237	930745
2238	930790
2239	931598
2240	932306
2241	932904
2242	933424
2243	934473
2244	934492
2245	934587
2246	935008
2247	935276
2248	935304
2249	935408
2250	935613
2251	936090
2252	936105
2253	936379
2254	936814
2255	936865
2256	937081
2257	937565
2258	937787
2259	937799
2260	937904
2261	939067
2262	939720
2263	939726
2264	939908
2265	939965
2266	940041
2267	940053
2268	940281
2269	940776
2270	940916
2271	941034
2272	941923
2273	942151
2274	942220
2275	942856
2276	943314
2277	943564
2278	943716
2279	944227
2280	944640
2281	944814
2282	945091
2283	945311
2284	947165
2285	947200
2286	947223
2287	948275
2288	948329
2289	948466
2290	948751
2291	949753
2292	950047
2293	950470
2294	950927
2295	950992
2296	952123
2297	952375
2298	952682
2299	954427
2300	954433
2301	955169
2302	955403
2303	957756
2304	957837
2305	958113
2306	958251
2307	958703
2308	959496
2309	959913
2310	960268
2311	960511
2312	960874
2313	960887
2314	960899
2315	961263
2316	961329
2317	961393
2318	961491
2319	962138
2320	962677
2321	962806
2322	963855
2323	963880
2324	965850
2325	966066
2326	966443
2327	966464
2328	967016
2329	967736
2330	967990
2331	969024
2332	969402
2333	970110
2334	970153
2335	970553
2336	970951
2337	971048
2338	971190
2339	971449
2340	971642
2341	972402
2342	973466
2343	974938
2344	975679
2345	976294
2346	976314
2347	976326
2348	976341
2349	976350
2350	976370
2351	976394
2352	976443
2353	976481
2354	977451
2355	978191
2356	978432
2357	978825
2358	979580
2359	980022
2360	980234
2361	980259
2362	980386
2363	981797
2364	981904
2365	983945
2366	984535
2367	984805
2368	985993
2369	986387
2370	987837
2371	987924
2372	988313
2373	989065
2374	989617
2375	990038
2376	990140
2377	990917
2378	992815
2379	993115
2380	993217
2381	993504
2382	993839
2383	993865
2384	994017
2385	994345
2386	994646
2387	995051
2388	995149
2389	995644
2390	996149
2391	996212
2392	996253
2393	996328
2394	997236
2395	997430
2396	997786
2397	998353
2398	998431
2399	998501
2400	998604
2401	1000109
2402	1000484
2403	1000500
2404	1000705
2405	1002097
2406	1002354
2407	1002376
2408	1002630
2409	1002706
2410	1002909
2411	1002915
2412	1003221
2413	1003241
2414	1003696
2415	1004136
2416	1004395
2417	1004677
2418	1004925
2419	1005744
2420	1005951
2421	1006822
2422	1006823
2423	1006913
2424	1008039
2425	1009611
2426	1009738
2427	1009798
2428	1010650
2429	1010824
2430	1010970
2431	1011590
2432	1012221
2433	1013615
2434	1014634
2435	1015531
2436	1015983
2437	1016930
2438	1017181
2439	1018367
2440	1018414
2441	1019401
2442	1020221
2443	1020248
2444	1020339
2445	1020583
2446	1021397
2447	1021820
2448	1022467
2449	1024022
2450	1024347
2451	1025623
2452	1025627
2453	1025807
2454	1026158
2455	1026347
2456	1027446
2457	1029927
2458	1030180
2459	1030359
2460	1031852
2461	1032020
2462	1032694
2463	1033696
2464	1034278
2465	1035296
2466	1035595
2467	1036618
2468	1038166
2469	1038187
2470	1038193
2471	1038335
2472	1038407
2473	1038593
2474	1038793
2475	1039078
2476	1040505
2477	1040795
2478	1041812
2479	1041813
2480	1043382
2481	1044588
2482	1045741
2483	1046865
2484	1047452
2485	1048014
2486	1048095
2487	1048529
2488	1049012
2489	1049994
2490	1053052
2491	1053111
2492	1053236
2493	1053893
2494	1054238
2495	1054639
2496	1054658
2497	1055295
2498	1055392
2499	1055420
2500	1055451
2501	1055500
2502	1055748
2503	1055925
2504	1056636
2505	1056643
2506	1057153
2507	1057751
2508	1057859
2509	1058047
2510	1058786
2511	1059031
2512	1059104
2513	1059830
2514	1060106
2515	1060107
2516	1061695
2517	1062614
2518	1063325
2519	1063588
2520	1064329
2521	1064960
2522	1064975
2523	1065080
2524	1065630
2525	1065791
2526	1065824
2527	1066010
2528	1066862
2529	1067506
2530	1068262
2531	1070609
2532	1070876
2533	1070887
2534	1071741
2535	1072757
2536	1073347
2537	1073545
2538	1074241
2539	1074600
2540	1074623
2541	1074651
2542	1074656
2543	1074663
2544	1074667
2545	1074668
2546	1074680
2547	1074713
2548	1075599
2549	1076081
2550	1077518
2551	1077740
2552	1077840
2553	1078177
2554	1078796
2555	1079213
2556	1079717
2557	1079760
2558	1079848
2559	1079897
2560	1080077
2561	1080203
2562	1080478
2563	1081373
2564	1081608
2565	1082546
2566	1082611
2567	1082918
2568	1084263
2569	1086569
2570	1087344
2571	1087494
2572	1087512
2573	1088012
2574	1088455
2575	1090868
2576	1091034
2577	1091553
2578	1091930
2579	1092331
2580	1093311
2581	1093382
2582	1093384
2583	1094726
2584	1095823
2585	1096017
2586	1096043
2587	1096936
2588	1097874
2589	1098018
2590	1098109
2591	1098483
2592	1098589
2593	1099719
2594	1100008
2595	1100023
2596	1101464
2597	1101915
2598	1102156
2599	1102544
2600	1102737
2601	1102811
2602	1103087
2603	1103332
2604	1103349
2605	1103961
2606	1104242
2607	1104253
2608	1104367
2609	1104468
2610	1104567
2611	1104641
2612	1104786
2613	1106367
2614	1107198
2615	1107303
2616	1107618
2617	1108282
2618	1108292
2619	1108294
2620	1108310
2621	1108329
2622	1108387
2623	1108392
2624	1108414
2625	1108443
2626	1108446
2627	1108471
2628	1108481
2629	1108483
2630	1108494
2631	1108499
2632	1108513
2633	1109111
2634	1109907
2635	1110425
2636	1110891
2637	1111092
2638	1111264
2639	1111669
2640	1111941
2641	1112422
2642	1113152
2643	1113776
2644	1113966
2645	1114105
2646	1114571
2647	1114923
2648	1115143
2649	1115287
2650	1116456
2651	1116837
2652	1117278
2653	1117417
2654	1117553
2655	1118350
2656	1118672
2657	1119034
2658	1119494
2659	1120009
2660	1120975
2661	1121571
2662	1122355
2663	1122377
2664	1122777
2665	1123121
2666	1123393
2667	1123619
2668	1123627
2669	1124354
2670	1124373
2671	1124604
2672	1125177
2673	1125288
2674	1125600
2675	1125639
2676	1126100
2677	1126483
2678	1126587
2679	1126636
2680	1126646
2681	1127899
2682	1128187
2683	1128381
2684	1128561
2685	1130623
2686	1130938
2687	1132156
2688	1132220
2689	1132225
2690	1132329
2691	1132451
2692	1132861
2693	1133082
2694	1133234
2695	1133299
2696	1134022
2697	1135737
2698	1135755
2699	1136075
2700	1136183
2701	1136827
2702	1136893
2703	1137305
2704	1137495
2705	1138971
2706	1139217
2707	1140021
2708	1140187
2709	1141813
2710	1142421
2711	1142467
2712	1142564
2713	1142816
2714	1142930
2715	1143148
2716	1143269
2717	1143452
2718	1143530
2719	1144802
2720	1146987
2721	1147354
2722	1149290
2723	1149836
2724	1150837
2725	1150898
2726	1150984
2727	1152198
2728	1154446
2729	1154917
2730	1155180
2731	1156293
2732	1157566
2733	1157740
2734	1157979
2735	1158097
2736	1158409
2737	1158411
2738	1158494
2739	1158565
2740	1159298
2741	1159687
2742	1159718
2743	1160146
2744	1160297
2745	1161081
2746	1161688
2747	1161842
2748	1161969
2749	1162422
2750	1164451
2751	1164594
2752	1164911
2753	1165238
2754	1165261
2755	1165374
2756	1166252
2757	1166323
2758	1166396
2759	1166422
2760	1166819
2761	1167067
2762	1167206
2763	1167367
2764	1168319
2765	1168471
2766	1169464
2767	1169481
2768	1169655
2769	1169665
2770	1169760
2771	1169765
2772	1169899
2773	1169929
2774	1169957
2775	1169958
2776	1169977
2777	1170032
2778	1170684
2779	1171417
2780	1172295
2781	1172694
2782	1172759
2783	1173445
2784	1174839
2785	1175757
2786	1176505
2787	1177225
2788	1177755
2789	1177806
2790	1177808
2791	1178889
2792	1178962
2793	1179977
2794	1180959
2795	1181455
2796	1182398
2797	1182603
2798	1182890
2799	1184198
2800	1184880
2801	1185018
2802	1185213
2803	1185503
2804	1185505
2805	1185606
2806	1185785
2807	1186131
2808	1186430
2809	1186470
2810	1186510
2811	1186540
2812	1186654
2813	1186990
2814	1187513
2815	1187516
2816	1187558
2817	1187622
2818	1187643
2819	1188908
2820	1188977
2821	1189069
2822	1189078
2823	1189091
2824	1189485
2825	1190156
2826	1190661
2827	1190848
2828	1191007
2829	1191053
2830	1191268
2831	1192060
2832	1192119
2833	1192179
2834	1194991
2835	1195556
2836	1195557
2837	1196332
2838	1196972
2839	1196983
2840	1197371
2841	1197689
2842	1197781
2843	1197862
2844	1199739
2845	1200526
2846	1201313
2847	1202022
2848	1202997
2849	1203408
2850	1204266
2851	1206236
2852	1207139
2853	1207482
2854	1207564
2855	1207658
2856	1207960
2857	1208226
2858	1208274
2859	1209397
2860	1209424
2861	1210577
2862	1210599
2863	1210711
2864	1211040
2865	1211143
2866	1212570
2867	1213629
2868	1213752
2869	1213817
2870	1214722
2871	1215369
2872	1215829
2873	1215836
2874	1216291
2875	1216736
2876	1217268
2877	1217648
2878	1217687
2879	1219541
2880	1220146
2881	1220253
2882	1220907
2883	1221188
2884	1221270
2885	1222212
2886	1223361
2887	1223542
2888	1224426
2889	1224915
2890	1225410
2891	1225731
2892	1225848
2893	1226098
2894	1227074
2895	1230242
2896	1231188
2897	1231677
2898	1232734
2899	1232761
2900	1233305
2901	1234367
2902	1234466
2903	1235988
2904	1236070
2905	1236388
2906	1237358
2907	1238773
2908	1239980
2909	1240352
2910	1240442
2911	1242702
2912	1244111
2913	1244439
2914	1244513
2915	1244736
2916	1245956
2917	1246064
2918	1247096
2919	1247254
2920	1248097
2921	1248103
2922	1248146
2923	1248234
2924	1249273
2925	1249291
2926	1249532
2927	1249578
2928	1249713
2929	1250004
2930	1250058
2931	1252435
2932	1252811
2933	1253476
2934	1253883
2935	1254539
2936	1255362
2937	1255458
2938	1255537
2939	1255600
2940	1255630
2941	1255714
2942	1255729
2943	1255902
2944	1256168
2945	1256497
2946	1256567
2947	1256611
2948	1257984
2949	1258018
2950	1258281
2951	1258649
2952	1258753
2953	1258844
2954	1259322
2955	1260439
2956	1260999
2957	1262873
2958	1263031
2959	1263315
2960	1264353
2961	1265431
2962	1265661
2963	1265875
2964	1266151
2965	1266164
2966	1266473
2967	1267815
2968	1267820
2969	1267831
2970	1267879
2971	1267884
2972	1268054
2973	1268520
2974	1269539
2975	1270207
2976	1270213
2977	1270736
2978	1271244
2979	1272919
2980	1272930
2981	1273944
2982	1274803
2983	1275957
2984	1276029
2985	1276189
2986	1278332
2987	1278345
2988	1278423
2989	1278693
2990	1278750
2991	1278772
2992	1278780
2993	1279283
2994	1280397
2995	1280494
2996	1281093
2997	1281831
2998	1282621
2999	1283437
3000	1283569
3001	1283620
3002	1283813
3003	1284190
3004	1284203
3005	1284683
3006	1284912
3007	1285352
3008	1285439
3009	1285606
3010	1285936
3011	1285940
3012	1285964
3013	1286166
3014	1286868
3015	1287182
3016	1287384
3017	1288228
3018	1289498
3019	1289523
3020	1289986
3021	1290254
3022	1290366
3023	1290786
3024	1290943
3025	1291543
3026	1292211
3027	1292417
3028	1293424
3029	1293526
3030	1293659
3031	1295046
3032	1295274
3033	1295612
3034	1296352
3035	1297245
3036	1297391
3037	1297419
3038	1297494
3039	1297895
3040	1297926
3041	1298005
3042	1298286
3043	1298320
3044	1299198
3045	1299199
3046	1299219
3047	1300494
3048	1300566
3049	1300906
3050	1301067
3051	1301225
3052	1301228
3053	1302876
3054	1304560
3055	1304722
3056	1304868
3057	1305284
3058	1305679
3059	1306082
3060	1306163
3061	1307495
3062	1308547
3063	1308698
3064	1308882
3065	1309830
3066	1311360
3067	1311586
3068	1311626
3069	1311729
3070	1312113
3071	1313326
3072	1314149
3073	1315476
3074	1317701
3075	1318135
3076	1318435
3077	1320220
3078	1320493
3079	1321417
3080	1321717
3081	1321893
3082	1322793
3083	1323233
3084	1323439
3085	1324196
3086	1324355
3087	1326324
3088	1326730
3089	1326864
3090	1327005
3091	1327404
3092	1328172
3093	1329609
3094	1330941
3095	1331185
3096	1331265
3097	1332075
3098	1332810
3099	1335539
3100	1335940
3101	1336088
3102	1336656
3103	1339137
3104	1339699
3105	1339961
3106	1340026
3107	1340376
3108	1340455
3109	1341076
3110	1341079
3111	1341630
3112	1341699
3113	1341771
3114	1342259
3115	1343230
3116	1344689
3117	1345482
3118	1346118
3119	1346642
3120	1347181
3121	1347433
3122	1348542
3123	1348724
3124	1348907
3125	1348913
3126	1350732
3127	1351320
3128	1351559
3129	1351561
3130	1351588
3131	1351882
3132	1352843
3133	1352920
3134	1353240
3135	1354836
3136	1355027
3137	1355048
3138	1355059
3139	1356290
3140	1357302
3141	1357434
3142	1357678
3143	1357920
3144	1357944
3145	1358799
3146	1359426
3147	1359428
3148	1359529
3149	1360328
3150	1360343
3151	1360448
3152	1361253
3153	1361570
3154	1361602
3155	1361657
3156	1361665
3157	1361699
3158	1362710
3159	1363155
3160	1363170
3161	1363622
3162	1363966
3163	1364376
3164	1364487
3165	1364728
3166	1365122
3167	1365391
3168	1365889
3169	1365894
3170	1366022
3171	1366098
3172	1367474
3173	1367622
3174	1367626
3175	1367627
3176	1367741
3177	1367854
3178	1368705
3179	1368783
3180	1369071
3181	1369123
3182	1369993
3183	1370032
3184	1370342
3185	1370380
3186	1370821
3187	1371094
3188	1371941
3189	1372405
3190	1372640
3191	1372673
3192	1372751
3193	1372826
3194	1374046
3195	1374062
3196	1374726
3197	1375487
3198	1376771
3199	1377204
3200	1377314
3201	1377439
3202	1377551
3203	1377587
3204	1377611
3205	1379099
3206	1379799
3207	1379848
3208	1380793
3209	1380967
3210	1381344
3211	1381461
3212	1381462
3213	1382178
3214	1382252
3215	1383428
3216	1383562
3217	1383983
3218	1384018
3219	1384409
3220	1384457
3221	1384581
3222	1384677
3223	1385398
3224	1385457
3225	1385513
3226	1386140
3227	1386283
3228	1386296
3229	1386620
3230	1386990
3231	1387450
3232	1387744
3233	1388161
3234	1388423
3235	1388529
3236	1388555
3237	1390155
3238	1390262
3239	1392182
3240	1392239
3241	1392337
3242	1392445
3243	1392504
3244	1392516
3245	1392865
3246	1394079
3247	1394082
3248	1394802
3249	1394821
3250	1395524
3251	1395557
3252	1396032
3253	1396131
3254	1396239
3255	1397011
3256	1397159
3257	1397279
3258	1397611
3259	1398515
3260	1398690
3261	1398764
3262	1398824
3263	1398862
3264	1399917
3265	1400177
3266	1400242
3267	1400662
3268	1400871
3269	1401001
3270	1402036
3271	1402164
3272	1402326
3273	1403102
3274	1403113
3275	1404006
3276	1404295
3277	1404450
3278	1404655
3279	1405366
3280	1407002
3281	1407122
3282	1407335
3283	1407376
3284	1407425
3285	1408448
3286	1409172
3287	1409374
3288	1410853
3289	1411741
3290	1412408
3291	1414244
3292	1415097
3293	1417836
3294	1418327
3295	1418442
3296	1418562
3297	1420879
3298	1421087
3299	1422449
3300	1422609
3301	1422619
3302	1422624
3303	1422629
3304	1422637
3305	1422756
3306	1424225
3307	1425620
3308	1426399
3309	1426756
3310	1427023
3311	1428806
3312	1429437
3313	1429561
3314	1429916
3315	1430004
3316	1430973
3317	1431416
3318	1431591
3319	1431873
3320	1432019
3321	1432425
3322	1432894
3323	1432992
3324	1433071
3325	1434421
3326	1435579
3327	1436140
3328	1436576
3329	1436631
3330	1436679
3331	1436884
3332	1437361
3333	1437483
3334	1437616
3335	1438798
3336	1439439
3337	1440029
3338	1440304
3339	1440567
3340	1440740
3341	1441160
3342	1441206
3343	1441552
3344	1442261
3345	1442362
3346	1442419
3347	1442631
3348	1442697
3349	1442871
3350	1443054
3351	1443715
3352	1443747
3353	1444060
3354	1444385
3355	1444678
3356	1444835
3357	1445354
3358	1446077
3359	1446159
3360	1446515
3361	1446539
3362	1447026
3363	1447125
3364	1447670
3365	1447854
3366	1448152
3367	1448474
3368	1448493
3369	1449224
3370	1450438
3371	1451101
3372	1451516
3373	1451547
3374	1452587
3375	1452956
3376	1453922
3377	1454274
3378	1455339
3379	1455959
3380	1456755
3381	1457758
3382	1458178
3383	1458298
3384	1458331
3385	1458341
3386	1458490
3387	1458535
3388	1458591
3389	1458936
3390	1458950
3391	1459703
3392	1459848
3393	1460640
3394	1461002
3395	1461745
3396	1461752
3397	1462092
3398	1462179
3399	1463446
3400	1463455
3401	1467803
3402	1468027
3403	1468457
3404	1468689
3405	1468729
3406	1468990
3407	1469104
3408	1469119
3409	1469932
3410	1470017
3411	1470401
3412	1470934
3413	1471001
3414	1471044
3415	1471485
3416	1471536
3417	1471764
3418	1471811
3419	1472335
3420	1472437
3421	1473017
3422	1473059
3423	1473274
3424	1473508
3425	1473801
3426	1475888
3427	1476639
3428	1476726
3429	1476809
3430	1476839
3431	1477083
3432	1477157
3433	1477271
3434	1477456
3435	1477484
3436	1477499
3437	1477784
3438	1477940
3439	1478111
3440	1478251
3441	1478945
3442	1479358
3443	1479481
3444	1480123
3445	1480161
3446	1481260
3447	1481526
3448	1481983
3449	1482073
3450	1482229
3451	1482525
3452	1482889
3453	1483130
3454	1484361
3455	1484527
3456	1485008
3457	1485313
3458	1486433
3459	1487216
3460	1487720
3461	1488111
3462	1488855
3463	1489641
3464	1490714
3465	1490740
3466	1491413
3467	1491737
3468	1491888
3469	1491898
3470	1492943
3471	1493593
3472	1493778
3473	1494284
3474	1494329
3475	1494748
3476	1495158
3477	1496498
3478	1496949
3479	1497126
3480	1497215
3481	1497370
3482	1497418
3483	1497533
3484	1498020
3485	1498491
3486	1499127
3487	1499186
3488	1499408
3489	1499886
3490	1500244
3491	1500333
3492	1502385
3493	1502669
3494	1502870
3495	1503805
3496	1504053
3497	1504636
3498	1504925
3499	1505335
3500	1505431
3501	1505588
3502	1506641
3503	1507722
3504	1507974
3505	1508559
3506	1509397
3507	1509563
3508	1509724
3509	1509781
3510	1509882
3511	1510111
3512	1510119
3513	1510123
3514	1510200
3515	1510305
3516	1510414
3517	1510627
3518	1511439
3519	1512400
3520	1512910
3521	1512944
3522	1513195
3523	1513239
3524	1513317
3525	1513322
3526	1513971
3527	1514002
3528	1514383
3529	1514617
3530	1514738
3531	1515064
3532	1515391
3533	1515531
3534	1515612
3535	1516088
3536	1516094
3537	1516099
3538	1516225
3539	1516517
3540	1517138
3541	1517373
3542	1517578
3543	1517745
3544	1517881
3545	1518025
3546	1518210
3547	1518235
3548	1518535
3549	1518600
3550	1518612
3551	1518883
3552	1519997
3553	1520463
3554	1520489
3555	1522005
3556	1522047
3557	1522282
3558	1522357
3559	1522502
3560	1522736
3561	1522787
3562	1523141
3563	1523274
3564	1523348
3565	1523432
3566	1523889
3567	1523923
3568	1524093
3569	1525581
3570	1525752
3571	1526048
3572	1526193
3573	1526306
3574	1526806
3575	1527274
3576	1527376
3577	1527386
3578	1527389
3579	1527410
3580	1527515
3581	1528590
3582	1528850
3583	1530210
3584	1530844
3585	1531229
3586	1531632
3587	1531639
3588	1531905
3589	1532670
3590	1532828
3591	1534066
3592	1534281
3593	1535482
3594	1535685
3595	1535704
3596	1535878
3597	1536075
3598	1536720
3599	1537234
3600	1537274
3601	1537503
3602	1538288
3603	1538341
3604	1538406
3605	1538522
3606	1538586
3607	1538872
3608	1538928
3609	1539693
3610	1540010
3611	1540110
3612	1540347
3613	1540587
3614	1541133
3615	1541656
3616	1542461
3617	1542643
3618	1542718
3619	1542729
3620	1542769
3621	1542771
3622	1542798
3623	1542803
3624	1542849
3625	1542855
3626	1543495
3627	1543609
3628	1545536
3629	1545953
3630	1546351
3631	1546502
3632	1547072
3633	1547080
3634	1547274
3635	1547282
3636	1547369
3637	1547670
3638	1547991
3639	1548141
3640	1548229
3641	1548298
3642	1548799
3643	1548816
3644	1550080
3645	1550318
3646	1550625
3647	1550834
3648	1551032
3649	1551256
3650	1552603
3651	1553033
3652	1553801
3653	1554061
3654	1554256
3655	1555946
3656	1556251
3657	1556470
3658	1556595
3659	1556600
3660	1556649
3661	1557382
3662	1558117
3663	1558283
3664	1559048
3665	1559840
3666	1560561
3667	1560920
3668	1561352
3669	1561811
3670	1561828
3671	1562897
3672	1563880
3673	1565127
3674	1565375
3675	1565920
3676	1566016
3677	1567433
3678	1567621
3679	1567637
3680	1567873
3681	1568154
3682	1568479
3683	1570643
3684	1572468
3685	1573693
3686	1574057
3687	1574245
3688	1574266
3689	1574340
3690	1574591
3691	1576087
3692	1576223
3693	1576862
3694	1577098
3695	1578100
3696	1579032
3697	1579858
3698	1580419
3699	1580804
3700	1581131
3701	1581463
3702	1581815
3703	1582978
3704	1583482
3705	1583788
3706	1584110
3707	1584460
3708	1584532
3709	1584584
3710	1584927
3711	1585210
3712	1586732
3713	1586877
3714	1587225
3715	1587811
3716	1588217
3717	1590196
3718	1590670
3719	1591214
3720	1591512
3721	1591713
3722	1592056
3723	1592783
3724	1593890
3725	1594100
3726	1594896
3727	1597436
3728	1597670
3729	1597686
3730	1597689
3731	1597801
3732	1597984
3733	1598267
3734	1598273
3735	1598277
3736	1598279
3737	1598315
3738	1598457
3739	1598544
3740	1598775
3741	1598797
3742	1598818
3743	1598838
3744	1599472
3745	1599589
3746	1599712
3747	1599713
3748	1599921
3749	1600146
3750	1600159
3751	1600725
3752	1601296
3753	1601791
3754	1601909
3755	1602288
3756	1602474
3757	1603113
3758	1603119
3759	1603298
3760	1603667
3761	1604015
3762	1605575
3763	1605802
3764	1606017
3765	1606556
3766	1606663
3767	1607322
3768	1607614
3769	1607652
3770	1608099
3771	1608100
3772	1608186
3773	1608797
3774	1608826
3775	1608945
3776	1608973
3777	1609196
3778	1609735
3779	1609800
3780	1609964
3781	1610151
3782	1610467
3783	1611593
3784	1611873
3785	1612068
3786	1612658
3787	1613126
3788	1613306
3789	1613389
3790	1613684
3791	1613690
3792	1614444
3793	1614470
3794	1614877
3795	1615947
3796	1616265
3797	1617250
3798	1618305
3799	1618924
3800	1619188
3801	1620508
3802	1621993
3803	1622396
3804	1622705
3805	1623339
3806	1623403
3807	1625685
3808	1625895
3809	1626100
3810	1626203
3811	1626587
3812	1626617
3813	1627099
3814	1627110
3815	1627112
3816	1627221
3817	1627748
3818	1628075
3819	1628322
3820	1628373
3821	1628382
3822	1628565
3823	1628687
3824	1628713
3825	1629597
3826	1630253
3827	1630423
3828	1630471
3829	1630475
3830	1630517
3831	1630639
3832	1630766
3833	1631132
3834	1631147
3835	1631240
3836	1631381
3837	1631489
3838	1633464
3839	1633558
3840	1633686
3841	1635234
3842	1635849
3843	1636448
3844	1637068
3845	1637318
3846	1637997
3847	1638172
3848	1638307
3849	1638534
3850	1638617
3851	1638618
3852	1639757
3853	1640626
3854	1642309
3855	1642333
3856	1642461
3857	1642629
3858	1643141
3859	1643335
3860	1643434
3861	1643724
3862	1643847
3863	1645219
3864	1645330
3865	1645383
3866	1645962
3867	1645985
3868	1646343
3869	1648501
3870	1648536
3871	1648836
3872	1651110
3873	1653846
3874	1653921
3875	1654915
3876	1655168
3877	1655394
3878	1655439
3879	1655573
3880	1655813
3881	1656630
3882	1657884
3883	1657909
3884	1658704
3885	1660075
3886	1660395
3887	1661940
3888	1662345
3889	1662888
3890	1662953
3891	1664222
3892	1664621
3893	1666012
3894	1667043
3895	1667142
3896	1667324
3897	1667918
3898	1668259
3899	1668407
3900	1669115
3901	1670772
3902	1670958
3903	1671532
3904	1671621
3905	1671819
3906	1672140
3907	1672691
3908	1673234
3909	1675422
3910	1675988
3911	1677283
3912	1677895
3913	1678017
3914	1678108
3915	1678940
3916	1679208
3917	1680222
3918	1680301
3919	1680423
3920	1680907
3921	1681800
3922	1682505
3923	1682851
3924	1683386
3925	1684395
3926	1684776
3927	1684923
3928	1685241
3929	1686158
3930	1686903
3931	1687251
3932	1688717
3933	1689095
3934	1689778
3935	1689779
3936	1690151
3937	1690861
3938	1691689
3939	1692182
3940	1692453
3941	1692852
3942	1693315
3943	1693349
3944	1693730
3945	1694667
3946	1694668
3947	1694818
3948	1695566
3949	1696032
3950	1696388
3951	1697445
3952	1697745
3953	1697937
3954	1698223
3955	1698906
3956	1700830
3957	1702129
3958	1703332
3959	1703700
3960	1703701
3961	1704301
3962	1705404
3963	1705655
3964	1705794
3965	1706534
3966	1707094
3967	1707400
3968	1707527
3969	1707619
3970	1707733
3971	1708433
3972	1708834
3973	1711167
3974	1711404
3975	1711816
3976	1712292
3977	1712457
3978	1712488
3979	1713537
3980	1715068
3981	1716250
3982	1717743
3983	1717919
3984	1722629
3985	1723154
3986	1723200
3987	1723237
3988	1723596
3989	1724000
3990	1724205
3991	1727372
3992	1727537
3993	1727867
3994	1728357
3995	1728923
3996	1729240
3997	1729330
3998	1730258
3999	1731426
4000	1731570
4001	1731619
4002	1731726
4003	1731892
4004	1732016
4005	1732627
4006	1732703
4007	1732748
4008	1733176
4009	1733211
4010	1733227
4011	1733263
4012	1733271
4013	1733329
4014	1733343
4015	1733374
4016	1733388
4017	1733525
4018	1735035
4019	1735344
4020	1735766
4021	1735775
4022	1736288
4023	1737232
4024	1737261
4025	1737288
4026	1740481
4027	1741159
4028	1741322
4029	1741997
4030	1742384
4031	1742490
4032	1742813
4033	1743044
4034	1743530
4035	1744863
4036	1745315
4037	1746630
4038	1747118
4039	1748066
4040	1748629
4041	1749276
4042	1749721
4043	1749878
4044	1750232
4045	1751591
4046	1751925
4047	1751966
4048	1752082
4049	1752115
4050	1752715
4051	1752951
4052	1753054
4053	1753125
4054	1753835
4055	1754026
4056	1754142
4057	1754288
4058	1754300
4059	1754571
4060	1754876
4061	1755136
4062	1755567
4063	1755784
4064	1756614
4065	1756757
4066	1757191
4067	1757916
4068	1758001
4069	1758061
4070	1758071
4071	1758589
4072	1758933
4073	1759358
4074	1759736
4075	1759794
4076	1760010
4077	1760222
4078	1760626
4079	1760763
4080	1761369
4081	1761623
4082	1762236
4083	1762657
4084	1762690
4085	1763325
4086	1763358
4087	1764359
4088	1765566
4089	1767729
4090	1767774
4091	1767886
4092	1768490
4093	1768743
4094	1770625
4095	1770845
4096	1770925
4097	1770968
4098	1770995
4099	1771026
4100	1773927
4101	1774080
4102	1774959
4103	1775270
4104	1775424
4105	1775753
4106	1776699
4107	1777676
4108	1777748
4109	1778374
4110	1778422
4111	1778447
4112	1778518
4113	1779102
4114	1779702
4115	1780313
4116	1781229
4117	1781420
4118	1782416
4119	1782890
4120	1783075
4121	1783321
4122	1783651
4123	1783740
4124	1784296
4125	1786699
4126	1787068
4127	1787138
4128	1787357
4129	1788096
4130	1788366
4131	1788702
4132	1789111
4133	1789758
4134	1790242
4135	1790737
4136	1791709
4137	1792061
4138	1792432
4139	1793265
4140	1793542
4141	1794051
4142	1794074
4143	1794097
4144	1794507
4145	1794531
4146	1794695
4147	1794705
4148	1794706
4149	1794806
4150	1794922
4151	1795013
4152	1795014
4153	1795015
4154	1795048
4155	1795081
4156	1796214
4157	1796513
4158	1797301
4159	1797635
4160	1797954
4161	1799176
4162	1799638
4163	1799810
4164	1799840
4165	1799845
4166	1802809
4167	1804167
4168	1805245
4169	1805670
4170	1805938
4171	1805960
4172	1806016
4173	1806499
4174	1806572
4175	1806982
4176	1807158
4177	1809183
4178	1809324
4179	1810087
4180	1810227
4181	1811357
4182	1811442
4183	1812567
4184	1813271
4185	1813906
4186	1814634
4187	1814746
4188	1814959
4189	1816009
4190	1816049
4191	1817060
4192	1817360
4193	1817414
4194	1817463
4195	1817576
4196	1818269
4197	1818775
4198	1818969
4199	1819530
4200	1820703
4201	1821114
4202	1821223
4203	1821526
4204	1821603
4205	1822018
4206	1822085
4207	1822790
4208	1823378
4209	1823556
4210	1824220
4211	1824504
4212	1824969
4213	1825049
4214	1825645
4215	1825780
4216	1825821
4217	1825860
4218	1828222
4219	1828921
4220	1829883
4221	1830296
4222	1830640
4223	1831880
4224	1832704
4225	1833730
4226	1833738
4227	1834099
4228	1834885
4229	1835481
4230	1835693
4231	1835838
4232	1837002
4233	1837294
4234	1837626
4235	1837693
4236	1837978
4237	1838866
4238	1839230
4239	1839845
4240	1840940
4241	1840987
4242	1841539
4243	1841595
4244	1841988
4245	1844295
4246	1845198
4247	1847794
4248	1848160
4249	1848180
4250	1848505
4251	1850953
4252	1851238
4253	1851874
4254	1851931
4255	1853733
4256	1853803
4257	1853972
4258	1855281
4259	1855306
4260	1855333
4261	1855363
4262	1855442
4263	1855448
4264	1855478
4265	1855488
4266	1855492
4267	1855909
4268	1857151
4269	1857485
4270	1857826
4271	1858089
4272	1858346
4273	1860131
4274	1860708
4275	1862062
4276	1862388
4277	1862605
4278	1863401
4279	1863639
4280	1865386
4281	1865490
4282	1865627
4283	1865703
4284	1865718
4285	1866931
4286	1867104
4287	1867437
4288	1867730
4289	1869233
4290	1869459
4291	1869475
4292	1870433
4293	1870907
4294	1871673
4295	1871823
4296	1872106
4297	1872410
4298	1873115
4299	1873344
4300	1873908
4301	1874231
4302	1875030
4303	1875100
4304	1875907
4305	1876294
4306	1876653
4307	1876685
4308	1876976
4309	1877096
4310	1878790
4311	1878881
4312	1879421
4313	1882697
4314	1884271
4315	1884522
4316	1885699
4317	1885718
4318	1887347
4319	1888645
4320	1888649
4321	1889231
4322	1889437
4323	1889689
4324	1890194
4325	1890909
4326	1891519
4327	1891672
4328	1891742
4329	1891991
4330	1892781
4331	1892902
4332	1893174
4333	1893789
4334	1893897
4335	1897130
4336	1897357
4337	1899074
4338	1899093
4339	1899329
4340	1899559
4341	1899966
4342	1900270
4343	1900300
4344	1900888
4345	1900917
4346	1901017
4347	1901047
4348	1901071
4349	1901410
4350	1901740
4351	1902142
4352	1902675
4353	1902740
4354	1902927
4355	1904733
4356	1905106
4357	1905113
4358	1905433
4359	1906847
4360	1906884
4361	1907765
4362	1908349
4363	1910902
4364	1911348
4365	1911608
4366	1911863
4367	1912252
4368	1912625
4369	1913178
4370	1913406
4371	1913892
4372	1914724
4373	1914774
4374	1914902
4375	1915374
4376	1915730
4377	1915965
4378	1916650
4379	1916685
4380	1916744
4381	1916747
4382	1916765
4383	1916800
4384	1917526
4385	1917886
4386	1917977
4387	1918005
4388	1918020
4389	1918363
4390	1918670
4391	1919170
4392	1920302
4393	1920880
4394	1921116
4395	1921306
4396	1921552
4397	1921617
4398	1921813
4399	1922023
4400	1922472
4401	1922523
4402	1922779
4403	1923216
4404	1923673
4405	1924051
4406	1924964
4407	1925176
4408	1925732
4409	1925782
4410	1925796
4411	1926063
4412	1926831
4413	1926988
4414	1927188
4415	1927418
4416	1927505
4417	1927624
4418	1928166
4419	1928344
4420	1928367
4421	1928485
4422	1928823
4423	1929219
4424	1930970
4425	1931706
4426	1931910
4427	1932258
4428	1932335
4429	1932430
4430	1932648
4431	1932858
4432	1932971
4433	1933963
4434	1934269
4435	1934561
4436	1935409
4437	1935633
4438	1936055
4439	1936387
4440	1936789
4441	1937494
4442	1937547
4443	1937597
4444	1937652
4445	1937907
4446	1938396
4447	1938497
4448	1938641
4449	1940616
4450	1941241
4451	1941305
4452	1941314
4453	1942294
4454	1942392
4455	1942419
4456	1943780
4457	1944350
4458	1945213
4459	1945450
4460	1945710
4461	1945732
4462	1945986
4463	1946270
4464	1946336
4465	1946338
4466	1949185
4467	1950053
4468	1950305
4469	1950330
4470	1950566
4471	1952202
4472	1952563
4473	1953048
4474	1953312
4475	1953694
4476	1953899
4477	1954522
4478	1954594
4479	1954627
4480	1954818
4481	1955182
4482	1955508
4483	1955557
4484	1955588
4485	1956096
4486	1956129
4487	1956665
4488	1956667
4489	1957365
4490	1957505
4491	1957643
4492	1958333
4493	1959884
4494	1959896
4495	1960220
4496	1960447
4497	1960907
4498	1962180
4499	1962400
4500	1963256
4501	1963698
4502	1964510
4503	1965719
4504	1965764
4505	1966644
4506	1966659
4507	1967995
4508	1968639
4509	1968922
4510	1970383
4511	1970388
4512	1970539
4513	1970619
4514	1970708
4515	1970761
4516	1971445
4517	1971902
4518	1972123
4519	1972235
4520	1972236
4521	1972237
4522	1972348
4523	1973662
4524	1973829
4525	1975611
4526	1976356
4527	1976769
4528	1977218
4529	1977311
4530	1977314
4531	1977400
4532	1977939
4533	1978066
4534	1978108
4535	1978111
4536	1978114
4537	1978538
4538	1979468
4539	1979757
4540	1980430
4541	1980824
4542	1981227
4543	1981477
4544	1981787
4545	1981886
4546	1982002
4547	1982020
4548	1982553
4549	1983016
4550	1983024
4551	1983106
4552	1984165
4553	1984168
4554	1984240
4555	1985362
4556	1985897
4557	1986725
4558	1987974
4559	1988996
4560	1989473
4561	1989830
4562	1990035
4563	1991285
4564	1991778
4565	1991952
4566	1992108
4567	1992145
4568	1992185
4569	1992553
4570	1992912
4571	1993146
4572	1993437
4573	1993810
4574	1994739
4575	1995094
4576	1995439
4577	1995806
4578	1996502
4579	1996856
4580	1997212
4581	1997574
4582	1997595
4583	1997601
4584	1999128
4585	1999192
4586	1999534
4587	1999575
4588	1999666
4589	2000125
4590	2000290
4591	2000721
4592	2000836
4593	2001064
4594	2001800
4595	2002363
4596	2002523
4597	2003321
4598	2003511
4599	2003948
4600	2004323
4601	2004836
4602	2005630
4603	2005738
4604	2006696
4605	2008574
4606	2008862
4607	2009164
4608	2009210
4609	2009223
4610	2009320
4611	2009368
4612	2010752
4613	2011041
4614	2011877
4615	2011990
4616	2012279
4617	2013717
4618	2014104
4619	2014247
4620	2014961
4621	2017424
4622	2018388
4623	2018831
4624	2019026
4625	2019102
4626	2019123
4627	2019127
4628	2019129
4629	2019164
4630	2019219
4631	2019224
4632	2019240
4633	2019244
4634	2019246
4635	2019314
4636	2019317
4637	2019321
4638	2019390
4639	2019395
4640	2019416
4641	2019832
4642	2020107
4643	2021595
4644	2021856
4645	2022271
4646	2022653
4647	2022867
4648	2023487
4649	2025547
4650	2025603
4651	2025725
4652	2026160
4653	2026318
4654	2026501
4655	2026514
4656	2026519
4657	2026594
4658	2026634
4659	2026679
4660	2027012
4661	2027214
4662	2027745
4663	2027746
4664	2027755
4665	2028599
4666	2028655
4667	2028723
4668	2028949
4669	2033092
4670	2033865
4671	2033989
4672	2034013
4673	2034075
4674	2034182
4675	2034378
4676	2034398
4677	2035860
4678	2036275
4679	2037281
4680	2037489
4681	2037719
4682	2038103
4683	2038401
4684	2038886
4685	2039183
4686	2039779
4687	2039891
4688	2040365
4689	2040618
4690	2040865
4691	2041219
4692	2041719
4693	2043525
4694	2043685
4695	2043687
4696	2043728
4697	2044404
4698	2044855
4699	2044894
4700	2045210
4701	2046735
4702	2047805
4703	2047913
4704	2048436
4705	2048544
4706	2049059
4707	2051397
4708	2051812
4709	2052004
4710	2052053
4711	2052380
4712	2052574
4713	2053076
4714	2053427
4715	2053456
4716	2053986
4717	2054987
4718	2055573
4719	2055894
4720	2056199
4721	2058322
4722	2058734
4723	2059321
4724	2060374
4725	2060454
4726	2060474
4727	2060729
4728	2061489
4729	2062059
4730	2062094
4731	2062385
4732	2063561
4733	2063584
4734	2064427
4735	2065246
4736	2065289
4737	2065306
4738	2065338
4739	2065660
4740	2066183
4741	2066879
4742	2067701
4743	2067835
4744	2069105
4745	2069693
4746	2069711
4747	2069776
4748	2070695
4749	2071453
4750	2071478
4751	2071750
4752	2073767
4753	2074893
4754	2075338
4755	2075422
4756	2075470
4757	2075514
4758	2075520
4759	2075669
4760	2076441
4761	2076725
4762	2077633
4763	2077634
4764	2077899
4765	2077900
4766	2078020
4767	2078070
4768	2079419
4769	2079502
4770	2081337
4771	2082145
4772	2082285
4773	2082385
4774	2083029
4775	2084082
4776	2085212
4777	2085232
4778	2085278
4779	2085338
4780	2085691
4781	2085755
4782	2085979
4783	2086056
4784	2086683
4785	2087226
4786	2087361
4787	2087503
4788	2088443
4789	2088783
4790	2089010
4791	2089351
4792	2090192
4793	2090828
4794	2091356
4795	2092931
4796	2092935
4797	2093439
4798	2093520
4799	2093976
4800	2094379
4801	2095024
4802	2095137
4803	2095215
4804	2095326
4805	2098164
4806	2098588
4807	2098788
4808	2100106
4809	2100591
4810	2100780
4811	2100891
4812	2101007
4813	2101395
4814	2101946
4815	2102118
4816	2102232
4817	2102974
4818	2103352
4819	2103546
4820	2103687
4821	2104139
4822	2104615
4823	2104971
4824	2105311
4825	2105343
4826	2105755
4827	2105758
4828	2105855
4829	2105925
4830	2106028
4831	2106367
4832	2106615
4833	2107178
4834	2107190
4835	2107191
4836	2108242
4837	2108336
4838	2108339
4839	2108355
4840	2109860
4841	2110576
4842	2110845
4843	2111052
4844	2111110
4845	2111144
4846	2111234
4847	2112850
4848	2113003
4849	2113386
4850	2115100
4851	2115103
4852	2115262
4853	2116248
4854	2117077
4855	2118481
4856	2118764
4857	2118952
4858	2119036
4859	2119854
4860	2121061
4861	2121215
4862	2121359
4863	2121382
4864	2122085
4865	2122136
4866	2122140
4867	2122148
4868	2123330
4869	2123452
4870	2123905
4871	2123906
4872	2124079
4873	2125399
4874	2125448
4875	2125520
4876	2125647
4877	2126174
4878	2127260
4879	2128679
4880	2128839
4881	2128993
4882	2129077
4883	2129143
4884	2129595
4885	2129837
4886	2130043
4887	2130541
4888	2130547
4889	2130565
4890	2130572
4891	2130599
4892	2130605
4893	2130611
4894	2130691
4895	2130936
4896	2131252
4897	2131918
4898	2132144
4899	2132182
4900	2132213
4901	2132276
4902	2132370
4903	2132697
4904	2132793
4905	2134723
4906	2135281
4907	2135762
4908	2136336
4909	2136354
4910	2136358
4911	2136420
4912	2136427
4913	2136428
4914	2136453
4915	2136993
4916	2137171
4917	2137189
4918	2137560
4919	2138494
4920	2138617
4921	2138668
4922	2138824
4923	2139034
4924	2139097
4925	2139328
4926	2139571
4927	2139705
4928	2139716
4929	2139918
4930	2140091
4931	2140120
4932	2140327
4933	2140385
4934	2140530
4935	2140556
4936	2140557
4937	2140626
4938	2140702
4939	2140745
4940	2140911
4941	2140936
4942	2140937
4943	2141274
4944	2142593
4945	2142857
4946	2143879
4947	2144007
4948	2144438
4949	2144460
4950	2144556
4951	2144898
4952	2145360
4953	2145633
4954	2145645
4955	2145652
4956	2146266
4957	2146582
4958	2146882
4959	2147027
4960	2147916
4961	2147919
4962	2149054
4963	2149274
4964	2149516
4965	2149530
4966	2151155
4967	2151199
4968	2151371
4969	2151736
4970	2152040
4971	2152219
4972	2152458
4973	2152559
4974	2152600
4975	2152703
4976	2152718
4977	2153264
4978	2153639
4979	2153924
4980	2154411
4981	2154752
4982	2156351
4983	2156966
4984	2156977
4985	2157432
4986	2157507
4987	2157981
4988	2158276
4989	2158469
4990	2158703
4991	2159225
4992	2159396
4993	2159437
4994	2159886
4995	2160800
4996	2161496
4997	2162680
4998	2163106
4999	2163319
5000	2165129
5001	2165557
5002	2166006
5003	2166171
5004	2166387
5005	2166426
5006	2168479
5007	2168788
5008	2168912
5009	2168917
5010	2168919
5011	2168930
5012	2168976
5013	2169016
5014	2169026
5015	2169168
5016	2169175
5017	2169179
5018	2169186
5019	2169189
5020	2169253
5021	2169322
5022	2172641
5023	2175025
5024	2175032
5025	2175162
5026	2175177
5027	2175245
5028	2175272
5029	2175505
5030	2175624
5031	2175850
5032	2177130
5033	2177793
5034	2179717
5035	2180112
5036	2180690
5037	2181536
5038	2182651
5039	2183375
5040	2183611
5041	2183882
5042	2184649
5043	2184809
5044	2184871
5045	2184884
5046	2185195
5047	2185632
5048	2185753
5049	2185891
5050	2186047
5051	2186138
5052	2186205
5053	2186678
5054	2186841
5055	2187179
5056	2187202
5057	2187283
5058	2187659
5059	2188387
5060	2188793
5061	2189542
5062	2190320
5063	2190716
5064	2191000
5065	2191598
5066	2191634
5067	2191924
5068	2191942
5069	2193193
5070	2193221
5071	2193655
5072	2194129
5073	2194181
5074	2194539
5075	2194628
5076	2195073
5077	2195099
5078	2195254
5079	2195806
5080	2196324
5081	2196509
5082	2196573
5083	2196695
5084	2196887
5085	2197183
5086	2197193
5087	2197527
5088	2197564
5089	2197589
5090	2199086
5091	2199649
5092	2200244
5093	2201700
5094	2202340
5095	2202452
5096	2202470
5097	2202793
5098	2203195
5099	2203619
5100	2203948
5101	2204571
5102	2204693
5103	2205940
5104	2206061
5105	2206381
5106	2206815
5107	2207588
5108	2208192
5109	2208239
5110	2210109
5111	2210172
5112	2210262
5113	2210776
5114	2212511
5115	2213002
5116	2213506
5117	2213588
5118	2214804
5119	2214888
5120	2215368
5121	2216778
5122	2217761
5123	2219877
5124	2220266
5125	2220557
5126	2220823
5127	2220851
5128	2220920
5129	2221764
5130	2221822
5131	2222276
5132	2222559
5133	2223301
5134	2223419
5135	2223425
5136	2223501
5137	2223663
5138	2223885
5139	2223914
5140	2224515
5141	2225717
5142	2226712
5143	2227981
5144	2228294
5145	2228613
5146	2228800
5147	2228837
5148	2228955
5149	2231401
5150	2231668
5151	2231857
5152	2232089
5153	2232260
5154	2232470
5155	2233369
5156	2234338
5157	2234349
5158	2234500
5159	2235692
5160	2235974
5161	2237513
5162	2237639
5163	2237843
5164	2238333
5165	2238677
5166	2239103
5167	2239589
5168	2239919
5169	2240931
5170	2241091
5171	2241252
5172	2241279
5173	2243009
5174	2243023
5175	2243501
5176	2243675
5177	2244008
5178	2244362
5179	2244744
5180	2245427
5181	2246434
5182	2246877
5183	2247607
5184	2247891
5185	2248911
5186	2249342
5187	2249648
5188	2249767
5189	2249847
5190	2249857
5191	2249881
5192	2249885
5193	2250803
5194	2251355
5195	2251465
5196	2252401
5197	2253232
5198	2254157
5199	2254658
5200	2254929
5201	2256054
5202	2256141
5203	2256929
5204	2257153
5205	2257580
5206	2259214
5207	2259387
5208	2259425
5209	2260354
5210	2260945
5211	2261402
5212	2263152
5213	2263217
5214	2264004
5215	2264242
5216	2264743
5217	2265441
5218	2265551
5219	2265807
5220	2266059
5221	2266066
5222	2266138
5223	2267199
5224	2267596
5225	2267951
5226	2268462
5227	2268777
5228	2269127
5229	2269823
5230	2270079
5231	2270215
5232	2270303
5233	2270418
5234	2270449
5235	2270948
5236	2271297
5237	2271384
5238	2272407
5239	2272809
5240	2273137
5241	2273814
5242	2274040
5243	2274298
5244	2274305
5245	2274630
5246	2274799
5247	2275026
5248	2275491
5249	2276232
5250	2276988
5251	2277045
5252	2277374
5253	2277600
5254	2277644
5255	2278565
5256	2278747
5257	2279376
5258	2279576
5259	2279642
5260	2279670
5261	2279943
5262	2280323
5263	2280443
5264	2281104
5265	2282510
5266	2282728
5267	2287905
5268	2287913
5269	2287923
5270	2287938
5271	2288010
5272	2288017
5273	2288158
5274	2288461
5275	2288633
5276	2288907
5277	2288908
5278	2289598
5279	2289842
5280	2290667
5281	2291220
5282	2291713
5283	2293083
5284	2293899
5285	2293958
5286	2294260
5287	2294669
5288	2294735
5289	2295881
5290	2296090
5291	2296696
5292	2297377
5293	2297804
5294	2297817
5295	2298282
5296	2299213
5297	2299314
5298	2301837
5299	2302753
5300	2302951
5301	2302980
5302	2304667
5303	2304829
5304	2305092
5305	2305187
5306	2305319
5307	2305454
5308	2306447
5309	2307249
5310	2308664
5311	2309272
5312	2309517
5313	2309783
5314	2310488
5315	2311101
5316	2311422
5317	2312657
5318	2313264
5319	2314305
5320	2315342
5321	2315598
5322	2315812
5323	2316072
5324	2316125
5325	2316675
5326	2316745
5327	2317349
5328	2317430
5329	2319301
5330	2319887
5331	2319893
5332	2320626
5333	2320990
5334	2321151
5335	2321172
5336	2321174
5337	2321181
5338	2321208
5339	2321487
5340	2323239
5341	2323872
5342	2324347
5343	2324939
5344	2325302
5345	2325331
5346	2325332
5347	2325428
5348	2325717
5349	2326135
5350	2326213
5351	2326230
5352	2326562
5353	2326821
5354	2326924
5355	2327213
5356	2327555
5357	2327847
5358	2328808
5359	2329042
5360	2329321
5361	2329537
5362	2329612
5363	2330958
5364	2330977
5365	2331217
5366	2331326
5367	2331594
5368	2331678
5369	2332432
5370	2332607
5371	2332657
5372	2333296
5373	2333469
5374	2333715
5375	2333995
5376	2334295
5377	2334309
5378	2334550
5379	2334773
5380	2335103
5381	2335519
5382	2336421
5383	2336653
5384	2336901
5385	2338380
5386	2338944
5387	2339352
5388	2339502
5389	2340207
5390	2341153
5391	2341349
5392	2343778
5393	2344919
5394	2345247
5395	2346735
5396	2348020
5397	2348371
5398	2348708
5399	2348821
5400	2350068
5401	2350579
5402	2350844
5403	2351833
5404	2351844
5405	2352686
5406	2353842
5407	2353979
5408	2354019
5409	2354366
5410	2354648
5411	2355169
5412	2356851
5413	2357161
5414	2359621
5415	2361008
5416	2361065
5417	2361131
5418	2361137
5419	2361513
5420	2361621
5421	2361666
5422	2361783
5423	2361895
5424	2362095
5425	2362115
5426	2362987
5427	2363218
5428	2363976
5429	2364921
5430	2365781
5431	2367139
5432	2367625
5433	2369028
5434	2369164
5435	2369591
5436	2369719
5437	2370247
5438	2371032
5439	2371205
5440	2371536
5441	2371602
5442	2371640
5443	2371789
5444	2371812
5445	2372249
5446	2372283
5447	2372357
5448	2372509
5449	2372534
5450	2372887
5451	2372988
5452	2373675
5453	2373762
5454	2373838
5455	2374205
5456	2374652
5457	2375007
5458	2375712
5459	2376024
5460	2376940
5461	2376998
5462	2377187
5463	2377782
5464	2378120
5465	2378519
5466	2379235
5467	2379472
5468	2379649
5469	2380295
5470	2380308
5471	2380456
5472	2381318
5473	2381687
5474	2381689
5475	2382414
5476	2382887
5477	2383018
5478	2383165
5479	2383445
5480	2383761
5481	2385006
5482	2385865
5483	2386486
5484	2386995
5485	2387151
5486	2387738
5487	2387748
5488	2387928
5489	2388025
5490	2388183
5491	2388218
5492	2388219
5493	2388258
5494	2388559
5495	2389278
5496	2389456
5497	2389759
5498	2389961
5499	2390232
5500	2391198
5501	2391663
5502	2391846
5503	2392955
5504	2393511
5505	2396797
5506	2397101
5507	2397614
5508	2397687
5509	2397783
5510	2397847
5511	2398027
5512	2398822
5513	2399048
5514	2399050
5515	2399634
5516	2400228
5517	2400342
5518	2400443
5519	2400567
5520	2400604
5521	2401737
5522	2401830
5523	2403857
5524	2403916
5525	2404012
5526	2404685
5527	2404815
5528	2405091
5529	2406467
5530	2408407
5531	2408755
5532	2409109
5533	2409593
5534	2409934
5535	2410175
5536	2410780
5537	2410907
5538	2411414
5539	2411431
5540	2412343
5541	2412692
5542	2413592
5543	2413676
5544	2413807
5545	2414120
5546	2414597
5547	2414754
5548	2415052
5549	2415565
5550	2415588
5551	2415919
5552	2416261
5553	2416565
5554	2417148
5555	2417185
5556	2418745
5557	2418754
5558	2418779
5559	2418786
5560	2418931
5561	2419850
5562	2419882
5563	2420766
5564	2421110
5565	2421578
5566	2422100
5567	2422180
5568	2422433
5569	2423187
5570	2423661
5571	2423714
5572	2423921
5573	2425854
5574	2426147
5575	2428374
5576	2428667
5577	2428745
5578	2428873
5579	2428913
5580	2429002
5581	2429697
5582	2429777
5583	2429966
5584	2430255
5585	2430385
5586	2430480
5587	2430864
5588	2431584
5589	2431814
5590	2431820
5591	2432057
5592	2432159
5593	2432406
5594	2432468
5595	2432469
5596	2433055
5597	2433559
5598	2433664
5599	2434218
5600	2434391
5601	2434442
5602	2434583
5603	2434597
5604	2434598
5605	2434617
5606	2434618
5607	2434750
5608	2434837
5609	2434838
5610	2434873
5611	2434889
5612	2434896
5613	2434918
5614	2434957
5615	2434958
5616	2434978
5617	2435009
5618	2435016
5619	2435037
5620	2435038
5621	2435053
5622	2435059
5623	2435077
5624	2435078
5625	2435119
5626	2435179
5627	2435377
5628	2435463
5629	2435677
5630	2436690
5631	2436692
5632	2437861
5633	2438145
5634	2438677
5635	2439086
5636	2439425
5637	2439589
5638	2440070
5639	2440479
5640	2440482
5641	2441786
5642	2441890
5643	2442364
5644	2442943
5645	2443083
5646	2443898
5647	2444591
5648	2445123
5649	2445152
5650	2445999
5651	2446189
5652	2447962
5653	2450766
5654	2450923
5655	2451135
5656	2451926
5657	2452310
5658	2452768
5659	2453101
5660	2453337
5661	2453544
5662	2453711
5663	2453715
5664	2454543
5665	2455498
5666	2456128
5667	2456563
5668	2456692
5669	2457058
5670	2457090
5671	2457354
5672	2457559
5673	2458005
5674	2459112
5675	2459304
5676	2459316
5677	2460168
5678	2460577
5679	2461264
5680	2461528
5681	2461690
5682	2461760
5683	2461820
5684	2462049
5685	2462408
5686	2462629
5687	2462825
5688	2462913
5689	2464390
5690	2467219
5691	2467478
5692	2467604
5693	2468163
5694	2468633
5695	2469422
5696	2470277
5697	2471089
5698	2471666
5699	2472085
5700	2472090
5701	2472112
5702	2472261
5703	2472955
5704	2473770
5705	2474024
5706	2474137
5707	2477820
5708	2478036
5709	2478465
5710	2479630
5711	2480011
5712	2480604
5713	2480910
5714	2481256
5715	2481360
5716	2481390
5717	2482666
5718	2483276
5719	2484254
5720	2484297
5721	2485224
5722	2485330
5723	2485725
5724	2486071
5725	2486310
5726	2486312
5727	2486411
5728	2486431
5729	2487409
5730	2488482
5731	2488615
5732	2488955
5733	2488994
5734	2489650
5735	2489849
5736	2490018
5737	2490050
5738	2490078
5739	2490123
5740	2490201
5741	2490255
5742	2490262
5743	2491873
5744	2492249
5745	2492678
5746	2492768
5747	2492780
5748	2493029
5749	2493480
5750	2493514
5751	2494612
5752	2494795
5753	2495109
5754	2496135
5755	2497936
5756	2498018
5757	2499160
5758	2499429
5759	2500417
5760	2500716
5761	2501016
5762	2501058
5763	2501234
5764	2501578
5765	2501591
5766	2501907
5767	2502351
5768	2502479
5769	2502823
5770	2502824
5771	2502896
5772	2503041
5773	2505205
5774	2506038
5775	2506040
5776	2506152
5777	2506829
5778	2507296
5779	2507542
5780	2507661
5781	2507703
5782	2508512
5783	2508538
5784	2508681
5785	2509931
5786	2510926
5787	2512077
5788	2512853
5789	2513024
5790	2514664
5791	2515077
5792	2515257
5793	2517384
5794	2517744
5795	2518283
5796	2518712
5797	2519788
5798	2519813
5799	2521056
5800	2521136
5801	2521706
5802	2522709
5803	2522711
5804	2523920
5805	2523958
5806	2524921
5807	2525299
5808	2528484
5809	2528855
5810	2529378
5811	2529430
5812	2531048
5813	2531725
5814	2532531
5815	2533207
5816	2534471
5817	2534806
5818	2534923
5819	2536081
5820	2536207
5821	2536444
5822	2537200
5823	2537508
5824	2537598
5825	2537653
5826	2537682
5827	2538511
5828	2538835
5829	2539355
5830	2539387
5831	2540244
5832	2540494
5833	2540992
5834	2541192
5835	2541311
5836	2542291
5837	2542710
5838	2542725
5839	2542801
5840	2542803
5841	2543447
5842	2543649
5843	2544770
5844	2544833
5845	2544878
5846	2545180
5847	2545446
5848	2545958
5849	2546577
5850	2546910
5851	2547417
5852	2547891
5853	2548548
5854	2548849
5855	2550516
5856	2550635
5857	2553234
5858	2553535
5859	2553745
5860	2553952
5861	2555350
5862	2555456
5863	2555485
5864	2555589
5865	2555696
5866	2555723
5867	2556174
5868	2556869
5869	2557961
5870	2558198
5871	2558726
5872	2558816
5873	2558992
5874	2559179
5875	2560592
5876	2560825
5877	2560839
5878	2561534
5879	2561588
5880	2562516
5881	2562672
5882	2562680
5883	2562681
5884	2562809
5885	2564133
5886	2564328
5887	2564694
5888	2565087
5889	2565304
5890	2566396
5891	2567896
5892	2567986
5893	2567995
5894	2568509
5895	2568580
5896	2568848
5897	2568932
5898	2570019
5899	2570040
5900	2570082
5901	2570490
5902	2570509
5903	2571540
5904	2571770
5905	2571871
5906	2572522
5907	2573300
5908	2573313
5909	2574813
5910	2575412
5911	2575571
5912	2575943
5913	2576184
5914	2577607
5915	2577852
5916	2579082
5917	2579612
5918	2580137
5919	2580342
5920	2580465
5921	2581420
5922	2582360
5923	2584474
5924	2585178
5925	2585320
5926	2585732
5927	2586047
5928	2586050
5929	2586061
5930	2586156
5931	2586351
5932	2589820
5933	2589846
5934	2590150
5935	2590332
5936	2590649
5937	2591098
5938	2591230
5939	2591390
5940	2592555
5941	2593264
5942	2593387
5943	2593437
5944	2593551
5945	2593668
5946	2593766
5947	2594119
5948	2595064
5949	2595303
5950	2595798
5951	2596094
5952	2597971
5953	2599190
5954	2600425
5955	2601160
5956	2602348
5957	2602953
5958	2603644
5959	2604067
5960	2605624
5961	2606096
5962	2606366
5963	2607231
5964	2608412
5965	2608923
5966	2609314
5967	2609639
5968	2609819
5969	2610183
5970	2610245
5971	2610269
5972	2610307
5973	2612351
5974	2612354
5975	2612589
5976	2613429
5977	2613477
5978	2613685
5979	2613853
5980	2614468
5981	2614470
5982	2614528
5983	2614537
5984	2615140
5985	2615192
5986	2615205
5987	2615253
5988	2615295
5989	2615938
5990	2616470
5991	2616642
5992	2617874
5993	2618000
5994	2618587
5995	2619017
5996	2619296
5997	2619760
5998	2620044
5999	2620350
6000	2620466
6001	2620488
6002	2620569
6003	2620966
6004	2621830
6005	2621983
6006	2622011
6007	2622012
6008	2622072
6009	2622150
6010	2622634
6011	2622641
6012	2622825
6013	2622931
6014	2623290
6015	2624098
6016	2624141
6017	2624215
6018	2624235
6019	2624261
6020	2624357
6021	2624407
6022	2624451
6023	2624730
6024	2625145
6025	2625977
6026	2626023
6027	2626540
6028	2626622
6029	2626917
6030	2627485
6031	2627593
6032	2627801
6033	2627866
6034	2628013
6035	2628274
6036	2628364
6037	2628370
6038	2628499
6039	2629336
6040	2629867
6041	2630161
6042	2630397
6043	2630498
6044	2630679
6045	2630747
6046	2630835
6047	2631161
6048	2631727
6049	2632474
6050	2632730
6051	2632759
6052	2632863
6053	2634398
6054	2634519
6055	2634600
6056	2634647
6057	2634681
6058	2634991
6059	2635325
6060	2635342
6061	2635742
6062	2635840
6063	2635841
6064	2635937
6065	2635945
6066	2635954
6067	2635974
6068	2636021
6069	2636822
6070	2636992
6071	2639860
6072	2640026
6073	2640288
6074	2640610
6075	2641472
6076	2641496
6077	2642335
6078	2642366
6079	2642530
6080	2642623
6081	2642900
6082	2643409
6083	2644893
6084	2644946
6085	2645162
6086	2645248
6087	2645299
6088	2645441
6089	2645448
6090	2645531
6091	2645723
6092	2645872
6093	2645936
6094	2645949
6095	2646902
6096	2647602
6097	2648240
6098	2648311
6099	2648341
6100	2648488
6101	2648713
6102	2649254
6103	2649566
6104	2649567
6105	2649757
6106	2650589
6107	2650637
6108	2650704
6109	2652758
6110	2652993
6111	2653163
6112	2653715
6113	2653754
6114	2654123
6115	2654599
6116	2654792
6117	2654851
6118	2654940
6119	2655067
6120	2655994
6121	2656159
6122	2656455
6123	2657306
6124	2657713
6125	2657911
6126	2658256
6127	2658429
6128	2660679
6129	2661126
6130	2661805
6131	2661975
6132	2662591
6133	2662677
6134	2664536
6135	2666615
6136	2667039
6137	2667080
6138	2667798
6139	2669888
6140	2670541
6141	2670576
6142	2670685
6143	2672398
6144	2672470
6145	2672603
6146	2673025
6147	2673513
6148	2673746
6149	2675018
6150	2676401
6151	2677520
6152	2678298
6153	2678932
6154	2679558
6155	2679967
6156	2680588
6157	2680707
6158	2680762
6159	2681725
6160	2682036
6161	2682056
6162	2682931
6163	2683753
6164	2684068
6165	2684278
6166	2684325
6167	2684359
6168	2684362
6169	2684630
6170	2684633
6171	2684742
6172	2684894
6173	2685180
6174	2686628
6175	2686903
6176	2687440
6177	2687605
6178	2688106
6179	2689553
6180	2690187
6181	2690232
6182	2692132
6183	2692989
6184	2693700
6185	2693916
6186	2694039
6187	2695019
6188	2695332
6189	2696346
6190	2696423
6191	2697808
6192	2698086
6193	2698151
6194	2699398
6195	2699528
6196	2699536
6197	2699544
6198	2699840
6199	2700646
6200	2700650
6201	2700857
6202	2701243
6203	2701355
6204	2701945
6205	2703400
6206	2703632
6207	2703682
6208	2703782
6209	2704491
6210	2704869
6211	2706489
6212	2706793
6213	2708292
6214	2710608
6215	2711446
6216	2712107
6217	2712593
6218	2715402
6219	2715631
6220	2717105
6221	2717249
6222	2718189
6223	2718539
6224	2719040
6225	2719042
6226	2719043
6227	2720104
6228	2720141
6229	2720489
6230	2720555
6231	2721135
6232	2723581
6233	2724011
6234	2724050
6235	2724556
6236	2724827
6237	2725868
6238	2726436
6239	2729391
6240	2729507
6241	2729544
6242	2730684
6243	2730685
6244	2731248
6245	2732168
6246	2734768
6247	2734993
6248	2735343
6249	2735457
6250	2735636
6251	2735774
6252	2736375
6253	2737164
6254	2737333
6255	2738237
6256	2740104
6257	2740120
6258	2740487
6259	2741202
6260	2741371
6261	2741523
6262	2742901
6263	2743090
6264	2743492
6265	2743597
6266	2743698
6267	2743761
6268	2743953
6269	2744011
6270	2745472
6271	2745484
6272	2745989
6273	2746342
6274	2746610
6275	2747120
6276	2747168
6277	2748174
6278	2748413
6279	2748647
6280	2748692
6281	2750015
6282	2751524
6283	2751773
6284	2752648
6285	2752876
6286	2753107
6287	2753120
6288	2753121
6289	2753135
6290	2753170
6291	2753623
6292	2753706
6293	2753869
6294	2754463
6295	2755315
6296	2755421
6297	2755422
6298	2755471
6299	2755581
6300	2757182
6301	2757405
6302	2757437
6303	2758963
6304	2760531
6305	2761104
6306	2761288
6307	2761349
6308	2761756
6309	2761774
6310	2761777
6311	2761822
6312	2761981
6313	2761990
6314	2762062
6315	2762098
6316	2762242
6317	2762355
6318	2762373
6319	2763280
6320	2763943
6321	2764811
6322	2764875
6323	2764929
6324	2764973
6325	2765877
6326	2766507
6327	2767302
6328	2767606
6329	2769264
6330	2770160
6331	2770188
6332	2770208
6333	2770262
6334	2770381
6335	2771433
6336	2772747
6337	2772894
6338	2772917
6339	2772923
6340	2772982
6341	2773568
6342	2773852
6343	2774817
6344	2775089
6345	2777150
6346	2777474
6347	2777829
6348	2778531
6349	2779070
6350	2779201
6351	2779351
6352	2779395
6353	2781060
6354	2781371
6355	2782390
6356	2782538
6357	2783154
6358	2783415
6359	2783632
6360	2784185
6361	2784472
6362	2785210
6363	2785249
6364	2786641
6365	2786816
6366	2786964
6367	2787277
6368	2787975
6369	2789026
6370	2789039
6371	2789468
6372	2790921
6373	2791034
6374	2791503
6375	2792465
6376	2792512
6377	2792591
6378	2792686
6379	2793172
6380	2793569
6381	2793798
6382	2794353
6383	2794893
6384	2796207
6385	2796268
6386	2796695
6387	2796696
6388	2796968
6389	2797151
6390	2797266
6391	2797583
6392	2797798
6393	2799192
6394	2799401
6395	2799566
6396	2799839
6397	2800937
6398	2801092
6399	2801705
6400	2801751
6401	2802025
6402	2802142
6403	2802290
6404	2802680
6405	2802735
6406	2803084
6407	2803481
6408	2803629
6409	2803872
6410	2803896
6411	2803945
6412	2803974
6413	2804008
6414	2804034
6415	2804072
6416	2804435
6417	2804976
6418	2805858
6419	2806209
6420	2806365
6421	2806752
6422	2806862
6423	2807058
6424	2808338
6425	2808359
6426	2808390
6427	2808663
6428	2808918
6429	2809988
6430	2810107
6431	2810441
6432	2810478
6433	2811138
6434	2811151
6435	2811686
6436	2812491
6437	2813297
6438	2813836
6439	2813857
6440	2814195
6441	2814215
6442	2814473
6443	2814537
6444	2815116
6445	2815230
6446	2815474
6447	2815698
6448	2816140
6449	2816161
6450	2816336
6451	2816421
6452	2816626
6453	2816784
6454	2816833
6455	2817018
6456	2817042
6457	2817150
6458	2817242
6459	2817594
6460	2818019
6461	2818097
6462	2818144
6463	2819189
6464	2819297
6465	2819310
6466	2819429
6467	2821103
6468	2821605
6469	2821981
6470	2822008
6471	2822655
6472	2822942
6473	2823069
6474	2823325
6475	2824306
6476	2824369
6477	2824421
6478	2825037
6479	2825208
6480	2825997
6481	2826331
6482	2826533
6483	2826704
6484	2827217
6485	2827868
6486	2828717
6487	2829089
6488	2829590
6489	2829713
6490	2830421
6491	2830496
6492	2831054
6493	2831610
6494	2831757
6495	2832351
6496	2832845
6497	2832848
6498	2832852
6499	2833058
6500	2833193
6501	2834048
6502	2834484
6503	2834946
6504	2835839
6505	2836139
6506	2837718
6507	2837933
6508	2838232
6509	2838378
6510	2839014
6511	2839948
6512	2840530
6513	2840762
6514	2841523
6515	2841746
6516	2841955
6517	2842144
6518	2842653
6519	2843032
6520	2843431
6521	2844193
6522	2844227
6523	2844309
6524	2845188
6525	2845966
6526	2846296
6527	2847322
6528	2847411
6529	2847836
6530	2849014
6531	2849268
6532	2849413
6533	2850686
6534	2850703
6535	2852116
6536	2852782
6537	2852846
6538	2853371
6539	2853797
6540	2854229
6541	2855693
6542	2859609
6543	2859613
6544	2859646
6545	2859801
