1	3946
2	6592
3	10114
4	10447
5	10852
6	16387
7	23516
8	23579
9	24640
10	29952
11	31284
12	36798
13	38748
14	38904
15	39708
16	40530
17	40602
18	41479
19	42111
20	43711
21	49263
22	52622
23	52650
24	58411
25	60293
26	61328
27	61543
28	61874
29	64432
30	73719
31	79847
32	88235
33	89306
34	90484
35	93812
36	93973
37	99535
38	100099
39	103401
40	106465
41	106483
42	110812
43	111377
44	113430
45	113635
46	113981
47	117292
48	118255
49	120210
50	125119
51	125545
52	126244
53	129009
54	132685
55	132936
56	133244
57	133422
58	135178
59	138581
60	140551
61	141121
62	143825
63	149264
64	150380
65	151012
66	154861
67	155088
68	157297
69	163692
70	163974
71	165055
72	169418
73	175107
74	175783
75	175789
76	176639
77	181647
78	182948
79	186776
80	189091
81	194965
82	199237
83	202197
84	204398
85	206102
86	209410
87	211800
88	213230
89	214763
90	218071
91	222711
92	225368
93	226717
94	227813
95	230643
96	230840
97	232135
98	236854
99	238157
100	241053
101	247203
102	249874
103	255147
104	256319
105	260168
106	269300
107	270067
108	270153
109	270878
110	274580
111	277936
112	281514
113	283324
114	284634
115	286702
116	287060
117	289386
118	289534
119	291529
120	292092
121	296001
122	297621
123	300486
124	302019
125	306284
126	306575
127	306826
128	307952
129	310412
130	313199
131	314656
132	314933
133	315510
134	315969
135	323598
136	324262
137	331537
138	331676
139	335307
140	340388
141	340437
142	340625
143	345242
144	345730
145	347768
146	352290
147	354111
148	354954
149	355185
150	357755
151	360637
152	362212
153	367155
154	368128
155	368643
156	371140
157	374957
158	376255
159	376695
160	377812
161	377816
162	377820
163	378217
164	384622
165	389398
166	390071
167	391628
168	392697
169	392749
170	394053
171	394212
172	394295
173	394392
174	394755
175	394826
176	395167
177	395998
178	396010
179	396071
180	397348
181	397929
182	398770
183	398771
184	400067
185	402822
186	405073
187	405583
188	411238
189	416650
190	418756
191	419341
192	420053
193	423024
194	425237
195	426893
196	427722
197	429904
198	430048
199	431635
200	434899
201	435883
202	436915
203	437051
204	437390
205	438134
206	443320
207	443458
208	447730
209	449432
210	451149
211	451452
212	453125
213	454281
214	454302
215	456423
216	459950
217	463584
218	465208
219	465502
220	466857
221	467950
222	468643
223	469946
224	476101
225	480739
226	480744
227	480819
228	480822
229	481049
230	482451
231	486202
232	486265
233	487714
234	490965
235	495814
236	498341
237	502316
238	508176
239	508849
240	509263
241	509899
242	510641
243	513738
244	516574
245	516854
246	519800
247	521860
248	525659
249	532819
250	533328
251	534650
252	542523
253	543017
254	543215
255	544609
256	545883
257	548362
258	548820
259	549076
260	549497
261	549731
262	549734
263	549763
264	554904
265	554952
266	555003
267	557431
268	558792
269	561347
270	562940
271	563423
272	563528
273	565292
274	567500
275	569842
276	571945
277	575866
278	578069
279	578520
280	578895
281	582417
282	583209
283	583344
284	585035
285	585060
286	586105
287	591287
288	592405
289	596261
290	597634
291	597667
292	598654
293	605783
294	606261
295	607285
296	610541
297	611254
298	611333
299	614375
300	618641
301	621706
302	623281
303	624860
304	627695
305	628036
306	628192
307	634946
308	636932
309	636934
310	637003
311	637011
312	637595
313	637738
314	642946
315	646925
316	651425
317	653173
318	653581
319	654346
320	654358
321	655224
322	657158
323	657697
324	660017
325	660431
326	664241
327	665974
328	667153
329	667265
330	671793
331	672388
332	672683
333	672701
334	672702
335	672703
336	675967
337	683449
338	683634
339	684316
340	684598
341	685848
342	686195
343	687977
344	689308
345	692250
346	693811
347	695180
348	696997
349	697018
350	697109
351	697784
352	704363
353	704654
354	708140
355	710737
356	710997
357	711220
358	714585
359	715472
360	716993
361	724428
362	724998
363	727630
364	727668
365	727677
366	727715
367	728627
368	732003
369	734885
370	735148
371	735808
372	737796
373	738390
374	751428
375	752276
376	752403
377	752408
378	752421
379	752618
380	754219
381	754775
382	760753
383	760982
384	765088
385	765120
386	765592
387	765647
388	766042
389	768959
390	769698
391	769699
392	769700
393	770589
394	772458
395	772614
396	774149
397	774406
398	774613
399	775174
400	775881
401	775935
402	780558
403	780676
404	781255
405	783530
406	783556
407	786071
408	786498
409	787885
410	792122
411	792223
412	792279
413	793273
414	793401
415	794943
416	794996
417	797535
418	800965
419	800996
420	801011
421	801427
422	801452
423	804139
424	805422
425	805609
426	807489
427	809649
428	810123
429	811226
430	815297
431	818088
432	818983
433	818984
434	819046
435	820939
436	821405
437	822553
438	825323
439	825325
440	825337
441	825342
442	825594
443	825607
444	825641
445	825659
446	825661
447	825673
448	833129
449	837989
450	840221
451	840287
452	843181
453	844039
454	845767
455	846602
456	847281
457	848633
458	850309
459	854366
460	860997
461	861239
462	863206
463	863412
464	867081
465	869645
466	869646
467	873240
468	874620
469	876181
470	876498
471	877701
472	877818
473	878834
474	879925
475	881694
476	884992
477	894794
478	901007
479	901654
480	904440
481	907722
482	908743
483	908745
484	908746
485	910397
486	910740
487	911688
488	911806
489	913412
490	914495
491	914502
492	915492
493	915632
494	915689
495	916983
496	916989
497	917004
498	917618
499	922354
500	922396
501	922488
502	922558
503	922595
504	922622
505	922802
506	923045
507	923171
508	923198
509	926347
510	927760
511	934731
512	935980
513	937221
514	939031
515	940261
516	948682
517	949770
518	950002
519	954447
520	954692
521	955605
522	958997
523	963400
524	963408
525	964285
526	968673
527	970492
528	972930
529	975825
530	977834
531	980972
532	982615
533	982691
534	983701
535	984429
536	985144
537	987159
538	990287
539	994523
540	995970
541	997538
542	1002795
543	1006560
544	1007076
545	1008565
546	1009358
547	1011301
548	1012386
549	1012622
550	1012664
551	1018639
552	1021423
553	1021752
554	1022517
555	1023821
556	1024514
557	1031827
558	1033476
559	1034232
560	1034973
561	1035220
562	1040676
563	1040806
564	1041373
565	1041506
566	1041652
567	1043343
568	1043556
569	1047365
570	1049070
571	1049763
572	1050488
573	1053950
574	1054377
575	1055013
576	1056620
577	1058243
578	1059398
579	1060495
580	1060902
581	1060980
582	1064383
583	1070951
584	1071067
585	1075245
586	1075368
587	1078308
588	1078426
589	1078689
590	1079391
591	1080032
592	1080230
593	1083488
594	1083790
595	1084340
596	1085226
597	1087536
598	1087877
599	1092674
600	1095171
601	1095773
602	1097943
603	1100573
604	1101903
605	1101975
606	1105812
607	1110594
608	1110596
609	1110653
610	1110656
611	1110662
612	1111792
613	1111801
614	1111866
615	1111878
616	1111907
617	1111956
618	1112387
619	1113203
620	1113210
621	1113287
622	1113506
623	1113513
624	1113514
625	1114447
626	1114894
627	1116694
628	1122049
629	1124481
630	1125715
631	1126149
632	1129896
633	1130891
634	1131832
635	1132410
636	1133684
637	1136869
638	1139020
639	1139893
640	1140820
641	1142934
642	1146039
643	1146190
644	1147973
645	1149361
646	1150338
647	1150746
648	1154571
649	1154802
650	1159933
651	1169327
652	1169663
653	1170494
654	1170955
655	1172054
656	1173100
657	1173673
658	1174001
659	1174075
660	1176369
661	1179931
662	1186482
663	1187063
664	1188281
665	1191285
666	1196470
667	1196833
668	1198219
669	1199314
670	1200892
671	1202078
672	1203772
673	1209048
674	1210003
675	1210815
676	1210911
677	1211020
678	1215205
679	1217440
680	1218233
681	1219200
682	1220331
683	1221096
684	1221488
685	1223158
686	1226110
687	1230823
688	1230917
689	1231111
690	1231762
691	1232025
692	1235902
693	1241938
694	1245746
695	1246202
696	1252172
697	1255186
698	1257881
699	1260860
700	1261899
701	1262874
702	1266949
703	1278708
704	1279958
705	1280878
706	1282332
707	1284903
708	1289201
709	1289821
710	1290008
711	1290949
712	1293906
713	1304268
714	1304468
715	1319563
716	1321519
717	1323456
718	1325420
719	1325841
720	1329225
721	1329902
722	1331873
723	1332633
724	1333157
725	1335096
726	1341226
727	1341817
728	1342686
729	1345483
730	1346292
731	1349713
732	1354922
733	1358597
734	1359201
735	1366868
736	1368144
737	1369180
738	1373674
739	1374813
740	1380010
741	1381644
742	1381908
743	1382110
744	1384048
745	1385084
746	1388494
747	1389896
748	1390914
749	1393499
750	1395138
751	1395353
752	1398292
753	1398748
754	1401310
755	1401800
756	1404604
757	1404624
758	1405063
759	1407761
760	1409706
761	1410234
762	1415873
763	1417392
764	1418269
765	1418888
766	1421495
767	1428323
768	1429165
769	1431538
770	1431729
771	1438092
772	1441678
773	1448495
774	1449841
775	1450791
776	1452032
777	1455512
778	1456515
779	1457353
780	1460317
781	1467327
782	1468973
783	1470668
784	1473907
785	1480180
786	1493373
787	1495982
788	1496125
789	1496295
790	1498063
791	1498368
792	1499446
793	1500065
794	1500920
795	1501889
796	1503452
797	1504418
798	1507532
799	1509038
800	1509090
801	1513949
802	1514355
803	1515165
804	1518790
805	1519023
806	1521646
807	1523320
808	1527614
809	1530537
810	1531801
811	1538488
812	1538510
813	1540609
814	1544193
815	1546904
816	1547261
817	1548922
818	1551735
819	1552870
820	1557602
821	1558761
822	1560497
823	1561870
824	1562271
825	1565267
826	1568618
827	1569931
828	1578326
829	1578930
830	1579427
831	1580116
832	1582148
833	1584534
834	1587667
835	1588111
836	1589007
837	1594012
838	1600892
839	1602364
840	1602891
841	1603981
842	1605307
843	1610856
844	1611053
845	1611314
846	1611539
847	1611667
848	1611668
849	1611674
850	1611782
851	1612177
852	1612330
853	1612407
854	1612521
855	1612763
856	1613283
857	1614410
858	1615336
859	1615549
860	1617992
861	1630109
862	1630128
863	1634127
864	1634143
865	1635510
866	1640783
867	1640813
868	1640861
869	1640906
870	1649066
871	1653102
872	1654171
873	1654939
874	1655440
875	1659524
876	1660134
877	1661252
878	1662657
879	1664523
880	1666070
881	1666589
882	1667471
883	1671154
884	1671990
885	1672266
886	1678448
887	1683168
888	1685714
889	1692129
890	1693198
891	1693537
892	1695221
893	1696497
894	1696828
895	1697092
896	1698414
897	1701733
898	1709310
899	1709404
900	1710189
901	1710993
902	1713248
903	1713670
904	1715445
905	1715638
906	1728921
907	1733482
908	1733737
909	1734774
910	1736065
911	1741250
912	1741319
913	1741439
914	1741483
915	1741487
916	1741489
917	1741490
918	1741495
919	1741498
920	1741510
921	1741519
922	1741520
923	1741529
924	1741540
925	1741541
926	1741555
927	1741560
928	1741561
929	1741574
930	1741604
931	1741740
932	1743008
933	1743656
934	1743928
935	1744607
936	1746040
937	1746376
938	1750128
939	1752803
940	1754731
941	1755476
942	1757135
943	1757136
944	1757339
945	1757412
946	1757493
947	1757508
948	1757627
949	1757853
950	1757939
951	1758029
952	1758374
953	1759272
954	1762392
955	1766774
956	1773170
957	1773424
958	1774192
959	1774443
960	1782764
961	1783530
962	1787100
963	1788392
964	1790912
965	1796206
966	1797252
967	1797257
968	1800564
969	1800758
970	1801259
971	1801556
972	1802787
973	1807896
974	1809712
975	1811065
976	1815024
977	1815968
978	1816135
979	1821039
980	1821446
981	1822857
982	1823120
983	1824542
984	1827703
985	1829510
986	1833226
987	1836928
988	1837983
989	1841290
990	1844209
991	1844875
992	1846573
993	1847029
994	1848055
995	1849573
996	1849744
997	1853663
998	1857432
999	1860017
1000	1862147
1001	1862684
1002	1867055
1003	1867285
1004	1869165
1005	1870633
1006	1872326
1007	1872839
1008	1874200
1009	1874231
1010	1874234
1011	1874237
1012	1874238
1013	1874239
1014	1874241
1015	1874242
1016	1874255
1017	1875602
1018	1875607
1019	1875623
1020	1875625
1021	1875758
1022	1875760
1023	1875761
1024	1875890
1025	1875905
1026	1882247
1027	1884395
1028	1885023
1029	1889292
1030	1890000
1031	1891241
1032	1891877
1033	1894231
