1	18521
2	18551
3	18977
4	106816
5	106906
6	106909
7	106922
8	106933
9	106966
10	107038
11	107247
12	107368
13	107376
14	107578
15	107583
16	108371
17	108438
18	108965
19	109429
20	109430
21	109751
22	109847
23	109850
24	109892
25	109918
26	110429
27	110459
28	110460
29	110675
30	110690
31	111197
32	111321
33	111557
34	111572
35	111725
36	111919
37	111923
38	111930
39	111948
40	111996
41	112338
42	112405
43	112665
44	112714
45	112853
46	112864
47	112880
48	112896
49	112924
50	114029
51	117330
52	117381
53	117407
54	117671
55	117979
56	118030
57	118137
58	118480
59	118610
60	118690
61	118923
62	118929
63	119170
64	119883
65	120058
66	121100
67	121151
68	121153
69	121256
70	122219
71	122646
72	123340
73	124354
74	124498
75	209126
76	209480
77	246038
78	246281
79	246414
80	246909
81	249697
82	249703
83	250642
84	250644
85	254073
86	254122
87	254137
88	254472
89	254530
90	254531
91	255582
92	256202
93	256574
94	258177
95	258503
96	259521
97	259921
98	260032
99	308748
100	309508
101	309741
102	309773
103	309860
104	310336
105	311928
106	312143
107	316546
108	316816
109	317325
110	317642
111	318844
112	320325
113	320610
114	322236
115	322429
116	323404
117	323644
118	325007
119	325503
120	326499
121	327394
122	328336
123	328780
124	329777
125	330535
126	331599
127	332772
128	332773
129	332952
130	333733
131	333760
132	371808
133	372192
134	372775
135	374683
136	375163
137	375940
138	378301
139	378402
140	378404
141	378853
142	379317
143	379446
144	380380
145	381280
146	382275
147	384291
148	384552
149	386506
150	389008
151	390726
152	395514
153	395658
154	396920
155	399678
156	399847
157	400527
158	401305
159	401506
160	402276
161	402575
162	402785
163	402925
164	405155
165	405599
166	407359
167	407834
168	408007
169	408348
170	408454
171	409308
172	409403
173	409500
174	409769
175	410277
176	410568
177	410799
178	411444
179	411808
180	412206
181	412326
182	412946
183	413244
184	415073
185	415119
186	415384
187	416538
188	416665
189	417544
190	417755
191	419424
192	420286
193	421699
194	424162
195	424307
196	424661
197	425685
198	426874
199	426942
200	428385
201	428499
202	429326
203	429882
204	433148
205	433557
206	433739
207	433846
208	435627
209	435629
210	436200
211	436321
212	436852
213	438207
214	438226
215	440313
216	440689
217	442597
218	442713
219	443909
220	445237
221	446398
222	450840
223	452337
224	453112
225	458135
226	458764
227	461433
228	464360
229	466139
230	467291
231	467292
232	467702
233	467744
234	467925
235	468252
236	470118
237	470921
238	474827
239	475726
240	476242
241	480510
242	481348
243	481575
244	481686
245	484810
246	486183
247	487419
248	487954
249	488184
250	492022
251	494144
252	494149
253	496925
254	497229
255	497720
256	498024
257	501081
258	501683
259	502537
260	503496
261	505954
262	506612
263	509122
264	510094
265	510133
266	511617
267	511828
268	515010
269	515449
270	515801
271	516064
272	516704
273	517098
274	518463
275	519710
276	520194
277	520746
278	520995
279	521589
280	522520
281	525286
282	526088
283	527216
284	528580
285	529286
286	529650
287	530394
288	531690
289	532410
290	532573
291	535159
292	536031
293	536523
294	537825
295	540977
296	542545
297	542906
298	547047
299	547063
300	547866
301	549528
302	550261
303	550404
304	550506
305	550653
306	551864
307	554656
308	559303
309	561176
310	561375
311	562219
312	562315
313	563292
314	564194
315	568340
316	568780
317	571015
318	571521
319	572836
320	573018
321	573778
322	574177
323	576201
324	576402
325	578072
326	579416
327	579566
328	579763
329	583265
330	583616
331	584702
332	585883
333	587497
334	589340
335	589972
336	590062
337	590763
338	593449
339	594142
340	594193
341	594340
342	595285
343	595873
344	597301
345	597381
346	598831
347	599220
348	599649
349	600020
350	601480
351	602587
352	603817
353	603859
354	605608
355	605785
356	607884
357	609874
358	610930
359	611972
360	613300
361	614280
362	614304
363	614464
364	617686
365	617837
366	618196
367	619339
368	619807
369	620011
370	622029
371	623703
372	625356
373	625725
374	627348
375	628825
376	629001
377	629130
378	630885
379	631566
380	633063
381	633325
382	634114
383	636415
384	637869
385	640018
386	640247
387	641522
388	641852
389	641867
390	644707
391	645538
392	646484
393	647985
394	648316
395	648721
396	648829
397	650980
398	651849
399	652351
400	653154
401	653535
402	654173
403	654182
404	654259
405	654369
406	654371
407	655968
408	657523
409	657658
410	660839
411	662157
412	662297
413	664911
414	665224
415	667113
416	668453
417	668469
418	669353
419	674450
420	677826
421	678448
422	680326
423	680719
424	682323
425	682918
426	683050
427	683493
428	683534
429	686436
430	687355
431	688056
432	688552
433	689305
434	689732
435	690343
436	690476
437	695311
438	695335
439	695436
440	698451
441	698470
442	699038
443	699616
444	701772
445	701840
446	701842
447	701851
448	702168
449	702699
450	703056
451	705190
452	705353
453	707655
454	709188
455	710186
456	710226
457	710228
458	711808
459	714371
460	717203
461	717937
462	718046
463	718146
464	719091
465	720125
466	721294
467	722897
468	723117
469	726766
470	726828
471	727552
472	727687
473	729744
474	730879
475	731328
476	732098
477	732171
478	732390
479	732407
480	732589
481	732601
482	733042
483	733522
484	735650
485	736183
486	736491
487	737680
488	738177
489	739884
490	739993
491	740801
492	740892
493	741434
494	741675
495	742021
496	742354
497	743229
498	743230
499	744173
500	744323
501	744333
502	744593
503	745415
504	746931
505	747356
506	748014
507	748021
508	748828
509	749022
510	749890
511	750301
512	750383
513	750617
514	767727
515	768608
516	769017
517	769123
518	769215
519	771390
520	771933
521	772992
522	773961
523	774497
524	774699
525	775885
526	778449
527	780555
528	781024
529	782051
530	782125
531	783743
532	784104
533	784130
534	785034
535	785553
536	786770
537	789106
538	789287
539	789305
540	793884
541	794276
542	794287
543	796260
544	796390
545	796889
546	798422
547	800492
548	800768
549	801382
550	801810
551	803597
552	804816
553	805641
554	807069
555	807214
556	808893
557	809778
558	812580
559	813619
560	815103
561	815459
562	815583
563	815811
564	817296
565	817722
566	817785
567	818254
568	819915
569	825778
570	828896
571	829033
572	829125
573	829130
574	829203
575	829819
576	830134
577	834657
578	836301
579	837255
580	837379
581	838658
582	841100
583	842879
584	843139
585	843347
586	845421
587	846069
588	846076
589	847543
590	848032
591	850007
592	852112
593	854273
594	854885
595	854943
596	856090
597	857769
598	858126
599	862630
600	862735
601	865019
602	866879
603	867051
604	868391
605	869338
606	871889
607	872818
608	873115
609	873976
610	874787
611	874832
612	875951
613	877153
614	879568
615	881155
616	883325
617	883923
618	885614
619	886103
620	886652
621	886940
622	887064
623	887256
624	889985
625	890602
626	892143
627	892520
628	893206
629	894066
630	894067
631	895305
632	896807
633	897267
634	897436
635	897922
636	898738
637	900740
638	900876
639	900925
640	901056
641	903136
642	903202
643	903566
644	903617
645	904389
646	904578
647	904597
648	906475
649	908394
650	908809
651	908999
652	910228
653	911173
654	913909
655	916770
656	919631
657	920005
658	920270
659	921185
660	923071
661	925429
662	925704
663	926711
664	927028
665	927395
666	928223
667	928361
668	928471
669	928475
670	931817
671	931977
672	932608
673	935480
674	936586
675	938045
676	938420
677	940234
678	941173
679	941293
680	942054
681	942290
682	945082
683	945305
684	946082
685	948987
686	950034
687	951684
688	952129
689	952459
690	953604
691	954136
692	955222
693	956150
694	956444
695	957093
696	958614
697	961741
698	963031
699	963811
700	964036
701	964604
702	965092
703	966391
704	967378
705	967805
706	968747
707	969812
708	970547
709	971788
710	972828
711	973087
712	973647
713	973811
714	975261
715	975741
716	979369
717	981062
718	982718
719	982893
720	984319
721	985009
722	988442
723	989171
724	989218
725	989608
726	989803
727	990611
728	990849
729	991283
730	991606
731	992437
732	992854
733	993170
734	996679
735	998542
736	998790
737	999094
738	999279
739	1000570
740	1001397
741	1003287
742	1004168
743	1005743
744	1007024
745	1007633
746	1009072
747	1011066
748	1012604
749	1013336
750	1015596
751	1016044
752	1016139
753	1017721
754	1021582
755	1023172
756	1024162
757	1026334
758	1029807
759	1030181
760	1031193
761	1033751
762	1035458
763	1036636
764	1037758
765	1038825
766	1043460
767	1045650
768	1046622
769	1047768
770	1049605
771	1050463
772	1050694
773	1050910
774	1055614
775	1057387
776	1057745
777	1058275
778	1058711
779	1058924
780	1059101
781	1059110
782	1059117
783	1059282
784	1059412
785	1062790
786	1063851
787	1064254
788	1066435
789	1067640
790	1069237
791	1071155
792	1073315
793	1073437
794	1073607
795	1074291
796	1075215
797	1076079
798	1076285
799	1076945
800	1077432
801	1077933
802	1078287
803	1079444
804	1080523
805	1080694
806	1082125
807	1083727
808	1084391
809	1084772
810	1086001
811	1086254
812	1086811
813	1089759
814	1089963
815	1090007
816	1090279
817	1090796
818	1091568
819	1091920
820	1093385
821	1093808
822	1093892
823	1095891
824	1095919
825	1102634
826	1102671
827	1102819
828	1103352
829	1106067
830	1108774
831	1108915
832	1110263
833	1110369
834	1111082
835	1111920
836	1113511
837	1114035
838	1114141
839	1114735
840	1115573
841	1117632
842	1118471
843	1120106
844	1120326
845	1120367
846	1120651
847	1123212
848	1123250
849	1123282
850	1123337
851	1123338
852	1123373
853	1123401
854	1126779
855	1126967
856	1127016
857	1127067
858	1127472
859	1128440
860	1128447
861	1129049
862	1129082
863	1129113
864	1129662
865	1134256
866	1134298
867	1134323
868	1138619
869	1139875
870	1140946
871	1144648
872	1145634
873	1146109
874	1146186
875	1146332
876	1147603
877	1148053
878	1150315
879	1150358
880	1150507
881	1150630
882	1197076
883	1197360
884	1197769
885	1199999
886	1200406
887	1200920
888	1201513
889	1201998
890	1204249
891	1204911
892	1205006
893	1205103
894	1205705
895	1206169
896	1206388
897	1206765
898	1209212
899	1209379
900	1210325
901	1210552
902	1211446
903	1211708
904	1212712
905	1213869
906	1215012
907	1215303
908	1218670
909	1219053
910	1219565
911	1220133
912	1220287
913	1221614
914	1223517
915	1229192
916	1233043
917	1233854
918	1238226
919	1239543
920	1240002
921	1240185
922	1240278
923	1240666
924	1242808
925	1245478
926	1246114
927	1246148
928	1246599
929	1250065
930	1250485
931	1258681
932	1259499
933	1260489
934	1262704
935	1263709
936	1265731
937	1266298
938	1266637
939	1271144
940	1273572
941	1273864
942	1274279
943	1276378
944	1278321
945	1286859
946	1288090
947	1288522
948	1289235
949	1289236
950	1292051
951	1296276
952	1296746
953	1297680
954	1297791
955	1297838
956	1299579
957	1300847
958	1304930
959	1307470
960	1308075
961	1308775
962	1308828
963	1309647
964	1310139
965	1311159
966	1311574
967	1311647
968	1311940
969	1312943
970	1313924
971	1314086
972	1315509
973	1315550
974	1315646
975	1315665
976	1316590
977	1320926
978	1322037
979	1327591
980	1329441
981	1329709
982	1329843
983	1329848
984	1331673
985	1331837
986	1333132
987	1333416
988	1334042
989	1335182
990	1335528
991	1339001
992	1339009
993	1339843
994	1340460
995	1343153
996	1345273
997	1346639
998	1346655
999	1346665
1000	1348031
1001	1348068
1002	1350118
1003	1350702
1004	1351821
1005	1354815
1006	1358999
1007	1361706
1008	1366965
1009	1369100
1010	1371467
1011	1372127
1012	1374105
1013	1375255
1014	1375814
1015	1375817
1016	1376657
1017	1377153
1018	1378949
1019	1380226
1020	1381736
1021	1382120
1022	1382881
1023	1383302
1024	1383590
1025	1383793
1026	1386339
1027	1388232
1028	1389431
1029	1391314
1030	1391822
1031	1392863
1032	1394128
1033	1394197
1034	1395731
1035	1397335
1036	1398432
1037	1398919
1038	1399359
1039	1401846
1040	1403789
1041	1405529
1042	1408067
1043	1411260
1044	1413773
1045	1414073
1046	1415492
1047	1417115
1048	1418955
1049	1420010
1050	1423183
1051	1424118
1052	1425915
1053	1427505
1054	1429262
1055	1430065
1056	1433183
1057	1437628
1058	1437937
1059	1438501
1060	1441353
1061	1441620
1062	1442529
1063	1444595
1064	1445317
1065	1446011
1066	1446958
1067	1449349
1068	1449704
1069	1451428
1070	1455113
1071	1456198
1072	1457217
1073	1457469
1074	1459299
1075	1460344
1076	1462415
1077	1463217
1078	1463269
1079	1463666
1080	1464632
1081	1465741
1082	1468856
1083	1468961
1084	1469432
1085	1470930
1086	1471428
1087	1472016
1088	1472181
1089	1473073
1090	1474031
1091	1476109
1092	1477967
1093	1478323
1094	1480438
1095	1481471
1096	1481843
1097	1482922
1098	1484692
1099	1484840
1100	1485318
1101	1485658
1102	1487245
1103	1488263
1104	1488337
1105	1488524
1106	1488620
1107	1488630
1108	1489308
1109	1489671
1110	1490179
1111	1490244
1112	1490321
1113	1491776
1114	1495246
1115	1495809
1116	1497988
1117	1500316
1118	1500474
1119	1500509
1120	1500799
1121	1501091
1122	1502394
1123	1503843
1124	1503997
1125	1504665
1126	1505119
1127	1507376
1128	1511302
1129	1513377
1130	1514439
1131	1514784
1132	1517007
1133	1517389
1134	1518755
1135	1519057
1136	1520233
1137	1521234
1138	1521295
1139	1526347
1140	1527362
1141	1530873
1142	1533101
1143	1535019
1144	1537597
1145	1541140
1146	1542613
1147	1542934
1148	1543430
1149	1546147
1150	1548630
1151	1554217
1152	1557610
1153	1557753
1154	1558383
1155	1558695
1156	1560110
1157	1562048
1158	1563793
1159	1565903
1160	1568262
1161	1570980
1162	1571163
1163	1571785
1164	1571921
1165	1573783
1166	1573930
1167	1574459
1168	1574740
1169	1575430
1170	1575511
1171	1575830
1172	1578296
1173	1578645
1174	1579890
1175	1581042
1176	1584134
1177	1584357
1178	1584359
1179	1584473
1180	1585011
1181	1585024
1182	1585034
1183	1586473
1184	1586546
1185	1600178
1186	1600586
1187	1608575
1188	1611653
1189	1613035
1190	1614550
1191	1614853
1192	1614860
1193	1616055
1194	1617262
1195	1618608
1196	1621183
1197	1622096
1198	1623284
1199	1623677
1200	1624942
1201	1626926
1202	1628757
1203	1629184
1204	1633762
1205	1635260
1206	1637640
1207	1640554
1208	1640800
1209	1641469
1210	1643282
1211	1643292
1212	1644068
1213	1645517
1214	1645872
1215	1647136
1216	1647692
1217	1649036
1218	1649838
1219	1651149
1220	1651963
1221	1651964
1222	1652198
1223	1653074
1224	1653933
1225	1654174
1226	1654377
1227	1654417
1228	1654939
1229	1655005
1230	1655499
1231	1660268
1232	1660773
1233	1661331
1234	1661576
1235	1661683
1236	1663510
1237	1665121
1238	1665123
1239	1666052
1240	1667163
1241	1667709
1242	1668666
1243	1670872
1244	1672690
1245	1673081
1246	1676798
1247	1677919
1248	1678911
1249	1680612
1250	1680748
1251	1680767
1252	1680910
1253	1680931
1254	1683834
1255	1684741
1256	1688805
1257	1690150
1258	1690688
1259	1690905
1260	1696171
1261	1701125
1262	1702010
1263	1703323
1264	1704200
1265	1704764
1266	1705059
1267	1705287
1268	1706384
1269	1709124
1270	1709675
1271	1716411
1272	1716693
1273	1718363
1274	1719398
1275	1720794
1276	1721774
1277	1722084
1278	1727931
1279	1727987
1280	1728568
1281	1732231
1282	1732535
1283	1733269
1284	1738613
1285	1740656
1286	1742513
1287	1743257
1288	1747301
1289	1748539
1290	1748654
1291	1749636
1292	1750115
1293	1751604
1294	1751735
1295	1751748
1296	1752334
1297	1752914
1298	1754157
1299	1754346
1300	1754517
1301	1754610
1302	1755055
1303	1755430
1304	1755949
1305	1756847
1306	1758037
1307	1758043
1308	1758441
1309	1760139
1310	1763782
1311	1764191
1312	1764713
1313	1765352
1314	1767201
1315	1767817
1316	1770994
1317	1771549
1318	1771918
1319	1772269
1320	1775285
1321	1776187
1322	1777156
1323	1777945
1324	1778751
1325	1780064
1326	1780286
1327	1781081
1328	1785210
1329	1785352
1330	1786705
1331	1787949
1332	1791761
1333	1793833
1334	1794010
1335	1794504
1336	1794557
1337	1795229
1338	1796335
1339	1796375
1340	1796646
1341	1796739
1342	1798057
1343	1798886
1344	1800259
1345	1800322
1346	1800388
1347	1800402
1348	1800442
1349	1802232
1350	1804356
1351	1805314
1352	1806284
1353	1807049
1354	1807732
1355	1810073
1356	1811502
1357	1813406
1358	1815109
1359	1815206
1360	1815548
1361	1817182
1362	1817705
1363	1818569
1364	1818663
1365	1818825
1366	1819202
1367	1820795
1368	1821521
1369	1822797
1370	1823147
1371	1823458
1372	1824824
1373	1826938
1374	1828604
1375	1830766
1376	1838031
1377	1838041
1378	1840336
1379	1841185
1380	1843772
1381	1845365
1382	1849579
1383	1849798
1384	1851656
1385	1852625
1386	1852851
1387	1853346
1388	1855810
1389	1855825
1390	1855826
1391	1857507
1392	1857943
1393	1860472
1394	1860835
1395	1860877
1396	1864703
1397	1866691
1398	1868323
1399	1869115
1400	1869949
1401	1870315
1402	1871635
1403	1872977
1404	1874469
1405	1874976
1406	1876406
1407	1876623
1408	1877132
1409	1877969
1410	1878954
1411	1879565
1412	1879833
1413	1879910
1414	1880315
1415	1880556
1416	1881650
1417	1881852
1418	1883740
1419	1885645
1420	1886140
1421	1886679
1422	1886758
1423	1888192
1424	1888734
1425	1889797
1426	1890262
1427	1890809
1428	1891598
1429	1893641
1430	1934572
1431	1934956
1432	1935972
1433	1940627
1434	1945638
1435	1945857
1436	1946307
1437	1946780
1438	1948957
1439	1949512
1440	1953437
1441	1953495
1442	1954349
1443	1955425
1444	1955691
1445	1960074
1446	1961134
1447	1961560
1448	1961806
1449	1962924
1450	1964209
1451	1964391
1452	1965122
1453	1966467
1454	1966468
1455	1966534
1456	1966569
1457	1966598
1458	1966622
1459	1967344
1460	1967713
1461	1968854
1462	1970416
1463	1974044
1464	1974441
1465	1975186
1466	1975320
1467	1976879
1468	1978636
1469	1979953
1470	1980405
1471	1980545
1472	1980982
1473	1982390
1474	1984925
1475	1984934
1476	1985306
1477	1985810
1478	1986423
1479	1986806
1480	1987424
1481	1987961
1482	1988748
1483	1990430
1484	1990538
1485	1990699
1486	1990846
1487	1991122
1488	1993432
1489	1994136
1490	1996259
1491	1996714
1492	2004499
1493	2004510
1494	2004863
1495	2006171
1496	2007971
1497	2013759
1498	2014029
1499	2014916
1500	2014946
1501	2015275
1502	2017192
1503	2019578
1504	2021011
1505	2022108
1506	2027182
1507	2027773
1508	2030708
1509	2031057
1510	2033047
1511	2033640
1512	2036892
1513	2037805
1514	2038343
1515	2040593
1516	2044173
1517	2046337
1518	2047021
1519	2047878
1520	2048573
1521	2050024
1522	2050655
1523	2050829
1524	2053531
1525	2053572
1526	2054965
1527	2055170
1528	2055176
1529	2055192
1530	2059343
1531	2059546
1532	2060392
1533	2060847
1534	2062366
1535	2065665
1536	2065906
1537	2067411
1538	2070014
1539	2070674
1540	2070823
1541	2075022
1542	2076243
1543	2076812
1544	2077422
1545	2079526
1546	2080069
1547	2081190
1548	2081447
1549	2086226
1550	2087980
1551	2088719
1552	2088791
1553	2089576
1554	2092180
1555	2092671
1556	2093103
1557	2095345
1558	2095594
1559	2098258
1560	2098782
1561	2098824
1562	2102105
1563	2102198
1564	2103284
1565	2103760
1566	2107655
1567	2107674
1568	2107996
1569	2108758
1570	2109172
1571	2109262
1572	2109383
1573	2109858
1574	2110331
1575	2110639
1576	2112326
1577	2113085
1578	2113937
1579	2115430
1580	2115442
1581	2116148
1582	2117228
1583	2118015
1584	2121542
1585	2122147
1586	2122237
1587	2122875
1588	2123495
1589	2126059
1590	2126126
1591	2126745
1592	2129754
1593	2129878
1594	2130450
1595	2133807
1596	2135186
1597	2137698
1598	2138350
1599	2138866
1600	2139063
1601	2139474
1602	2141712
1603	2142211
1604	2143090
1605	2143974
1606	2144674
1607	2144880
1608	2144954
1609	2145263
1610	2145317
1611	2145350
1612	2145353
1613	2145601
1614	2147504
1615	2148452
1616	2148596
1617	2151744
1618	2152349
1619	2152571
1620	2154987
1621	2159515
1622	2160850
1623	2162786
1624	2165996
1625	2167004
1626	2172107
1627	2172664
1628	2173884
1629	2175185
1630	2175773
1631	2177701
1632	2177971
1633	2178024
1634	2178697
1635	2180792
1636	2181231
1637	2186198
1638	2186511
1639	2186883
1640	2187175
1641	2187261
1642	2187524
1643	2189961
1644	2191671
1645	2193264
1646	2194307
1647	2197180
1648	2198678
1649	2199391
1650	2199669
1651	2200815
1652	2201276
1653	2201995
1654	2204780
1655	2206943
1656	2209843
1657	2214724
1658	2214983
1659	2215035
1660	2215074
1661	2215941
1662	2218018
1663	2218753
1664	2219268
1665	2221000
1666	2223029
1667	2223342
1668	2223398
1669	2226750
1670	2229418
1671	2235251
1672	2235835
1673	2236759
1674	2236958
1675	2241439
1676	2243526
1677	2248651
1678	2250544
1679	2252094
1680	2254422
1681	2255394
1682	2256010
1683	2257619
1684	2258048
1685	2258381
1686	2258561
1687	2260868
1688	2261280
1689	2263978
1690	2264020
1691	2264210
1692	2265176
1693	2266004
1694	2270054
1695	2281349
1696	2284526
1697	2288355
1698	2288392
1699	2289459
1700	2298765
1701	2301124
1702	2302465
1703	2303232
1704	2306312
1705	2308735
1706	2309806
1707	2310283
1708	2312516
1709	2312945
1710	2314536
1711	2314676
1712	2316418
1713	2318672
1714	2319157
1715	2319455
1716	2345780
1717	2346556
1718	2348556
1719	2348647
1720	2349719
1721	2351048
1722	2354041
1723	2354946
1724	2356112
1725	2356277
1726	2357331
1727	2392856
1728	2393219
1729	2394302
1730	2395206
1731	2396209
1732	2400405
1733	2400840
1734	2401710
1735	2402040
1736	2402042
1737	2402114
1738	2402582
1739	2405070
1740	2405554
1741	2407115
1742	2407268
1743	2408344
1744	2408563
1745	2415943
1746	2416053
1747	2417792
1748	2418674
1749	2419612
1750	2421450
1751	2422943
1752	2427237
1753	2431574
1754	2432992
1755	2433170
1756	2433849
1757	2436308
1758	2436527
1759	2436699
1760	2436933
1761	2438808
1762	2440485
1763	2440578
1764	2442562
1765	2442818
1766	2444796
1767	2446113
1768	2448515
1769	2450028
1770	2453331
1771	2453745
1772	2453891
1773	2454319
1774	2455303
1775	2455888
1776	2456409
1777	2457255
1778	2458871
1779	2459822
1780	2461283
1781	2461506
1782	2462232
1783	2464052
1784	2464939
1785	2467847
1786	2468541
1787	2471471
1788	2472192
1789	2472321
1790	2474259
1791	2476794
1792	2481492
1793	2482571
1794	2482677
1795	2492657
1796	2492658
1797	2492670
1798	2496997
1799	2497606
1800	2497945
1801	2498528
1802	2499009
1803	2502024
1804	2502985
1805	2503023
1806	2504995
1807	2505179
1808	2505202
1809	2508140
1810	2509004
1811	2512555
1812	2514136
1813	2515147
1814	2515643
1815	2517219
1816	2518797
1817	2519525
1818	2521038
1819	2521721
1820	2522628
1821	2522658
1822	2523911
1823	2525850
1824	2531537
1825	2534850
1826	2538848
1827	2541505
1828	2542067
1829	2544454
1830	2546239
1831	2546916
1832	2548092
1833	2548228
1834	2548795
1835	2550595
1836	2551327
1837	2552158
1838	2552166
1839	2553821
1840	2554977
1841	2556944
1842	2556970
1843	2557496
1844	2559019
1845	2559465
1846	2560327
1847	2562529
1848	2563944
1849	2564579
1850	2566924
1851	2567543
1852	2567939
1853	2568949
1854	2569248
1855	2569939
1856	2570347
1857	2570934
1858	2572015
1859	2572272
1860	2572930
1861	2574522
1862	2575774
1863	2575955
1864	2577104
1865	2577622
1866	2579902
1867	2580272
1868	2580528
1869	2581002
1870	2587509
1871	2588228
1872	2590399
1873	2592132
1874	2592524
1875	2592657
1876	2592957
1877	2594243
1878	2595259
1879	2597677
1880	2600128
1881	2601209
1882	2601433
1883	2601471
1884	2602824
1885	2603445
1886	2603578
1887	2605840
1888	2608340
1889	2608954
1890	2611036
1891	2611434
1892	2613607
1893	2614740
1894	2615575
1895	2618505
1896	2622869
1897	2625116
1898	2627331
1899	2627568
1900	2627600
1901	2628539
1902	2629027
1903	2629856
1904	2635554
1905	2638527
1906	2639454
1907	2639584
1908	2640664
1909	2641840
1910	2643523
1911	2645817
1912	2645883
1913	2646177
1914	2646249
1915	2649138
1916	2649176
1917	2650435
1918	2650518
1919	2651003
1920	2651594
1921	2653745
1922	2655911
1923	2665407
1924	2666422
1925	2668007
1926	2668008
1927	2669273
1928	2669601
1929	2669886
1930	2671200
1931	2676030
1932	2677847
1933	2678842
1934	2679555
1935	2680289
1936	2681805
1937	2681837
1938	2682089
1939	2683514
1940	2687776
1941	2688897
1942	2697707
1943	2697834
1944	2698781
1945	2709178
1946	2710197
1947	2715187
1948	2715754
1949	2717937
1950	2719362
1951	2719546
1952	2719677
1953	2721352
1954	2724177
1955	2725497
1956	2725524
1957	2725656
1958	2728282
1959	2730081
1960	2730392
1961	2731205
1962	2736452
1963	2739371
1964	2739939
1965	2742996
1966	2743443
1967	2743499
1968	2745177
1969	2749554
1970	2751763
1971	2754171
1972	2761633
1973	2762835
1974	2767736
1975	2770813
1976	2770838
1977	2774012
1978	2774153
1979	2774209
1980	2774763
1981	2775475
1982	2776290
1983	2777051
1984	2782314
1985	2783989
1986	2785385
1987	2786172
1988	2786373
1989	2789088
1990	2789444
1991	2789585
1992	2789807
1993	2789876
1994	2790787
1995	2790800
1996	2791246
1997	2794588
1998	2795578
1999	2795810
2000	2798195
2001	2800165
2002	2801166
2003	2803453
2004	2804694
2005	2805203
2006	2805951
2007	2809163
2008	2812741
2009	2812748
2010	2813377
2011	2814312
2012	2815967
2013	2823451
2014	2823800
2015	2825029
2016	2825294
2017	2831029
2018	2833372
2019	2842307
2020	2843192
2021	2843566
2022	2845158
2023	2848032
2024	2848565
2025	2850073
2026	2853596
2027	2855412
2028	2856627
2029	2862689
2030	2866209
2031	2868038
2032	2869097
2033	2869519
2034	2870521
2035	2871920
2036	2872034
2037	2872035
2038	2872495
2039	2872962
2040	2873501
2041	2873739
2042	2875356
2043	2875362
2044	2875497
2045	2877341
2046	2879854
2047	2885354
2048	2886252
2049	2887067
2050	2889945
2051	2891536
2052	2891972
2053	2892680
2054	2892864
2055	2895748
2056	2898936
2057	2900301
2058	2900688
2059	2912713
2060	2914356
2061	2917028
2062	2917308
2063	2919037
2064	2922396
2065	2924026
2066	2925640
2067	2926325
2068	2926686
2069	2927108
2070	2935601
2071	2936163
2072	2936676
2073	2937186
2074	2937630
2075	2939905
2076	2940854
2077	2941500
2078	2942565
2079	2942702
2080	2942716
2081	2942728
2082	2943619
2083	2945288
2084	2947375
2085	2947783
2086	2947895
2087	2949049
2088	2949490
2089	2953071
2090	2953197
2091	2955155
2092	2955791
2093	2957871
2094	2958722
2095	2960493
2096	2964292
2097	2964312
2098	2966356
2099	2967587
2100	2968950
2101	2968968
2102	2970874
2103	2972195
2104	2975318
2105	2976164
2106	2978247
2107	2979158
2108	2979951
2109	2982214
2110	2982938
2111	2983276
2112	2984207
2113	2984570
2114	2985194
2115	2985675
2116	2986201
2117	2989766
2118	2989961
2119	2989975
2120	2991431
2121	2992383
2122	2996641
2123	2997522
2124	3003712
2125	3004595
2126	3005517
2127	3005889
2128	3006514
2129	3006650
2130	3009562
2131	3009808
2132	3010706
2133	3011075
2134	3013063
2135	3013623
2136	3016955
2137	3018826
2138	3020168
2139	3021015
2140	3022548
2141	3023095
2142	3026698
2143	3027708
2144	3027819
2145	3027980
2146	3028319
2147	3030965
2148	3031645
2149	3033375
2150	3033575
2151	3034471
2152	3036037
2153	3036050
2154	3036285
2155	3036362
2156	3037478
2157	3038472
2158	3038946
2159	3039434
2160	3039858
2161	3040451
2162	3040631
2163	3041728
2164	3043885
2165	3045812
2166	3045835
2167	3047752
2168	3049353
2169	3049852
2170	3051905
2171	3053930
2172	3056450
2173	3056949
2174	3057129
2175	3057927
2176	3061343
2177	3062754
2178	3063133
2179	3066818
2180	3070821
2181	3072903
2182	3079784
2183	3080693
2184	3083152
2185	3085124
2186	3085653
2187	3089532
2188	3089690
2189	3090013
2190	3090278
2191	3090460
2192	3091540
2193	3092884
2194	3093385
2195	3095891
2196	3096073
2197	3096582
2198	3099743
2199	3100647
2200	3102207
2201	3102414
2202	3102994
2203	3103331
2204	3103415
2205	3106027
2206	3107790
2207	3109936
2208	3112479
2209	3113583
2210	3116263
2211	3116944
2212	3117821
2213	3118799
2214	3118962
2215	3119377
2216	3124562
2217	3124604
2218	3124731
2219	3126748
2220	3127086
2221	3127611
2222	3127656
2223	3127691
2224	3127705
2225	3128675
2226	3129216
2227	3129958
2228	3130157
2229	3130886
2230	3134379
2231	3135067
2232	3135565
2233	3136319
2234	3137173
2235	3138747
2236	3138988
2237	3142965
2238	3146442
2239	3146798
2240	3146961
2241	3150124
2242	3150289
2243	3151178
2244	3151940
2245	3155143
2246	3155523
2247	3156167
2248	3157041
2249	3157257
2250	3161328
2251	3162837
2252	3162893
2253	3164057
2254	3171961
2255	3175057
2256	3175428
2257	3176125
2258	3177741
2259	3177765
2260	3177859
2261	3181708
2262	3184697
2263	3185469
2264	3186550
2265	3186728
2266	3187125
2267	3189685
2268	3191961
2269	3194236
2270	3194477
2271	3194960
2272	3195041
2273	3195828
2274	3198424
2275	3199005
2276	3200237
2277	3200291
2278	3200605
2279	3206009
2280	3207508
2281	3208411
2282	3208897
2283	3210042
2284	3211202
2285	3214727
2286	3214913
2287	3216330
2288	3217360
2289	3217586
2290	3218415
2291	3218542
2292	3219677
2293	3219773
2294	3220400
2295	3220483
2296	3220536
2297	3221361
2298	3226804
2299	3229512
2300	3230113
2301	3230370
2302	3232565
2303	3233488
2304	3234615
2305	3235966
2306	3237394
2307	3238790
2308	3239217
2309	3240152
2310	3240993
2311	3241106
2312	3241436
2313	3241489
2314	3241727
2315	3241867
2316	3242365
2317	3242508
2318	3243595
2319	3244159
2320	3244297
2321	3244491
2322	3244868
2323	3245574
2324	3246695
2325	3247677
2326	3248630
2327	3248971
2328	3249231
2329	3249667
2330	3251358
2331	3251756
2332	3251823
2333	3252624
2334	3258982
2335	3259465
2336	3259777
2337	3262418
2338	3269015
2339	3271420
2340	3272937
2341	3272995
2342	3274359
2343	3279847
2344	3280924
2345	3283026
2346	3287718
2347	3291375
2348	3291607
2349	3293610
2350	3295219
2351	3295532
2352	3295568
2353	3297873
2354	3299338
2355	3300523
2356	3301197
2357	3306543
2358	3307663
2359	3308000
2360	3309630
2361	3309929
2362	3310588
2363	3312671
2364	3313661
2365	3319597
2366	3320845
2367	3321092
2368	3321911
2369	3323516
2370	3325285
2371	3326169
2372	3329427
2373	3329775
2374	3331442
2375	3331726
2376	3335153
2377	3335328
2378	3336107
2379	3337061
2380	3337187
2381	3338792
2382	3340821
2383	3341496
2384	3341585
2385	3341865
2386	3349137
2387	3349283
2388	3349311
2389	3349387
2390	3349446
2391	3349832
2392	3354015
2393	3354649
2394	3355405
2395	3359446
2396	3361252
2397	3361292
2398	3361573
2399	3365537
2400	3368055
2401	3368256
2402	3375482
2403	3376646
2404	3377941
2405	3379283
2406	3379549
2407	3383514
2408	3384421
2409	3385627
2410	3386066
2411	3386857
2412	3387877
2413	3388891
2414	3389025
2415	3389339
2416	3391805
2417	3391893
2418	3392114
2419	3393066
2420	3393196
2421	3393940
2422	3398016
2423	3402089
2424	3402476
2425	3403555
2426	3404798
2427	3405624
2428	3407830
2429	3411580
2430	3411880
2431	3414666
2432	3414880
2433	3417035
2434	3418542
2435	3419039
2436	3420216
2437	3422379
2438	3425871
2439	3428698
2440	3436804
2441	3441832
2442	3444619
2443	3444625
2444	3444979
2445	3444993
2446	3445194
2447	3445395
2448	3445979
2449	3446437
2450	3455160
2451	3455188
2452	3456525
2453	3457543
2454	3458454
2455	3463071
2456	3463696
2457	3463702
2458	3464299
2459	3464311
2460	3465675
2461	3466230
2462	3466381
2463	3468917
2464	3473775
2465	3475312
2466	3476156
2467	3478889
2468	3479673
2469	3481639
2470	3482839
2471	3485221
2472	3485229
2473	3489068
2474	3489302
2475	3489506
2476	3489667
2477	3490848
2478	3492235
2479	3492777
2480	3492806
2481	3492821
2482	3495285
2483	3495420
2484	3499325
2485	3499706
2486	3501984
2487	3502860
2488	3502862
2489	3503606
2490	3504805
2491	3505980
2492	3506820
2493	3510033
2494	3510285
2495	3512475
2496	3516763
2497	3517242
2498	3517527
2499	3520331
2500	3521561
2501	3523869
2502	3523988
2503	3528843
2504	3535801
2505	3538011
2506	3539841
2507	3540796
2508	3541123
2509	3542170
2510	3543541
2511	3544115
2512	3544752
2513	3545072
2514	3547078
2515	3548312
2516	3548707
2517	3557453
2518	3557681
2519	3557929
2520	3558528
2521	3559339
2522	3561752
2523	3562062
2524	3563358
2525	3564562
2526	3564880
2527	3567116
2528	3567281
2529	3570034
2530	3571894
2531	3573405
2532	3573947
2533	3574386
2534	3575698
2535	3577109
2536	3578958
2537	3579481
2538	3580004
2539	3583725
2540	3585677
2541	3586136
2542	3586278
2543	3586326
2544	3587137
2545	3589014
2546	3589065
2547	3589577
2548	3590583
2549	3590764
2550	3590884
2551	3592460
2552	3594566
2553	3597770
2554	3597801
2555	3598277
2556	3599814
2557	3602191
2558	3602643
2559	3604165
2560	3604757
2561	3605522
2562	3605695
2563	3605862
2564	3605891
2565	3606572
2566	3606814
2567	3607043
2568	3607716
2569	3608701
2570	3612025
2571	3615519
2572	3615968
2573	3616016
2574	3616152
2575	3616424
2576	3619582
2577	3619964
2578	3620453
2579	3622676
2580	3622810
2581	3622897
2582	3625909
2583	3627393
2584	3631541
2585	3631798
2586	3633321
2587	3634385
2588	3635256
2589	3636598
2590	3636936
2591	3637245
2592	3640239
2593	3640817
2594	3642577
2595	3642585
2596	3643813
2597	3645025
2598	3645230
2599	3645789
2600	3647940
2601	3648752
2602	3650367
2603	3652299
2604	3653637
2605	3655968
2606	3656804
2607	3656805
2608	3658692
2609	3659751
2610	3659768
2611	3659876
2612	3661499
2613	3661961
2614	3662549
2615	3662908
2616	3665274
2617	3666209
2618	3666364
2619	3668454
2620	3668829
2621	3669665
2622	3670012
2623	3670164
2624	3670366
2625	3671198
2626	3674076
2627	3677927
2628	3678059
2629	3684024
2630	3685462
2631	3685875
2632	3686049
2633	3688297
2634	3689076
2635	3689418
2636	3690232
2637	3690262
2638	3690852
2639	3691352
2640	3691369
2641	3691434
2642	3691485
2643	3691985
2644	3693703
2645	3698924
2646	3699751
2647	3699796
2648	3700743
2649	3702109
2650	3705540
2651	3710409
2652	3711238
2653	3711954
2654	3712302
2655	3713404
2656	3714504
2657	3714517
2658	3718080
2659	3719583
2660	3723688
2661	3727529
2662	3727727
2663	3727742
2664	3728867
2665	3729500
2666	3730692
2667	3731204
2668	3732764
2669	3733561
2670	3734512
2671	3738029
2672	3738434
2673	3739533
2674	3741391
2675	3743016
2676	3743401
2677	3743971
2678	3744328
2679	3744331
2680	3744469
2681	3746970
2682	3747945
2683	3748613
2684	3751287
2685	3751963
2686	3755534
2687	3756311
2688	3756782
2689	3757538
2690	3758606
2691	3760968
2692	3761251
2693	3763814
2694	3763825
2695	3764023
2696	3765211
2697	3767928
2698	3769493
2699	3770521
2700	3771009
2701	3771283
2702	3771356
2703	3776526
2704	3776803
2705	3777808
2706	3782839
2707	3782917
2708	3782972
2709	3783592
2710	3783756
2711	3784490
2712	3785066
2713	3785067
2714	3787229
2715	3787440
2716	3788873
2717	3789251
2718	3789895
2719	3791245
2720	3791283
2721	3791417
2722	3792893
2723	3792905
2724	3796160
2725	3796849
2726	3796855
2727	3798887
2728	3801599
2729	3802421
2730	3802517
2731	3802541
2732	3802658
2733	3803123
2734	3803411
2735	3803717
2736	3803749
2737	3803786
2738	3804435
2739	3804965
2740	3805215
2741	3805389
2742	3805690
2743	3806131
2744	3806248
2745	3806277
2746	3806291
2747	3806301
2748	3806547
2749	3808943
2750	3810063
2751	3811762
2752	3812951
2753	3813720
2754	3813899
2755	3813906
2756	3813908
2757	3813911
2758	3815638
2759	3816021
2760	3816023
2761	3816112
2762	3816266
2763	3816459
2764	3816461
2765	3817040
2766	3817546
2767	3818810
2768	3818954
2769	3819405
2770	3821567
2771	3822383
2772	3822935
2773	3823994
2774	3824125
2775	3824362
2776	3827807
2777	3830170
2778	3830793
2779	3831701
2780	3831883
2781	3832760
2782	3834525
2783	3834610
2784	3834613
2785	3834876
2786	3835030
2787	3835031
2788	3837518
2789	3838403
2790	3838683
2791	3838835
2792	3841305
2793	3842457
2794	3843969
2795	3844163
2796	3850995
2797	3851463
2798	3853618
2799	3854093
2800	3854225
2801	3855682
2802	3857210
2803	3857527
2804	3861507
2805	3864608
2806	3866212
2807	3869011
2808	3869658
2809	3871304
2810	3873747
2811	3875949
2812	3877155
2813	3877384
2814	3880176
2815	3881236
2816	3881254
2817	3881736
2818	3884870
2819	3885177
2820	3887920
2821	3888539
2822	3890887
2823	3891622
2824	3891647
2825	3892389
2826	3892802
2827	3892827
2828	3893416
2829	3894361
2830	3894878
2831	3895596
2832	3895772
2833	3896061
2834	3896785
2835	3897108
2836	3897179
2837	3897194
2838	3898050
2839	3898308
2840	3899737
2841	3905785
2842	3906121
2843	3906138
2844	3907137
2845	3909066
2846	3910320
2847	3911584
2848	3912885
2849	3913489
2850	3918687
2851	3921179
2852	3926635
2853	3932470
2854	3932694
2855	3935387
2856	3935621
2857	3935896
2858	3940810
2859	3941520
2860	3941576
2861	3943557
2862	3944293
2863	3946597
2864	3947334
2865	3948635
2866	3952496
2867	3952691
2868	3953669
2869	3954299
2870	3954591
2871	3955055
2872	3955403
2873	3955897
2874	3958900
2875	3958920
2876	3960075
2877	3962743
2878	3962910
2879	3965280
2880	3967073
2881	3967821
2882	3968771
2883	3969224
2884	3969586
2885	3971644
2886	3971776
2887	3971800
2888	3971840
2889	3971868
2890	3973187
2891	3973641
2892	3974871
2893	3975924
2894	3977558
2895	3979320
2896	3980512
2897	3981542
2898	3981926
2899	3982945
2900	3987419
2901	3992365
2902	3992640
2903	3994453
2904	3994496
2905	3996311
2906	3996554
2907	3996564
2908	3998233
2909	4001694
2910	4003840
2911	4004738
2912	4004739
2913	4006698
2914	4012924
2915	4014065
2916	4014122
2917	4016110
2918	4016563
2919	4017424
2920	4019076
2921	4025319
2922	4027501
2923	4028864
2924	4029236
2925	4029788
2926	4030917
2927	4031146
2928	4031817
2929	4036913
2930	4037938
2931	4038141
2932	4038502
2933	4039260
2934	4043391
2935	4045049
2936	4045706
2937	4048130
2938	4051913
2939	4053096
2940	4053699
2941	4057378
2942	4057379
2943	4060606
2944	4060647
2945	4061135
2946	4061172
2947	4071324
2948	4071387
2949	4071506
2950	4071509
2951	4072685
2952	4075609
2953	4075633
2954	4075664
2955	4080469
2956	4080943
2957	4081882
2958	4082593
2959	4083236
2960	4083359
2961	4083479
2962	4083771
2963	4083823
2964	4084245
2965	4084742
2966	4085179
2967	4085596
2968	4086483
2969	4087581
2970	4087904
2971	4089566
2972	4091760
2973	4092393
2974	4093254
2975	4094514
2976	4095563
2977	4098503
2978	4101052
2979	4101684
2980	4101954
2981	4103069
2982	4103446
2983	4103647
2984	4103920
2985	4104938
2986	4105337
2987	4106315
2988	4107059
2989	4107952
2990	4108024
2991	4108037
2992	4109862
2993	4110584
2994	4110830
2995	4110857
2996	4112003
2997	4112166
2998	4113071
2999	4113191
3000	4114163
3001	4115134
3002	4115411
3003	4117123
3004	4118170
3005	4120446
3006	4120588
3007	4121983
3008	4122003
3009	4122510
3010	4122760
3011	4125181
3012	4125432
3013	4126040
3014	4126184
3015	4127303
3016	4130252
3017	4132335
3018	4132578
3019	4134049
3020	4134259
3021	4134504
3022	4134694
3023	4136014
3024	4136089
3025	4138109
3026	4139212
3027	4146840
3028	4147992
3029	4149978
3030	4155505
3031	4155528
3032	4155573
3033	4155849
3034	4156321
3035	4156324
3036	4160126
3037	4160309
3038	4164445
3039	4164641
3040	4164862
3041	4168716
3042	4170959
3043	4172794
3044	4173700
3045	4173718
3046	4175045
3047	4175246
3048	4175374
3049	4190859
3050	4194928
3051	4194929
3052	4196885
3053	4205791
3054	4210021
3055	4210146
3056	4212696
3057	4213315
3058	4213506
3059	4214005
3060	4214199
3061	4214227
3062	4214248
3063	4216548
3064	4220043
3065	4229417
3066	4229684
3067	4229686
3068	4233071
3069	4236879
3070	4237102
3071	4237230
3072	4238445
3073	4240961
3074	4241025
3075	4241028
3076	4242876
3077	4243163
3078	4244970
3079	4245151
3080	4245241
3081	4245256
3082	4246273
3083	4249523
3084	4253530
3085	4255522
3086	4256107
3087	4256172
3088	4256496
3089	4257190
3090	4258695
3091	4260214
3092	4260727
3093	4262728
3094	4262979
3095	4263109
3096	4265637
3097	4266629
3098	4266759
3099	4268364
3100	4269423
3101	4269710
3102	4270604
3103	4273534
3104	4275276
3105	4276351
3106	4278379
3107	4278882
3108	4279095
3109	4284572
3110	4284692
3111	4288441
3112	4288497
3113	4289075
3114	4289388
3115	4289440
3116	4289867
3117	4290177
3118	4291114
3119	4292251
3120	4292916
3121	4295309
3122	4296728
3123	4299106
3124	4299937
3125	4301175
3126	4302408
3127	4303899
3128	4303949
3129	4304114
3130	4306758
3131	4307400
3132	4310961
3133	4311497
3134	4315296
3135	4316415
3136	4318689
3137	4319618
3138	4320714
3139	4324994
3140	4325060
3141	4325569
3142	4325597
3143	4328353
3144	4328544
3145	4330064
3146	4330759
3147	4331576
3148	4332423
3149	4332463
3150	4332642
3151	4334860
3152	4334932
3153	4336627
3154	4339713
3155	4341802
3156	4342608
3157	4343105
3158	4344893
3159	4345179
3160	4345251
3161	4349537
3162	4350211
3163	4350940
3164	4352867
3165	4352868
3166	4353525
3167	4354145
3168	4357684
3169	4358784
3170	4359175
3171	4360503
3172	4362822
3173	4363605
3174	4365400
3175	4368094
3176	4370605
3177	4371374
3178	4371532
3179	4371857
3180	4371952
3181	4372497
3182	4373956
3183	4374155
3184	4377263
3185	4377278
3186	4379684
3187	4382021
3188	4382062
3189	4382451
3190	4383729
3191	4386163
3192	4386666
3193	4392556
3194	4394485
3195	4394568
3196	4395139
3197	4396225
3198	4396704
3199	4398229
3200	4398296
3201	4399732
3202	4401629
3203	4401715
3204	4401719
3205	4405184
3206	4406289
3207	4406957
3208	4407081
3209	4408762
3210	4408786
3211	4410897
3212	4412276
3213	4415468
3214	4416168
3215	4417285
3216	4417390
3217	4417391
3218	4417510
3219	4418035
3220	4419015
3221	4419295
3222	4421246
3223	4422210
3224	4423010
3225	4425417
3226	4425657
3227	4427373
3228	4427503
3229	4428570
3230	4430649
3231	4431342
3232	4432935
3233	4433628
3234	4434000
3235	4436898
3236	4437282
3237	4437950
3238	4437953
3239	4438398
3240	4439134
3241	4439963
3242	4440370
3243	4440592
3244	4442527
3245	4443830
3246	4444536
3247	4446090
3248	4446840
3249	4447263
3250	4447475
3251	4449408
3252	4449621
3253	4450960
3254	4451292
3255	4452127
3256	4453338
3257	4453532
3258	4453669
3259	4455744
3260	4455862
3261	4456190
3262	4456771
3263	4458489
3264	4459178
3265	4461928
3266	4462800
3267	4463560
3268	4464039
3269	4464315
3270	4465115
3271	4465337
3272	4465479
3273	4466019
3274	4467000
3275	4467070
3276	4467435
3277	4468114
3278	4469034
3279	4469464
3280	4470245
3281	4470433
3282	4471321
3283	4471649
3284	4471769
3285	4471770
3286	4472338
3287	4473079
3288	4473994
3289	4475795
3290	4476773
3291	4477212
3292	4481044
3293	4481045
3294	4484132
3295	4486394
3296	4486772
3297	4487371
3298	4488186
3299	4489534
3300	4489535
3301	4489547
3302	4492538
3303	4498457
3304	4499690
3305	4500762
3306	4501081
3307	4501386
3308	4501485
3309	4502179
3310	4504293
3311	4505588
3312	4506269
3313	4507820
3314	4510554
3315	4510737
3316	4510821
3317	4510833
3318	4512873
3319	4516221
3320	4517214
3321	4518513
3322	4520981
3323	4521300
3324	4521743
3325	4525007
3326	4527836
3327	4528724
3328	4532234
3329	4532511
3330	4533910
3331	4535832
3332	4536432
3333	4537296
3334	4539020
3335	4541395
3336	4542468
3337	4543540
3338	4547531
3339	4549304
3340	4549473
3341	4552358
3342	4553811
3343	4555392
3344	4555450
3345	4556911
3346	4559487
3347	4560422
3348	4560857
3349	4564981
3350	4565230
3351	4565505
3352	4565612
3353	4565755
3354	4567247
3355	4567926
3356	4568672
3357	4569171
3358	4569700
3359	4569829
3360	4569833
3361	4570161
3362	4571627
3363	4573395
3364	4573403
3365	4574305
3366	4574516
3367	4574590
3368	4579976
3369	4580897
3370	4582424
3371	4585095
3372	4588177
3373	4588289
3374	4588298
3375	4590392
3376	4590431
3377	4591073
3378	4592853
3379	4594244
3380	4595213
3381	4595598
3382	4595622
3383	4598561
3384	4599237
3385	4601340
3386	4601585
3387	4602933
3388	4604799
3389	4606337
3390	4607919
3391	4608857
3392	4610892
3393	4612633
3394	4614706
3395	4617060
3396	4617402
3397	4618012
3398	4618472
3399	4620468
3400	4620829
3401	4621363
3402	4621369
3403	4621580
3404	4622853
3405	4623302
3406	4623385
3407	4625418
3408	4628978
3409	4629379
3410	4630091
3411	4632167
3412	4632528
3413	4632695
3414	4633969
3415	4636184
3416	4636367
3417	4636744
3418	4637617
3419	4638814
3420	4639334
3421	4641735
3422	4642711
3423	4643015
3424	4644803
3425	4645109
3426	4647101
3427	4648446
3428	4649330
3429	4649923
3430	4650487
3431	4650589
3432	4650907
3433	4651107
3434	4652020
3435	4652743
3436	4653408
3437	4653882
3438	4654604
3439	4655970
3440	4657236
3441	4657821
3442	4660079
3443	4661827
3444	4662847
3445	4663718
3446	4667229
3447	4672374
3448	4674289
3449	4675262
3450	4676164
3451	4676547
3452	4678606
3453	4679512
3454	4679956
3455	4682255
3456	4682276
3457	4682382
3458	4682539
3459	4684016
3460	4686441
3461	4686630
3462	4686691
3463	4686701
3464	4687247
3465	4687890
3466	4689599
3467	4690196
3468	4690406
3469	4691139
3470	4691284
3471	4692739
3472	4692749
3473	4693293
3474	4693324
3475	4693363
3476	4693620
3477	4698695
3478	4698739
3479	4699706
3480	4700030
3481	4701857
3482	4703186
3483	4703690
3484	4706588
3485	4708229
3486	4709803
3487	4710250
3488	4713621
3489	4715298
3490	4716514
3491	4716692
3492	4717773
3493	4718823
3494	4719165
3495	4719227
3496	4720246
3497	4720633
3498	4720794
3499	4720949
3500	4726004
3501	4726232
3502	4731147
3503	4734440
3504	4735204
3505	4736725
3506	4736975
3507	4738641
3508	4739943
3509	4741478
3510	4741714
3511	4742128
3512	4742583
3513	4742713
3514	4742830
3515	4743022
3516	4743148
3517	4745724
3518	4747307
3519	4747575
3520	4748048
3521	4748482
3522	4748970
3523	4749725
3524	4750277
3525	4750457
3526	4751632
3527	4751656
3528	4753064
3529	4753776
3530	4754446
3531	4754465
3532	4754545
3533	4754610
3534	4755223
3535	4755738
3536	4756965
3537	4759358
3538	4760803
3539	4761438
3540	4765758
3541	4768201
3542	4769701
3543	4769714
3544	4769741
3545	4770971
3546	4771999
3547	4772233
3548	4772277
3549	4772418
3550	4774343
3551	4775566
3552	4775961
3553	4778898
3554	4785647
3555	4786495
3556	4788287
3557	4790123
3558	4790958
3559	4791802
3560	4792132
3561	4792624
3562	4792676
3563	4793734
3564	4795094
3565	4796296
3566	4796367
3567	4796435
3568	4796447
3569	4796454
3570	4796476
3571	4796849
3572	4796890
3573	4797008
3574	4797044
3575	4797370
3576	4797619
3577	4797799
3578	4799167
3579	4799328
3580	4799427
3581	4800264
3582	4802628
3583	4803370
3584	4803877
3585	4803894
3586	4805855
3587	4806043
3588	4806874
3589	4807442
3590	4809779
3591	4810125
3592	4810750
3593	4811320
3594	4813809
3595	4815797
3596	4816653
3597	4843586
3598	4865120
3599	4922188
3600	4922189
3601	4938014
3602	4944653
3603	4945379
3604	4948291
3605	4954461
3606	4956285
3607	4956942
3608	4957120
3609	4957204
3610	4957471
3611	4958163
3612	4959823
3613	4960480
3614	4960954
3615	4962854
3616	4964969
3617	4965307
3618	4966207
3619	4968259
3620	4968538
3621	4968592
3622	4969586
3623	4971151
3624	4972200
3625	4973345
3626	4973347
3627	4974567
3628	4977309
3629	4977815
3630	4978011
3631	4980684
3632	4980817
3633	4980826
3634	4980997
3635	4981241
3636	4981429
3637	4982356
3638	4984021
3639	4984296
3640	4987008
3641	4987539
3642	4988535
3643	4989048
3644	4989064
3645	4989551
3646	4989945
3647	4989946
3648	4990844
3649	4992215
3650	4992757
3651	4992758
3652	4993479
3653	4993755
3654	4994298
3655	4997033
3656	4998931
3657	5000373
3658	5003784
3659	5006190
3660	5010282
3661	5012288
3662	5016135
3663	5017429
3664	5018629
3665	5019300
3666	5022623
3667	5024227
3668	5024326
3669	5024358
3670	5024692
3671	5024777
3672	5026701
3673	5027482
3674	5035494
3675	5036145
3676	5036564
3677	5038935
3678	5038945
3679	5039132
3680	5040398
3681	5041163
3682	5044818
3683	5044923
3684	5044971
3685	5047120
3686	5047776
3687	5048984
3688	5050464
3689	5050770
3690	5053440
3691	5054136
3692	5058951
3693	5059942
3694	5060099
3695	5060136
3696	5063895
3697	5066271
3698	5068551
3699	5073169
3700	5075052
3701	5075623
3702	5075821
3703	5077941
3704	5078449
3705	5079384
3706	5080573
3707	5084920
3708	5090321
3709	5090638
3710	5094974
3711	5095066
3712	5096140
3713	5099401
3714	5100095
3715	5100498
3716	5101047
3717	5101268
3718	5101526
3719	5102984
3720	5102989
3721	5103736
3722	5104205
3723	5105576
3724	5105929
3725	5105998
3726	5106842
3727	5107663
3728	5107855
3729	5108409
3730	5112580
3731	5112665
3732	5113242
3733	5114664
3734	5115715
3735	5115803
3736	5116017
3737	5116843
3738	5117608
3739	5121475
3740	5123934
3741	5124369
3742	5126007
3743	5126174
3744	5128128
3745	5128844
3746	5130900
3747	5131224
3748	5131264
3749	5132522
3750	5132657
3751	5134247
3752	5135412
3753	5139419
3754	5139942
3755	5140090
3756	5140361
3757	5140978
3758	5143309
3759	5143589
3760	5144062
3761	5144247
3762	5144745
3763	5145685
3764	5145745
3765	5145878
3766	5146705
3767	5148335
3768	5148502
3769	5148576
3770	5149435
3771	5156723
3772	5156972
3773	5159013
3774	5159019
3775	5159709
3776	5159727
3777	5159866
3778	5160540
3779	5162135
3780	5162343
3781	5163215
3782	5165533
3783	5166947
3784	5168223
3785	5169102
3786	5170492
3787	5171319
3788	5171974
3789	5172183
3790	5172510
3791	5173491
3792	5176515
3793	5177350
3794	5178258
3795	5179921
3796	5179980
3797	5181026
3798	5181970
3799	5182698
3800	5182964
3801	5183925
3802	5184467
3803	5186012
3804	5186934
3805	5188977
3806	5190207
3807	5190288
3808	5190896
3809	5193528
3810	5193756
3811	5194167
3812	5194522
3813	5195733
3814	5195750
3815	5205474
3816	5205643
3817	5205763
3818	5205865
3819	5205894
3820	5205968
3821	5206106
3822	5206593
3823	5208074
3824	5209404
3825	5209487
3826	5209517
