1	309
2	1393
3	1825
4	5140
5	5147
6	6860
7	8936
8	13692
9	18474
10	23448
11	27197
12	27508
13	29156
14	32091
15	32472
16	32988
17	33275
18	34549
19	34680
20	36673
21	36943
22	36944
23	37302
24	39081
25	39931
26	41997
27	42872
28	43599
29	44680
30	46632
31	48091
32	49909
33	50579
34	50674
35	53716
36	53812
37	54731
38	57952
39	57953
40	63740
41	64143
42	64272
43	65388
44	68336
45	71600
46	72726
47	73193
48	74550
49	77125
50	80584
51	81971
52	82321
53	82370
54	84111
55	84536
56	87243
57	90601
58	91742
59	92233
60	94363
61	94596
62	97630
63	97635
64	101607
65	102002
66	104031
67	104347
68	105624
69	106673
70	109172
71	112689
72	120186
73	125450
74	126481
75	127537
76	129834
77	132559
78	138915
79	139261
80	139833
81	140050
82	143245
83	143932
84	146549
85	146553
86	147691
87	148573
88	152317
89	152633
90	154025
91	159152
92	160383
93	163607
94	163710
95	168798
96	170657
97	170888
98	172546
99	175766
100	182801
101	183092
102	185019
103	185074
104	185136
105	186248
106	188689
107	189139
108	194980
109	195778
110	198973
111	199381
112	199673
113	202186
114	203213
115	205318
116	205471
117	209739
118	211219
119	212735
120	213055
121	213219
122	218680
123	218999
124	219063
125	223641
126	224276
127	226340
128	226951
129	228088
130	228559
131	235181
132	238142
133	238660
134	242053
135	242933
136	245141
137	246020
138	248419
139	250104
140	253785
141	253806
142	254019
143	254442
144	255185
145	255917
146	256603
147	262473
148	262492
149	262506
150	264559
151	264712
152	265264
153	265439
154	266043
155	266961
156	267063
157	269517
158	270171
159	271187
160	272444
161	273994
162	274765
163	281387
164	284059
165	285980
166	287196
167	287217
168	288001
169	288318
170	289257
171	289970
172	291346
173	291587
174	292668
175	293984
176	294299
177	295663
178	297088
179	301244
180	302788
181	303696
182	305035
183	309325
184	312861
185	313626
186	314698
187	322792
188	323384
189	324138
190	325717
191	329995
192	332463
193	334120
194	335338
195	338708
196	341377
197	341791
198	343660
199	343922
200	346014
201	348314
202	351238
203	352294
204	355344
205	357064
206	357182
207	358350
208	362304
209	367878
210	368087
211	368247
212	368725
213	368726
214	369655
215	369656
216	370969
217	372245
218	373013
219	374252
220	375647
221	376568
222	377856
223	378978
224	379631
225	380839
226	382240
227	382286
228	382297
229	387161
230	387374
231	388072
232	389238
233	389837
234	391284
235	392407
236	394414
237	394729
238	396045
239	397455
240	398377
241	399538
242	400021
243	400598
244	400657
245	402336
246	403268
247	407386
248	411308
249	411400
250	414773
251	414955
252	415736
253	415980
254	417057
255	417993
256	418451
257	419357
258	420934
259	421916
260	423648
261	427899
262	429589
263	431901
264	438578
265	438639
266	439030
267	439337
268	439969
269	444249
270	447990
271	449116
272	450808
273	455740
274	455766
275	456388
276	463088
277	468727
278	468820
279	471592
280	472606
281	475364
282	478576
283	479061
284	479294
285	481964
286	488558
287	489395
288	490160
289	491260
290	497225
291	499577
292	501669
293	501918
294	502833
295	504954
296	505831
297	508291
298	511622
299	512830
300	522420
301	523657
302	528383
303	529107
304	530450
305	530514
306	531209
307	531653
308	534754
309	536063
310	536788
311	541369
312	546747
313	547208
314	547296
315	547359
316	549163
317	549938
318	553789
319	557583
320	558007
321	559195
322	559384
323	564743
324	565125
325	565856
326	571660
327	574234
328	576949
329	578775
330	579687
331	582573
332	585104
333	585164
334	585165
335	588666
336	590713
337	593465
338	593494
339	597161
340	597164
341	597169
342	598353
343	598356
344	598495
345	598585
346	598588
347	598715
348	599187
349	599218
350	599388
351	600068
352	600338
353	602047
354	603965
355	605653
356	605923
357	608487
358	609319
359	613317
360	614661
361	614927
362	616101
363	617466
364	618728
365	619447
366	619783
367	620768
368	620814
369	621107
370	621620
371	625305
372	625518
373	625549
374	625564
375	626845
376	628402
377	638690
378	639989
379	640741
380	641329
381	642011
382	643874
383	644094
384	644328
385	644354
386	644856
387	646127
388	649073
389	650966
390	651386
391	652609
392	652700
393	654627
394	654955
395	654974
396	655831
397	656686
398	660553
399	660659
400	662297
401	662468
402	663967
403	665746
404	666755
405	668196
406	669890
407	672620
408	673535
409	674352
410	675184
411	676203
412	677437
413	677688
414	678188
415	679946
416	679994
417	680031
418	680043
419	681623
420	684808
421	688980
422	693069
423	693798
424	694160
425	699968
426	700559
427	702362
428	705206
429	707265
430	709374
431	712234
432	714780
433	715218
434	716523
435	716733
436	723249
437	726065
438	730274
439	730871
440	732537
441	734142
442	739845
443	740793
444	741940
445	742589
446	745797
447	745879
448	746768
449	748669
450	750884
451	750892
452	753498
453	754627
454	754803
455	755186
456	759352
457	759603
458	761043
459	765255
460	767287
461	768074
462	774324
463	775750
464	777731
465	778448
466	782238
467	782752
468	783599
469	783921
470	783922
471	785828
472	787448
473	788432
474	788890
475	789124
476	789556
477	792155
478	792804
479	793945
480	796360
481	797592
482	797897
483	799125
484	801517
485	802418
486	803307
487	804636
488	806693
489	807466
490	808831
491	808840
492	809399
493	810328
494	811957
495	813446
496	814756
497	819028
498	823755
499	823895
500	824940
501	828330
502	828769
503	829803
504	834095
505	836730
506	838594
507	839216
508	841225
509	841692
510	842732
511	844439
512	846059
513	847958
514	849549
515	851077
516	852280
517	857715
518	858084
519	858115
520	862935
521	864472
522	864983
523	866434
524	866577
525	866865
526	868591
527	869029
528	869535
529	869574
530	869616
531	869650
532	869784
533	869790
534	869842
535	869890
536	873358
537	874939
538	875619
539	875817
540	876762
541	878176
542	879997
543	880110
544	881999
545	882401
546	882615
547	883309
548	885056
549	886614
550	887631
551	889978
552	891879
553	892282
554	893461
555	893631
556	895893
557	895919
558	896970
559	897009
560	898270
561	899081
562	900583
563	901662
564	904898
565	907313
566	907917
567	908030
568	911419
569	912730
570	914580
571	915750
572	915850
573	917889
574	918574
575	919878
576	922585
577	923340
578	923432
579	925472
580	925568
581	927305
582	927885
583	927892
584	931953
585	934070
586	936639
587	937217
588	938214
589	938245
590	938312
591	939696
592	940704
593	941108
594	941180
595	942264
596	942354
597	944041
598	945808
599	946932
600	947763
601	953439
602	955744
603	955903
604	956066
605	957217
606	957387
607	957470
608	959516
609	959764
610	961455
611	963722
612	965051
613	965253
614	966460
615	968671
616	969160
617	970026
618	971060
619	973747
620	974260
621	975407
622	977888
623	978339
624	979338
625	982816
626	983809
627	984654
628	985585
629	987421
630	988709
631	988943
632	989244
633	993393
634	993417
635	996408
636	998527
637	999597
638	1000669
639	1000705
640	1002581
641	1003984
642	1007855
643	1010137
644	1010486
645	1013820
646	1016766
647	1018799
648	1020691
649	1020894
650	1023190
651	1023483
652	1023671
653	1024457
654	1027357
655	1027506
656	1031681
657	1031698
658	1032310
659	1032589
660	1032697
661	1032721
662	1033086
663	1033153
664	1033165
665	1038072
666	1038127
667	1039836
668	1043942
669	1045349
670	1046008
671	1046292
672	1046926
673	1047424
674	1047688
675	1049256
676	1049327
677	1050138
678	1050994
679	1052146
680	1053243
681	1055599
682	1056709
683	1058133
684	1058400
685	1059021
686	1060219
687	1062160
688	1066793
689	1066803
690	1068299
691	1069222
692	1069521
693	1071727
694	1073897
695	1075770
696	1076515
697	1080218
698	1080643
699	1082708
700	1083114
701	1084306
702	1085058
703	1085334
704	1086585
705	1087942
706	1088458
707	1091163
708	1092593
709	1095094
710	1096431
711	1096901
712	1097153
713	1098032
714	1099678
715	1100156
716	1100711
717	1104304
718	1104890
719	1104893
720	1104896
721	1106451
722	1106455
723	1106613
724	1107134
725	1107687
726	1109736
727	1111148
728	1111653
729	1111884
730	1112026
731	1112063
732	1112334
733	1112727
734	1112766
735	1113154
736	1115181
737	1115742
738	1117693
739	1118092
740	1121489
741	1122262
742	1123214
743	1130962
744	1133649
745	1134516
746	1134526
747	1134639
748	1136312
749	1139054
750	1139684
751	1140600
752	1143597
753	1143959
754	1144084
755	1144695
756	1145265
757	1148126
758	1151138
759	1152156
760	1152450
761	1153362
762	1154453
763	1154563
764	1156818
765	1158834
766	1160291
767	1161022
768	1161223
769	1162009
770	1163095
771	1163594
772	1164419
773	1164857
774	1166267
775	1167700
776	1171138
777	1172832
778	1175050
779	1176454
780	1179023
781	1180257
782	1183809
783	1183836
784	1185044
785	1185280
786	1186837
787	1188354
788	1189491
789	1189952
790	1190994
791	1193169
792	1196459
793	1197107
794	1200699
795	1201641
796	1204246
797	1204404
798	1204461
799	1204564
800	1204579
801	1206422
802	1207284
803	1207451
804	1207867
805	1208724
806	1208795
807	1209363
808	1209586
809	1209591
810	1209605
811	1209609
812	1209614
813	1210464
814	1211122
815	1212078
816	1212703
817	1213977
818	1214443
819	1216291
820	1216468
821	1216574
822	1217776
823	1222901
824	1225834
825	1225836
826	1225839
827	1226419
828	1226854
829	1228183
830	1228539
831	1228575
832	1228577
833	1229034
834	1230746
835	1232667
836	1233108
837	1233869
838	1234289
839	1235607
840	1236613
841	1240057
842	1241185
843	1241186
844	1243405
845	1247858
846	1248833
847	1249375
848	1252684
849	1252740
850	1259420
851	1259794
852	1261207
853	1264791
854	1267950
855	1269230
856	1272600
857	1273955
858	1276552
859	1276693
860	1279051
861	1279334
862	1279730
863	1281577
864	1282924
865	1285769
866	1288130
867	1289751
868	1291142
869	1293959
870	1294530
871	1297274
872	1298410
873	1299036
874	1299205
875	1300108
876	1301753
877	1304068
878	1305599
879	1307738
880	1308439
881	1308485
882	1308518
883	1309260
884	1317061
885	1318693
886	1320033
887	1321064
888	1322314
889	1322795
890	1324021
891	1326395
892	1326481
893	1327092
894	1328371
895	1328465
896	1330220
897	1330918
898	1331083
899	1331620
900	1331661
901	1337797
902	1338481
903	1338731
904	1339619
905	1344977
906	1345215
907	1348747
908	1349665
909	1356455
910	1356533
911	1357682
912	1359229
913	1360296
914	1360363
915	1362623
916	1363576
917	1365188
918	1365822
919	1366422
920	1367999
921	1370397
922	1376427
923	1376594
924	1377285
925	1377554
926	1378203
927	1378816
928	1379894
929	1380954
930	1383592
931	1383813
932	1384115
933	1384722
934	1385523
935	1385742
936	1386577
937	1392171
938	1392769
939	1395045
940	1397109
941	1397535
942	1398376
943	1404706
944	1406359
945	1406410
946	1407248
947	1407531
948	1407859
949	1410262
950	1412907
951	1413829
952	1413862
953	1414636
954	1414702
955	1417167
956	1417782
957	1417948
958	1418766
959	1419884
960	1420470
961	1420729
962	1421920
963	1422631
964	1424671
965	1424672
966	1427743
967	1432573
968	1434099
969	1434455
970	1434803
971	1435445
972	1437102
973	1438963
974	1442060
975	1443868
976	1443879
977	1444430
978	1444673
979	1445790
980	1446108
981	1447135
982	1448713
983	1448764
984	1449172
985	1450226
986	1450338
987	1450488
988	1450526
989	1451304
990	1451897
991	1451942
992	1452308
993	1452363
994	1452371
995	1452374
996	1453274
997	1455965
998	1456029
999	1456186
1000	1459449
1001	1461996
1002	1463197
1003	1463613
1004	1465667
1005	1465786
1006	1466380
1007	1468446
1008	1470029
1009	1470477
1010	1471206
1011	1474660
1012	1475104
1013	1475105
1014	1475230
1015	1475263
1016	1475287
1017	1475295
1018	1475398
1019	1475410
1020	1475413
1021	1476045
1022	1476128
1023	1476330
1024	1476385
1025	1477857
1026	1478485
1027	1479478
1028	1479663
1029	1479967
1030	1480041
1031	1481524
1032	1481858
1033	1481922
1034	1482576
1035	1483255
1036	1483341
1037	1484308
1038	1484716
1039	1485389
1040	1486322
1041	1486793
1042	1489540
1043	1493831
1044	1498579
1045	1502369
1046	1504465
1047	1505164
1048	1505412
1049	1505949
1050	1506725
1051	1508344
1052	1508907
1053	1511836
1054	1512538
1055	1514426
1056	1515672
1057	1515761
1058	1516082
1059	1519861
1060	1520203
1061	1521372
1062	1526317
1063	1528466
1064	1530886
1065	1531627
1066	1535563
1067	1535665
1068	1536548
1069	1538268
1070	1539682
1071	1539729
1072	1540171
1073	1541556
1074	1546690
1075	1547582
1076	1548929
1077	1550349
1078	1550821
1079	1551879
1080	1557507
1081	1557522
1082	1557774
1083	1558712
1084	1558799
1085	1559716
1086	1564933
1087	1568127
1088	1568375
1089	1569163
1090	1573721
1091	1575377
1092	1579934
1093	1581463
1094	1583875
1095	1585099
1096	1585198
1097	1589328
1098	1590770
1099	1592076
1100	1594367
1101	1594377
1102	1596398
1103	1596596
1104	1596799
1105	1597210
1106	1598528
1107	1601870
1108	1601947
1109	1601969
1110	1601970
1111	1602172
1112	1608781
1113	1609070
1114	1610619
1115	1612650
1116	1615317
1117	1619899
1118	1619908
1119	1622523
1120	1624492
1121	1626334
1122	1626560
1123	1627954
1124	1629760
1125	1633735
1126	1633875
1127	1636321
1128	1637780
1129	1638787
1130	1638803
1131	1638908
1132	1639909
1133	1641538
1134	1641696
1135	1642585
1136	1643559
1137	1648739
1138	1650495
1139	1651207
1140	1653209
1141	1654620
1142	1654975
1143	1656103
1144	1658750
1145	1660459
1146	1660962
1147	1663139
1148	1665425
1149	1666868
1150	1670632
1151	1671148
1152	1671513
1153	1676262
1154	1678367
1155	1680170
1156	1683274
1157	1684142
1158	1684722
1159	1684788
1160	1688900
1161	1692475
1162	1694367
1163	1696586
1164	1698691
1165	1699017
1166	1700332
1167	1704204
1168	1705970
1169	1707050
1170	1708358
1171	1709409
1172	1710551
1173	1710643
1174	1711003
1175	1712632
1176	1717597
1177	1718235
1178	1718558
1179	1719308
1180	1720363
1181	1727639
1182	1734743
1183	1734848
1184	1734935
1185	1735682
1186	1736930
1187	1736970
1188	1738642
1189	1739336
1190	1741670
1191	1742139
1192	1744232
1193	1744529
1194	1746523
1195	1746583
1196	1748180
1197	1749313
1198	1750075
1199	1750561
1200	1751189
1201	1752156
1202	1753191
1203	1753896
1204	1755092
1205	1755760
1206	1755849
1207	1756668
1208	1756988
1209	1757148
1210	1758654
1211	1760764
1212	1760789
1213	1761477
1214	1762319
1215	1762797
1216	1763442
1217	1764944
1218	1765093
1219	1767014
1220	1768398
1221	1770865
1222	1772209
1223	1776016
1224	1778006
1225	1778681
1226	1779249
1227	1779540
1228	1780195
1229	1780761
1230	1783016
1231	1786231
1232	1788564
1233	1788742
1234	1789884
1235	1789980
1236	1791912
1237	1792412
1238	1794835
1239	1795133
1240	1795461
1241	1796177
1242	1804964
1243	1806651
1244	1808498
1245	1809773
1246	1811438
1247	1812242
1248	1812878
1249	1815963
1250	1816161
1251	1817116
1252	1817435
1253	1817931
1254	1817989
1255	1819227
1256	1825560
1257	1827134
1258	1827349
1259	1829085
1260	1829175
1261	1840824
1262	1841682
1263	1841715
1264	1843984
1265	1845750
1266	1853862
1267	1861098
1268	1887898
1269	1888501
1270	1891151
1271	1898849
1272	1900824
1273	1902303
1274	1902670
1275	1904990
1276	1907964
1277	1910290
1278	1910527
1279	1911778
1280	1912764
1281	1915983
1282	1921141
1283	1922781
1284	1924426
1285	1925616
1286	1928488
1287	1929196
1288	1932430
1289	1938210
1290	1939264
1291	1943092
1292	1944238
1293	1944672
1294	1944687
1295	1945021
1296	1947004
1297	1948597
1298	1949788
1299	1951484
1300	1951844
1301	1951973
1302	1954070
1303	1954701
1304	1955404
1305	1957181
1306	1957483
1307	1958724
1308	1960125
1309	1963807
1310	1964230
1311	1964272
1312	1966024
1313	1966351
1314	1970297
1315	1971916
1316	1972474
1317	1972582
1318	1973464
1319	1973763
1320	1977388
1321	1979246
1322	1980871
1323	1981089
1324	1981106
1325	1981982
1326	1982032
1327	1982743
1328	1983190
1329	1984350
1330	1985100
1331	1987319
1332	1988153
1333	1988600
1334	1989006
1335	1989844
1336	1991699
1337	1992508
1338	1992807
1339	1994966
1340	1995191
1341	1995248
1342	1995718
1343	1996480
1344	1997997
1345	2002141
1346	2006738
1347	2008745
1348	2009542
1349	2010700
1350	2011290
1351	2011693
1352	2012099
1353	2012353
1354	2013734
1355	2014575
1356	2015771
1357	2016776
1358	2017874
1359	2019042
1360	2019446
1361	2019946
1362	2020477
1363	2020853
1364	2021414
1365	2021524
1366	2022430
1367	2022637
1368	2023533
1369	2024743
1370	2031368
1371	2033096
1372	2034166
1373	2037013
1374	2037414
1375	2037450
1376	2037527
1377	2038457
1378	2042508
1379	2042511
1380	2043651
1381	2044029
1382	2045060
1383	2046569
1384	2046726
1385	2047037
1386	2048364
1387	2049376
1388	2049957
1389	2051777
1390	2053722
1391	2054643
1392	2056904
1393	2057380
1394	2058878
1395	2059537
1396	2059735
1397	2061871
1398	2064448
1399	2066111
1400	2068328
1401	2072200
1402	2074531
1403	2075442
1404	2076031
1405	2078718
1406	2079059
1407	2079795
1408	2082116
1409	2082353
1410	2082489
1411	2083896
1412	2084212
1413	2086265
1414	2087105
1415	2088147
1416	2093645
1417	2096043
1418	2097039
1419	2097481
1420	2097517
1421	2098431
1422	2099042
1423	2101134
1424	2103912
1425	2106099
1426	2107920
1427	2110116
1428	2110716
1429	2113581
1430	2115874
1431	2116737
1432	2119177
1433	2120175
1434	2120972
1435	2121471
1436	2121618
1437	2122616
1438	2122638
1439	2122865
1440	2123039
1441	2123372
1442	2124314
1443	2124324
1444	2124742
1445	2125124
1446	2125391
1447	2125497
1448	2128445
1449	2128459
1450	2128745
1451	2129418
1452	2129539
1453	2131118
1454	2131876
1455	2133132
1456	2134803
1457	2135407
1458	2135620
1459	2135697
1460	2141747
1461	2141874
1462	2142227
1463	2144586
1464	2145708
1465	2146283
1466	2149731
1467	2153329
1468	2153562
1469	2156513
1470	2156862
1471	2157580
1472	2162096
1473	2163920
1474	2163979
1475	2165281
1476	2165356
1477	2168108
1478	2168666
1479	2169438
1480	2170284
1481	2171254
1482	2171989
1483	2173101
1484	2173157
1485	2173646
1486	2175953
1487	2176498
1488	2177750
1489	2178466
1490	2179069
1491	2180382
1492	2181749
1493	2182169
1494	2182817
1495	2185952
1496	2186095
1497	2186190
1498	2187004
1499	2187560
1500	2189176
1501	2190859
1502	2192271
1503	2197624
1504	2199783
1505	2201423
1506	2201608
1507	2201947
1508	2202551
1509	2204834
1510	2205619
1511	2208359
1512	2208461
1513	2209013
1514	2211114
1515	2213086
1516	2217512
1517	2219474
1518	2221725
1519	2221870
1520	2223905
1521	2226959
1522	2229164
1523	2230526
1524	2231708
1525	2233647
1526	2238209
1527	2239548
1528	2240197
1529	2240936
1530	2243081
1531	2243094
1532	2245677
1533	2246736
1534	2247681
1535	2247874
1536	2248112
1537	2249722
1538	2249755
1539	2249767
1540	2250821
1541	2251569
1542	2253293
1543	2256824
1544	2257266
1545	2257378
1546	2257611
1547	2258428
1548	2258449
1549	2258736
1550	2258797
1551	2259152
1552	2260074
1553	2260285
1554	2260552
1555	2261057
1556	2262089
1557	2262515
1558	2265005
1559	2265378
1560	2266041
1561	2268312
1562	2268759
1563	2269117
1564	2270142
1565	2270192
1566	2270754
1567	2270918
1568	2271986
1569	2273423
1570	2274116
1571	2274403
1572	2274862
1573	2274868
1574	2275859
1575	2276093
1576	2276294
1577	2276557
1578	2276565
1579	2279657
1580	2281188
1581	2281404
1582	2281797
1583	2282574
1584	2283845
1585	2284127
1586	2284719
1587	2285000
1588	2286577
1589	2288806
1590	2290845
1591	2291004
1592	2291206
1593	2291532
1594	2292123
1595	2293239
1596	2294018
1597	2294521
1598	2295786
1599	2296418
1600	2298249
1601	2298299
1602	2298587
1603	2299645
1604	2300536
1605	2301215
1606	2302615
1607	2304269
1608	2305214
1609	2306161
1610	2307474
1611	2307481
1612	2309996
1613	2312548
1614	2314139
1615	2316201
1616	2319580
1617	2320017
1618	2320124
1619	2321103
1620	2322115
1621	2324518
1622	2324660
1623	2324825
1624	2326276
1625	2326739
1626	2327618
1627	2328020
1628	2328031
1629	2328975
1630	2328978
1631	2329189
1632	2329335
1633	2331366
1634	2332133
1635	2333398
1636	2333551
1637	2334800
1638	2337425
1639	2338160
1640	2341664
1641	2341732
1642	2342372
1643	2342440
1644	2348356
1645	2348772
1646	2349133
1647	2352853
1648	2360271
1649	2360436
1650	2361226
1651	2362502
1652	2364367
1653	2364619
1654	2365864
1655	2365869
1656	2366150
1657	2366472
1658	2366866
1659	2367256
1660	2369361
1661	2369505
1662	2369740
1663	2370341
1664	2370937
1665	2371296
1666	2372107
1667	2372628
1668	2373863
1669	2374582
1670	2375302
1671	2376568
1672	2377204
1673	2377219
1674	2379266
1675	2381926
1676	2382662
1677	2383142
1678	2383684
1679	2387048
1680	2387117
1681	2388478
1682	2388636
1683	2391329
1684	2391376
1685	2391503
1686	2391921
1687	2397621
1688	2397849
1689	2399093
1690	2400846
1691	2401768
1692	2402288
1693	2404000
1694	2404682
1695	2405779
1696	2408396
1697	2408548
1698	2408620
1699	2408691
1700	2408775
1701	2412472
1702	2418993
1703	2420701
1704	2420724
1705	2421006
1706	2421161
1707	2424355
1708	2425032
1709	2425805
1710	2426010
1711	2427092
1712	2427264
1713	2427539
1714	2429260
1715	2429625
1716	2429757
1717	2430258
1718	2431456
1719	2431622
1720	2431792
1721	2434561
1722	2434807
1723	2435047
1724	2435253
1725	2435622
1726	2436465
1727	2440866
1728	2441305
1729	2441325
1730	2441398
1731	2441434
1732	2442059
1733	2442158
1734	2443922
1735	2444784
1736	2445253
1737	2445318
1738	2445321
1739	2446043
1740	2446080
1741	2446751
1742	2447029
1743	2448312
1744	2448498
1745	2449895
1746	2450430
1747	2450793
1748	2451310
1749	2451730
1750	2452740
1751	2452841
1752	2453667
1753	2454451
1754	2455242
1755	2457032
1756	2458282
1757	2458892
1758	2459434
1759	2460644
1760	2460994
1761	2461218
1762	2462590
1763	2464063
1764	2464627
1765	2466056
1766	2471226
1767	2471956
1768	2473939
1769	2473940
1770	2475650
1771	2476157
1772	2478686
1773	2480691
1774	2481771
1775	2481960
1776	2483205
1777	2484385
1778	2485589
1779	2485590
1780	2487569
1781	2487570
1782	2487650
1783	2487693
1784	2487707
1785	2487810
1786	2488568
1787	2489006
1788	2490125
1789	2491148
1790	2492142
1791	2492628
1792	2493103
1793	2494082
1794	2494226
1795	2494338
1796	2495241
1797	2496672
1798	2498331
1799	2498681
1800	2499766
1801	2500810
1802	2501623
1803	2502262
1804	2503028
1805	2505105
1806	2505378
1807	2508747
1808	2509669
1809	2510926
1810	2511643
1811	2512279
1812	2513100
1813	2513405
1814	2515274
1815	2515447
1816	2515506
1817	2515745
1818	2516374
1819	2517397
1820	2517852
1821	2518754
1822	2519398
1823	2522676
1824	2523180
1825	2525025
1826	2525267
1827	2527170
1828	2529331
1829	2529386
1830	2530987
1831	2531012
1832	2531896
1833	2532310
1834	2534425
1835	2536923
1836	2537128
1837	2538018
1838	2538381
1839	2540766
1840	2541100
1841	2542736
1842	2543097
1843	2543629
1844	2544037
1845	2544101
1846	2544604
1847	2545298
1848	2548685
1849	2550114
1850	2550306
1851	2553609
1852	2559328
1853	2559704
1854	2559984
1855	2560927
1856	2562184
1857	2563155
1858	2565655
1859	2567057
1860	2567379
1861	2567435
1862	2568981
1863	2570187
1864	2570273
1865	2570534
1866	2570793
1867	2570802
1868	2572659
1869	2573064
1870	2574054
1871	2575065
1872	2575649
1873	2575729
1874	2576363
1875	2576966
1876	2577869
1877	2582461
1878	2583240
1879	2583284
1880	2583333
1881	2583848
1882	2585688
1883	2586196
1884	2586809
1885	2588278
1886	2589821
1887	2590493
1888	2591349
1889	2591608
1890	2594048
1891	2596948
1892	2599266
1893	2601395
1894	2601560
1895	2602479
1896	2603020
1897	2603683
1898	2603991
1899	2605613
1900	2607661
1901	2608354
1902	2608471
1903	2608982
1904	2609381
1905	2610810
1906	2611090
1907	2612641
1908	2612744
1909	2613665
1910	2614415
1911	2614741
1912	2614746
1913	2617515
1914	2620763
1915	2621196
1916	2621301
1917	2621353
1918	2622497
1919	2622978
1920	2623914
1921	2624478
1922	2626248
1923	2626472
1924	2628384
1925	2630469
1926	2631706
1927	2631741
1928	2632777
1929	2633981
1930	2634707
1931	2634823
1932	2635854
1933	2638341
1934	2638549
1935	2639992
1936	2640746
1937	2641775
1938	2643255
1939	2643262
1940	2643783
1941	2646310
1942	2648107
1943	2648265
1944	2648294
1945	2648297
1946	2648377
1947	2649836
1948	2651594
1949	2652746
1950	2653931
1951	2654903
1952	2658932
1953	2659203
1954	2659784
1955	2659973
1956	2659994
1957	2660240
1958	2660441
1959	2661522
1960	2661566
1961	2661581
1962	2661605
1963	2663278
1964	2663665
1965	2663726
1966	2663743
1967	2663807
1968	2663840
1969	2663886
1970	2664017
1971	2664025
1972	2664032
1973	2664035
1974	2664124
1975	2664127
1976	2664130
1977	2664166
1978	2664184
1979	2664235
1980	2664291
1981	2664292
1982	2664301
1983	2664304
1984	2664310
1985	2666470
1986	2667832
1987	2669232
1988	2669233
1989	2669242
1990	2670549
1991	2672019
1992	2673972
1993	2674226
1994	2674319
1995	2675342
1996	2676002
1997	2676050
1998	2676311
1999	2676558
2000	2677916
2001	2678770
2002	2679103
2003	2681345
2004	2683833
2005	2684219
2006	2685446
2007	2688174
2008	2688801
2009	2690186
2010	2691836
2011	2692406
2012	2692639
2013	2692839
2014	2694338
2015	2696481
2016	2696571
2017	2698459
2018	2699043
2019	2702333
2020	2704201
2021	2705127
2022	2705273
2023	2705328
2024	2705930
2025	2706533
2026	2706675
2027	2707779
2028	2708282
2029	2708292
2030	2708366
2031	2709870
2032	2709910
2033	2710867
2034	2713107
2035	2713695
2036	2715730
2037	2715860
2038	2716774
2039	2717780
2040	2718766
2041	2719130
2042	2720082
2043	2720358
2044	2720800
2045	2721857
2046	2723125
2047	2724584
2048	2724622
2049	2725946
2050	2726399
2051	2726565
2052	2726905
2053	2727952
2054	2731372
2055	2731526
2056	2731544
2057	2732497
2058	2732498
2059	2732662
2060	2732879
2061	2733546
2062	2733668
2063	2735614
2064	2738184
2065	2738677
2066	2739342
2067	2739423
2068	2740662
2069	2740922
2070	2743736
2071	2743878
2072	2743957
2073	2744119
2074	2746744
2075	2747303
2076	2748193
2077	2748758
2078	2748988
2079	2751291
2080	2753143
2081	2755419
2082	2756212
2083	2757043
2084	2760747
2085	2761304
2086	2761587
2087	2763142
2088	2763233
2089	2765588
2090	2765743
2091	2766083
2092	2766260
2093	2766548
2094	2767590
2095	2770515
2096	2770739
2097	2772526
2098	2772829
2099	2773224
2100	2774064
2101	2774603
2102	2775534
2103	2775755
2104	2776761
2105	2779393
2106	2780054
2107	2780758
2108	2781060
2109	2783292
2110	2783396
2111	2783412
2112	2783580
2113	2784141
2114	2785055
2115	2785084
2116	2790249
2117	2790340
2118	2791466
2119	2791556
2120	2791829
2121	2792108
2122	2793248
2123	2793891
2124	2794831
2125	2795169
2126	2796429
2127	2796970
2128	2799596
2129	2801343
2130	2801427
2131	2801571
2132	2803010
2133	2803853
2134	2804319
2135	2805061
2136	2805567
2137	2806609
2138	2806617
2139	2806642
2140	2807331
2141	2807971
2142	2810910
2143	2812267
2144	2812797
2145	2812819
2146	2813793
2147	2815256
2148	2816209
2149	2816450
2150	2816454
2151	2816931
2152	2818042
2153	2818693
2154	2819355
2155	2819844
2156	2819895
2157	2820698
2158	2820929
2159	2821394
2160	2822394
2161	2822976
2162	2824184
2163	2824716
2164	2826508
2165	2828107
2166	2828922
2167	2830629
2168	2830981
2169	2832317
2170	2833063
2171	2834803
2172	2834877
2173	2836823
2174	2837661
2175	2838925
2176	2839079
2177	2839528
2178	2839595
2179	2839919
2180	2840004
2181	2840081
2182	2840209
2183	2840614
2184	2841012
2185	2841191
2186	2841236
2187	2841428
2188	2842160
2189	2843080
2190	2843092
2191	2843451
2192	2843619
2193	2844164
2194	2846084
2195	2846241
2196	2847419
2197	2847502
2198	2851447
2199	2852406
2200	2852516
2201	2853069
2202	2853441
2203	2853943
2204	2854888
2205	2856896
2206	2858013
2207	2860192
2208	2862034
2209	2862606
2210	2863616
2211	2864649
2212	2866331
2213	2866997
2214	2867376
2215	2867957
2216	2868048
2217	2868274
2218	2871105
2219	2871789
2220	2875750
2221	2875918
2222	2876439
2223	2876915
2224	2877896
2225	2878280
2226	2879326
2227	2880357
2228	2880992
2229	2881233
2230	2882002
2231	2882194
2232	2882631
2233	2882685
2234	2883419
2235	2883745
2236	2883988
2237	2886381
2238	2886456
2239	2886793
2240	2887893
2241	2889298
2242	2889435
2243	2889662
2244	2890407
2245	2890852
2246	2892000
2247	2893067
2248	2893598
2249	2895643
2250	2897230
2251	2898414
2252	2898425
2253	2900695
2254	2903132
2255	2904090
2256	2906157
2257	2907152
2258	2911179
2259	2916105
2260	2917432
2261	2917520
2262	2919422
2263	2919473
2264	2922973
2265	2925175
2266	2926226
2267	2927500
2268	2927556
2269	2927621
2270	2927843
2271	2927937
2272	2927969
2273	2928853
2274	2931141
2275	2934608
2276	2938027
2277	2938136
2278	2939042
2279	2939923
2280	2940813
2281	2944773
2282	2944961
2283	2945435
2284	2947184
2285	2947185
2286	2950627
2287	2950694
2288	2950765
2289	2951750
2290	2953462
2291	2954277
2292	2955105
2293	2955612
2294	2955920
2295	2956029
2296	2956857
2297	2957754
2298	2960502
2299	2962571
2300	2964168
2301	2964288
2302	2964358
2303	2966238
2304	2966329
2305	2966595
2306	2968179
2307	2968292
2308	2969524
2309	2971353
2310	2973835
2311	2974372
2312	2974538
2313	2974976
2314	2976031
2315	2976640
2316	2979215
2317	2981878
2318	2982847
2319	2982917
2320	2983575
2321	2986773
2322	2987469
2323	2989048
2324	2989296
2325	2989484
2326	2990481
2327	2990534
2328	2991684
2329	2991721
2330	2991863
2331	2993503
2332	2993791
2333	2993943
2334	2996850
2335	2998969
2336	3000614
2337	3004837
2338	3005935
2339	3007283
2340	3007654
2341	3008308
2342	3010463
2343	3010646
2344	3010809
2345	3011382
2346	3013300
2347	3014029
2348	3014127
2349	3017230
2350	3018597
2351	3019473
2352	3019498
2353	3019523
2354	3020025
2355	3020175
2356	3021199
2357	3022621
2358	3022622
2359	3023449
2360	3024472
2361	3025359
2362	3025819
2363	3026522
2364	3027411
2365	3027580
2366	3031127
2367	3031454
2368	3036517
2369	3036954
2370	3038420
2371	3038956
2372	3039557
2373	3040453
2374	3043938
2375	3044134
2376	3048140
2377	3049754
2378	3053962
2379	3054051
2380	3055791
2381	3056082
2382	3057024
2383	3057671
2384	3057678
2385	3057679
2386	3058778
2387	3059514
2388	3060034
2389	3060568
2390	3063807
2391	3064284
2392	3064750
2393	3068593
2394	3068602
2395	3069181
2396	3069835
2397	3070314
2398	3070388
2399	3070915
2400	3071806
2401	3074525
2402	3075655
2403	3076664
2404	3076978
2405	3077057
2406	3077148
2407	3077212
2408	3077786
2409	3081531
2410	3081811
2411	3083410
2412	3084218
2413	3085460
2414	3085646
2415	3088304
2416	3089179
2417	3090251
2418	3090258
2419	3090263
2420	3090275
2421	3090489
2422	3090499
2423	3090509
2424	3090528
2425	3090537
2426	3091546
2427	3091781
2428	3091827
2429	3091882
2430	3092012
2431	3092070
2432	3098009
2433	3098024
2434	3098075
2435	3098579
2436	3104758
2437	3104822
2438	3105538
2439	3108276
2440	3109985
2441	3117087
2442	3123674
2443	3123719
2444	3124015
2445	3124038
2446	3124538
2447	3124909
2448	3125822
2449	3128092
2450	3132647
2451	3132870
2452	3132954
2453	3132974
2454	3132996
2455	3133363
2456	3136531
2457	3136551
2458	3136557
2459	3137511
2460	3137547
2461	3137615
2462	3137630
2463	3137640
2464	3137662
2465	3137688
2466	3137690
2467	3137750
2468	3137847
2469	3137916
2470	3137968
2471	3138031
2472	3138058
2473	3138065
2474	3138130
2475	3138194
2476	3138251
2477	3138324
2478	3138343
2479	3139812
2480	3142797
2481	3144342
2482	3145576
2483	3148457
2484	3150937
2485	3152620
2486	3156259
2487	3156457
2488	3156726
2489	3157221
2490	3157809
2491	3157895
2492	3158976
2493	3159716
2494	3160503
2495	3162517
2496	3165035
2497	3170851
2498	3171401
2499	3171567
2500	3171606
2501	3176459
2502	3177175
2503	3179293
2504	3180440
2505	3181021
2506	3181043
2507	3185363
2508	3185525
2509	3185847
2510	3186252
2511	3186402
2512	3187009
2513	3189632
2514	3189862
2515	3189904
2516	3191508
2517	3192989
2518	3193280
2519	3193281
2520	3194256
2521	3194289
2522	3195005
2523	3198322
2524	3198618
2525	3200595
2526	3200863
2527	3201234
2528	3201738
2529	3201801
2530	3202293
2531	3204215
2532	3204337
2533	3205412
2534	3207034
2535	3208830
2536	3211216
2537	3213570
2538	3213922
2539	3214426
2540	3215531
2541	3215974
2542	3216142
2543	3219204
2544	3219909
2545	3220171
2546	3220800
2547	3223793
2548	3224250
2549	3225703
2550	3228901
2551	3229688
2552	3231493
2553	3233491
2554	3234670
2555	3234829
2556	3235244
2557	3236335
2558	3237834
2559	3238825
2560	3239551
2561	3239870
2562	3240109
2563	3240259
2564	3240325
2565	3240357
2566	3242604
2567	3243668
2568	3244079
2569	3244317
2570	3244508
2571	3245560
2572	3246687
2573	3248194
2574	3249391
2575	3250804
2576	3254287
2577	3255687
2578	3258393
2579	3258596
2580	3258956
2581	3261781
2582	3262985
2583	3263751
2584	3264024
2585	3265028
2586	3265101
2587	3265154
2588	3265885
2589	3266698
2590	3266814
2591	3269015
2592	3270677
2593	3270789
2594	3271527
2595	3272642
2596	3274195
2597	3274483
2598	3276110
2599	3276851
2600	3277667
2601	3278434
2602	3278456
2603	3280188
2604	3280456
2605	3280779
2606	3281443
2607	3282235
2608	3282248
2609	3282856
2610	3282881
2611	3283448
2612	3289401
2613	3289907
2614	3290284
2615	3290823
2616	3290894
2617	3293097
2618	3293403
2619	3293933
2620	3293981
2621	3295046
2622	3301260
2623	3305346
2624	3305797
2625	3306663
2626	3307217
2627	3307651
2628	3308912
2629	3309459
2630	3309487
2631	3309975
2632	3311420
2633	3312294
2634	3314094
2635	3314631
2636	3315074
2637	3316188
2638	3319326
2639	3319866
2640	3319905
2641	3319916
2642	3320506
2643	3320535
2644	3321378
2645	3321479
2646	3321528
2647	3321641
2648	3322103
2649	3323659
2650	3324693
2651	3327311
2652	3329276
2653	3331031
2654	3331196
2655	3334325
2656	3334608
2657	3335266
2658	3335533
2659	3336065
2660	3337947
2661	3339607
2662	3339756
2663	3340155
2664	3341384
2665	3342824
2666	3342879
2667	3344701
2668	3345409
2669	3345622
2670	3346169
2671	3347501
2672	3349263
2673	3351558
2674	3351750
2675	3352045
2676	3353144
2677	3356037
2678	3360047
2679	3361564
2680	3361710
2681	3362697
2682	3364142
2683	3364477
2684	3365575
2685	3367095
2686	3367280
2687	3367558
2688	3370405
2689	3371055
2690	3371056
2691	3371448
2692	3373579
2693	3374176
2694	3375499
2695	3376563
2696	3377297
2697	3380520
2698	3387199
2699	3388621
2700	3388853
2701	3391023
2702	3391434
2703	3393276
2704	3395102
2705	3398664
2706	3401190
2707	3402003
2708	3402942
2709	3403037
2710	3403329
2711	3404002
2712	3412010
2713	3412902
2714	3413479
2715	3415752
2716	3418486
2717	3418956
2718	3420015
2719	3421762
2720	3421765
2721	3421890
2722	3422149
2723	3423795
2724	3423958
2725	3423959
2726	3424008
2727	3425101
2728	3428354
2729	3428430
2730	3429044
2731	3429860
2732	3430304
2733	3430861
2734	3430980
2735	3431984
2736	3433639
2737	3434290
2738	3435989
2739	3441089
2740	3447745
2741	3451276
2742	3451432
2743	3453229
2744	3453878
2745	3455241
2746	3455507
2747	3456239
2748	3457932
2749	3461180
2750	3462227
2751	3465065
2752	3468006
2753	3472052
2754	3473976
2755	3475981
2756	3477108
2757	3478944
2758	3479085
2759	3479482
2760	3480148
2761	3481290
2762	3481854
2763	3483738
2764	3483743
2765	3483988
2766	3484441
2767	3484641
2768	3484749
2769	3485110
2770	3489126
2771	3489855
2772	3492904
2773	3494988
2774	3496511
2775	3498205
2776	3498826
2777	3500800
2778	3502468
2779	3503124
2780	3504569
2781	3505096
2782	3509003
2783	3510954
2784	3513171
2785	3513313
2786	3513831
2787	3516197
2788	3519141
2789	3519638
2790	3521573
2791	3522284
2792	3522319
2793	3522636
2794	3523768
2795	3526167
2796	3526251
2797	3528197
2798	3530085
2799	3531069
2800	3531427
2801	3533824
2802	3534958
2803	3536893
2804	3539295
2805	3539860
2806	3542294
2807	3542720
2808	3545302
2809	3545636
2810	3545741
2811	3549080
2812	3549700
2813	3550875
2814	3551704
2815	3552672
2816	3553197
2817	3554925
2818	3556006
2819	3556044
2820	3556113
2821	3556511
2822	3556741
2823	3558545
2824	3559565
2825	3559945
2826	3561945
2827	3566005
2828	3567254
2829	3569093
2830	3569765
2831	3569810
2832	3569813
2833	3570742
2834	3571650
2835	3571872
2836	3572170
2837	3574452
2838	3577625
2839	3578368
2840	3579121
2841	3579973
2842	3582995
2843	3583233
2844	3583957
2845	3584410
2846	3584688
2847	3584713
2848	3584826
2849	3585270
2850	3585401
2851	3586595
2852	3587856
2853	3590329
2854	3592174
2855	3592773
2856	3594029
2857	3596802
2858	3597244
2859	3598149
2860	3600889
2861	3604501
2862	3604689
2863	3605189
2864	3605983
2865	3607823
2866	3615473
2867	3616034
2868	3616331
2869	3620474
2870	3620903
2871	3624451
2872	3624719
2873	3626020
2874	3626639
2875	3627729
2876	3629256
2877	3630424
2878	3633021
2879	3635252
2880	3635659
2881	3641099
2882	3641282
2883	3642564
2884	3643022
2885	3646753
2886	3648190
2887	3649762
2888	3649763
2889	3651048
2890	3651049
2891	3651486
2892	3655160
2893	3655936
2894	3656714
2895	3658824
2896	3660228
2897	3660278
2898	3661846
2899	3663660
2900	3664718
2901	3664939
2902	3666359
2903	3667055
2904	3667160
2905	3667174
2906	3672875
2907	3673429
2908	3673648
2909	3674080
2910	3676231
2911	3676669
2912	3677515
2913	3677996
2914	3679765
2915	3681052
2916	3681528
2917	3682242
2918	3683371
2919	3683936
2920	3686284
2921	3686363
2922	3687847
2923	3692352
2924	3692833
2925	3693469
2926	3693630
2927	3695071
2928	3695127
2929	3695280
2930	3697122
2931	3701241
2932	3702255
2933	3702776
2934	3703644
2935	3706305
2936	3710263
2937	3714462
2938	3715237
2939	3716662
2940	3717355
2941	3718599
2942	3718600
2943	3719981
2944	3723313
2945	3724629
2946	3727553
2947	3729778
2948	3730366
2949	3730701
2950	3731961
2951	3735429
2952	3735579
2953	3737561
2954	3737601
2955	3737615
2956	3739436
2957	3739581
2958	3741488
2959	3742825
2960	3744754
2961	3745413
2962	3748815
2963	3749993
2964	3751948
2965	3753313
2966	3756340
2967	3756999
2968	3760663
2969	3760754
2970	3761483
2971	3763796
2972	3765268
2973	3765800
2974	3774616
2975	3776465
2976	3776560
2977	3777796
2978	3778563
2979	3784068
2980	3784337
2981	3791062
2982	3791379
2983	3791385
2984	3793091
2985	3793678
2986	3794120
2987	3798894
2988	3800537
2989	3804650
2990	3808671
2991	3809360
2992	3811354
2993	3812358
2994	3817039
2995	3821635
2996	3821700
2997	3823991
2998	3824434
2999	3824757
3000	3828712
3001	3831499
3002	3832544
3003	3834213
3004	3834889
3005	3834897
3006	3837608
3007	3839268
3008	3839824
3009	3844376
3010	3844705
3011	3845682
3012	3846434
3013	3847488
3014	3850135
3015	3851733
3016	3853726
3017	3855109
3018	3857128
3019	3858033
3020	3859419
3021	3861085
3022	3862253
3023	3863040
3024	3863865
3025	3864340
3026	3866106
3027	3867346
3028	3869115
3029	3869157
3030	3869282
3031	3869327
3032	3873034
3033	3873212
3034	3873217
3035	3873952
3036	3875668
3037	3875873
3038	3877687
3039	3878070
3040	3878637
3041	3879966
3042	3881025
3043	3884693
3044	3885405
3045	3886756
3046	3887474
3047	3888461
3048	3895609
3049	3897883
3050	3897922
3051	3900417
3052	3901997
3053	3903381
3054	3903544
3055	3903547
3056	3903945
3057	3904473
3058	3908100
3059	3909393
3060	3909497
3061	3912043
3062	3912818
3063	3912832
3064	3913764
3065	3913870
3066	3914252
3067	3914431
3068	3916655
3069	3917475
3070	3919639
3071	3922163
3072	3923123
3073	3923729
3074	3925073
3075	3925468
3076	3926857
3077	3928459
3078	3928570
3079	3929897
3080	3930151
3081	3930522
3082	3930575
3083	3930588
3084	3930593
3085	3930619
3086	3930661
3087	3930679
3088	3931866
3089	3931874
3090	3931931
3091	3931984
3092	3932001
3093	3932002
3094	3932053
3095	3932068
3096	3932095
3097	3932103
3098	3932104
3099	3932208
3100	3932323
3101	3932358
3102	3932404
3103	3932463
3104	3932545
3105	3933062
3106	3933066
3107	3933083
3108	3933098
3109	3933190
3110	3933193
3111	3933197
3112	3933295
3113	3933344
3114	3933367
3115	3933596
3116	3933678
3117	3933715
3118	3933905
3119	3935017
3120	3936628
3121	3939721
3122	3939777
3123	3940789
3124	3941037
3125	3942838
3126	3946862
3127	3950548
3128	3952482
3129	3953669
3130	3954722
3131	3955621
3132	3956147
3133	3956416
3134	3961424
3135	3962605
3136	3968175
3137	3968318
3138	3969275
3139	3970983
3140	3973754
3141	3975710
3142	3979513
3143	3981106
3144	3983845
3145	3984288
3146	3986032
3147	3987023
3148	3989259
3149	3989538
3150	3990291
3151	3992340
3152	3996363
3153	3996365
3154	3996749
3155	3997079
3156	3997449
3157	4000563
3158	4001008
3159	4001623
3160	4001869
3161	4002215
3162	4004097
3163	4004241
3164	4007709
3165	4008105
3166	4008499
3167	4010514
3168	4013089
3169	4013252
3170	4013548
3171	4014792
3172	4014998
3173	4016854
3174	4017323
3175	4017358
3176	4026015
3177	4027163
3178	4027638
3179	4030590
3180	4033144
3181	4033786
3182	4034943
3183	4038627
3184	4038921
3185	4040307
3186	4042261
3187	4046287
3188	4047595
3189	4051202
3190	4052585
3191	4054054
3192	4055754
3193	4055853
3194	4056162
3195	4061577
3196	4064521
3197	4065046
3198	4065328
3199	4065569
3200	4065592
3201	4066830
3202	4072235
3203	4072896
3204	4073095
3205	4076441
3206	4076793
3207	4078114
3208	4079905
3209	4080845
3210	4082573
3211	4083196
3212	4083203
3213	4085186
3214	4085389
3215	4086999
3216	4087845
3217	4088254
3218	4089867
3219	4090022
3220	4091186
3221	4091853
3222	4093063
3223	4093238
3224	4095005
3225	4097510
3226	4100320
3227	4103401
3228	4106271
3229	4107086
3230	4107780
3231	4108309
3232	4110192
3233	4110575
3234	4112895
3235	4113889
3236	4115374
3237	4115644
3238	4116484
3239	4117760
3240	4118075
3241	4120076
3242	4120672
3243	4122769
3244	4124251
3245	4124252
3246	4126045
3247	4130523
3248	4130540
3249	4132026
3250	4132959
3251	4133176
3252	4142544
3253	4144384
3254	4145282
3255	4145633
3256	4147340
3257	4148293
3258	4150358
3259	4156036
3260	4156762
3261	4161124
3262	4162662
3263	4162748
3264	4163320
3265	4164544
3266	4166165
3267	4172268
3268	4173634
3269	4173757
3270	4175850
3271	4177457
3272	4177803
3273	4180878
3274	4185041
3275	4189763
3276	4191500
3277	4193457
3278	4193491
3279	4194271
3280	4195035
3281	4195483
3282	4197981
3283	4199040
3284	4199807
3285	4203295
3286	4205814
3287	4207143
3288	4209097
3289	4210487
3290	4210720
3291	4212308
3292	4212621
3293	4213190
3294	4213433
3295	4214525
3296	4215445
3297	4217474
3298	4217560
3299	4219122
3300	4219550
3301	4220289
3302	4220637
3303	4223319
3304	4224347
3305	4224937
3306	4226343
3307	4227335
3308	4228895
3309	4230464
3310	4231210
3311	4233659
3312	4235203
3313	4238241
3314	4239502
3315	4240882
3316	4244329
3317	4244739
3318	4246210
3319	4247305
3320	4250878
3321	4253336
3322	4254373
3323	4255321
3324	4256361
3325	4256499
3326	4260347
3327	4262008
3328	4266493
3329	4267801
3330	4270829
3331	4272377
3332	4273471
3333	4273541
3334	4273569
3335	4273962
3336	4274844
3337	4276943
3338	4277635
3339	4280162
3340	4284447
3341	4285031
3342	4285868
3343	4286351
3344	4286842
3345	4289960
3346	4290795
3347	4292114
3348	4292834
3349	4293468
3350	4293469
3351	4293485
3352	4293755
3353	4295448
3354	4298331
3355	4300177
3356	4300275
3357	4301476
3358	4303074
3359	4307270
3360	4307311
3361	4307322
3362	4307674
3363	4309735
3364	4311436
3365	4311462
3366	4315155
3367	4315175
3368	4315895
3369	4320131
3370	4321877
3371	4322936
3372	4326579
3373	4328702
3374	4332949
3375	4334432
3376	4336169
3377	4338456
3378	4338965
3379	4340690
3380	4341188
3381	4342114
3382	4342710
3383	4346980
3384	4347402
3385	4350558
3386	4353715
3387	4353721
3388	4355054
3389	4360810
3390	4361088
3391	4361671
3392	4362067
3393	4364699
3394	4367834
3395	4368366
3396	4369223
3397	4369900
3398	4370125
3399	4370755
3400	4371399
3401	4374512
3402	4375049
3403	4379110
3404	4379193
3405	4379566
3406	4380395
3407	4381400
3408	4382404
3409	4383546
3410	4384741
3411	4387309
3412	4389758
3413	4390158
3414	4390519
3415	4391640
3416	4391906
3417	4396458
3418	4397615
3419	4400490
3420	4401434
3421	4404433
3422	4404549
3423	4405716
3424	4407826
3425	4407879
3426	4408614
3427	4409356
3428	4410729
3429	4416112
3430	4417263
3431	4420215
3432	4422713
3433	4423319
3434	4427357
3435	4427885
3436	4428893
3437	4429075
3438	4430296
3439	4431168
3440	4431274
3441	4431494
3442	4433224
3443	4433352
3444	4434518
3445	4435043
3446	4435097
3447	4436708
3448	4438353
3449	4438483
3450	4444420
3451	4447745
3452	4448964
3453	4449250
3454	4452884
3455	4456347
3456	4456580
3457	4458410
3458	4458833
3459	4460339
3460	4460452
3461	4461284
3462	4465532
3463	4466816
3464	4468367
3465	4469585
3466	4471083
3467	4471270
3468	4471468
3469	4474145
3470	4480259
3471	4480839
3472	4481360
3473	4484579
3474	4485827
3475	4487113
3476	4489335
3477	4489537
3478	4489687
3479	4489728
3480	4495338
3481	4495341
3482	4496741
3483	4497651
3484	4497920
3485	4498414
3486	4498823
3487	4499456
3488	4500081
3489	4503607
3490	4507708
3491	4509642
3492	4510136
3493	4513514
3494	4514048
3495	4514128
3496	4514712
3497	4515374
3498	4516340
3499	4518409
3500	4521867
3501	4522057
3502	4523531
3503	4523815
3504	4524041
3505	4525281
3506	4527968
3507	4528963
3508	4534510
3509	4536284
3510	4537647
3511	4538529
3512	4540386
3513	4540520
3514	4540854
3515	4544021
3516	4547146
3517	4548151
3518	4553918
3519	4556482
3520	4557200
3521	4560019
3522	4563544
3523	4564043
3524	4565043
3525	4565467
3526	4565598
3527	4565728
3528	4570553
3529	4570587
3530	4573838
3531	4574965
3532	4575966
3533	4575984
3534	4578541
3535	4580672
3536	4581103
3537	4581104
3538	4581449
3539	4582028
3540	4582132
3541	4584522
3542	4588736
3543	4590480
3544	4591572
3545	4591935
3546	4593003
3547	4594799
3548	4597263
3549	4597376
3550	4599751
3551	4600330
3552	4601966
3553	4603371
3554	4608055
3555	4609334
3556	4609761
3557	4610258
3558	4610508
3559	4611411
3560	4611676
3561	4613250
3562	4615362
3563	4622055
3564	4622285
3565	4624972
3566	4626105
3567	4626216
3568	4626960
3569	4632126
3570	4638348
3571	4638922
3572	4638995
3573	4639046
3574	4641586
3575	4641710
3576	4641734
3577	4641755
3578	4644062
3579	4646656
3580	4646969
3581	4647551
3582	4648187
3583	4649933
3584	4650685
3585	4655600
3586	4658017
3587	4659224
3588	4662799
3589	4664014
3590	4665210
3591	4669064
3592	4672528
3593	4672988
3594	4673234
3595	4674395
3596	4675042
3597	4680663
3598	4683232
3599	4684061
3600	4684657
3601	4685738
3602	4686362
3603	4687123
3604	4687207
3605	4687413
3606	4691605
3607	4696928
3608	4699250
3609	4699306
3610	4701388
3611	4701420
3612	4701490
3613	4703682
3614	4704182
3615	4709699
3616	4709833
3617	4712316
3618	4712622
3619	4713326
3620	4713638
3621	4718869
3622	4720356
3623	4722555
3624	4726569
3625	4726756
3626	4727515
3627	4727755
3628	4729528
3629	4730045
3630	4731524
3631	4732685
3632	4738385
3633	4738701
3634	4744519
3635	4745407
3636	4746836
3637	4750029
3638	4754469
3639	4756309
3640	4756329
3641	4756691
3642	4756706
3643	4757261
3644	4758090
3645	4758596
3646	4760902
3647	4764577
3648	4765503
3649	4767336
3650	4768167
3651	4768195
3652	4768196
3653	4769045
3654	4769672
3655	4769869
3656	4770643
3657	4771333
3658	4774688
3659	4775010
3660	4777462
3661	4777698
3662	4778220
3663	4778448
3664	4779056
3665	4780051
3666	4780165
3667	4782468
3668	4790535
3669	4791915
3670	4793695
3671	4795662
3672	4796616
3673	4797568
3674	4799022
3675	4801519
3676	4803964
3677	4805307
3678	4806106
3679	4809543
3680	4811498
3681	4818625
3682	4827816
3683	4828106
3684	4829962
3685	4829994
3686	4830076
3687	4830797
3688	4831206
3689	4831969
3690	4833310
3691	4835768
3692	4838048
3693	4838410
3694	4839209
3695	4839387
3696	4839415
3697	4840515
3698	4840585
3699	4842554
3700	4845445
3701	4846795
3702	4850771
3703	4851743
3704	4852070
3705	4852940
3706	4855784
3707	4856149
3708	4860887
3709	4861013
3710	4861365
3711	4861507
3712	4861528
3713	4862526
3714	4862713
3715	4862797
3716	4862938
3717	4864542
3718	4867052
3719	4867082
3720	4867085
3721	4867096
3722	4867367
3723	4875659
3724	4884950
3725	4885816
3726	4886152
3727	4886153
3728	4886157
3729	4886374
3730	4886434
3731	4886447
3732	4889808
3733	4890263
3734	4894761
3735	4894777
3736	4895006
3737	4896847
3738	4897905
3739	4903120
3740	4903796
3741	4904533
3742	4905053
3743	4906096
3744	4909048
3745	4910021
3746	4912424
3747	4913168
3748	4914842
3749	4915068
3750	4915974
3751	4919980
3752	4924326
3753	4925836
3754	4926735
3755	4927957
3756	4931926
3757	4935740
3758	4936516
3759	4936526
3760	4940217
3761	4941245
3762	4943818
3763	4943819
3764	4943820
3765	4945005
3766	4947924
3767	4948563
3768	4949279
3769	4950868
3770	4951518
3771	4951703
3772	4953970
3773	4955400
3774	4956649
3775	4961304
3776	4961521
3777	4962135
3778	4962933
3779	4965719
3780	4966361
3781	4967244
3782	4968601
3783	4970277
3784	4971050
3785	4973100
3786	4973145
3787	4973545
3788	4973550
3789	4973560
3790	4974231
3791	4975890
3792	4976898
3793	4977273
3794	4983353
3795	4983772
3796	4984415
3797	4984440
3798	4985029
3799	4986140
3800	4986405
3801	4989126
3802	4991315
3803	4993440
3804	4993885
3805	4994501
3806	4997780
3807	4997804
3808	4998505
3809	5000166
3810	5001700
3811	5003894
3812	5005005
3813	5006024
3814	5007711
3815	5011777
3816	5013492
3817	5017884
3818	5018892
3819	5020143
3820	5021512
3821	5022619
3822	5026070
3823	5027977
3824	5028761
3825	5029412
3826	5032788
3827	5032925
3828	5032942
3829	5035994
3830	5036159
3831	5036840
3832	5038713
3833	5038736
3834	5039606
3835	5043587
3836	5044756
3837	5046468
3838	5051413
3839	5052899
3840	5053362
3841	5055054
3842	5056108
3843	5056932
3844	5058135
3845	5062926
3846	5064414
3847	5065777
3848	5066300
3849	5068174
3850	5069032
3851	5069235
3852	5071301
3853	5072467
3854	5072919
3855	5072980
3856	5077095
3857	5078403
3858	5079060
3859	5079136
3860	5081197
3861	5085038
3862	5087930
3863	5089572
3864	5094625
3865	5095231
3866	5096243
3867	5097328
3868	5099530
3869	5100253
3870	5106329
3871	5106486
3872	5107361
3873	5107391
3874	5110700
3875	5113072
3876	5114505
3877	5114896
3878	5126264
3879	5127084
3880	5128750
3881	5131105
3882	5131881
3883	5132438
3884	5136477
3885	5138548
3886	5138549
3887	5139498
3888	5146013
3889	5147029
3890	5147106
3891	5147284
3892	5154398
3893	5161364
3894	5166483
3895	5167640
3896	5167653
3897	5168214
3898	5169211
3899	5169960
3900	5170162
3901	5171709
3902	5174061
3903	5175940
3904	5176921
3905	5178840
3906	5192518
3907	5196145
3908	5196945
3909	5197677
3910	5198498
3911	5198729
3912	5204732
3913	5205776
3914	5206694
3915	5206870
3916	5209424
3917	5216122
3918	5218203
3919	5221431
3920	5223503
3921	5223524
3922	5223715
3923	5223767
3924	5224957
3925	5227878
3926	5233568
3927	5235803
3928	5236895
3929	5240175
3930	5240322
3931	5244372
3932	5251355
3933	5252178
3934	5253832
3935	5253979
3936	5255289
3937	5256228
3938	5262286
3939	5263591
3940	5264369
3941	5271677
3942	5274899
3943	5277785
3944	5279688
3945	5279819
3946	5280010
3947	5280963
3948	5287480
3949	5289757
3950	5294857
3951	5305396
3952	5305877
3953	5306055
3954	5306221
3955	5307609
3956	5308842
3957	5310134
3958	5311695
3959	5313418
3960	5315142
3961	5315148
3962	5315190
3963	5315191
3964	5320823
3965	5322734
3966	5325921
3967	5325954
3968	5325973
3969	5326852
3970	5326985
3971	5328839
3972	5328913
3973	5330996
3974	5331117
3975	5332689
3976	5335264
3977	5337889
3978	5338942
3979	5341794
3980	5342007
3981	5342379
3982	5343322
3983	5343839
3984	5347662
3985	5348772
3986	5349277
3987	5350668
3988	5351422
3989	5351737
3990	5357532
3991	5357816
3992	5363273
3993	5364467
3994	5364507
3995	5366577
3996	5367435
3997	5370188
3998	5370460
3999	5370729
4000	5371420
4001	5371782
4002	5373266
4003	5378105
4004	5378612
