1	7036
2	12566
3	15515
4	16120
5	21043
6	21487
7	24264
8	27214
9	31234
10	31461
11	31839
12	34602
13	35825
14	36483
15	39498
16	47676
17	48205
18	48922
19	54647
20	55002
21	59789
22	59858
23	61470
24	61972
25	64575
26	66152
27	66889
28	73195
29	74930
30	81770
31	82713
32	85358
33	89641
34	91621
35	92289
36	95165
37	100250
38	102953
39	103503
40	103973
41	104501
42	105806
43	106820
44	111673
45	113198
46	116925
47	117613
48	127526
49	129354
50	131252
51	131267
52	131441
53	132868
54	132934
55	137665
56	138708
57	142055
58	142621
59	147159
60	150208
61	152815
62	154392
63	155723
64	157544
65	158351
66	167432
67	172162
68	183745
69	191410
70	195327
71	198411
72	207882
73	209962
74	210913
75	211075
76	219714
77	224117
78	228296
79	228435
80	230724
81	233884
82	235468
83	248797
84	253432
85	258869
86	266844
87	271454
88	271727
89	271785
90	278199
91	279016
92	281736
93	284483
94	285534
95	285981
96	290408
97	292711
98	299205
99	300865
100	301356
101	302116
102	327998
103	328490
104	330227
105	339258
106	342861
107	344541
108	345592
109	346089
110	356138
111	356288
112	357318
113	359657
114	362305
115	371546
116	377217
117	377416
118	385416
119	388466
120	389266
121	391716
122	394238
123	395054
124	398019
125	399768
126	400045
127	401672
128	405468
129	406544
130	407307
131	417246
132	425142
133	428145
134	430841
135	435419
136	436527
137	438242
138	438493
139	439620
140	441344
141	443956
142	447262
143	452323
144	461127
145	463260
146	463742
147	472782
148	473071
149	473968
150	474011
151	474021
152	476034
153	485523
154	500512
155	501466
156	503658
157	508124
158	509208
159	514663
160	516494
161	520324
162	521808
163	527649
164	542881
165	543778
166	548401
167	551027
168	558014
169	561994
170	565820
171	566094
172	569865
173	571232
174	573100
175	576620
176	577032
177	577653
178	578264
179	579054
180	579600
181	580249
182	583136
183	585875
184	588479
185	591067
186	599080
187	600317
188	601748
189	607539
190	610375
191	626383
192	637013
193	646824
194	649621
195	657099
196	666553
197	668715
198	670055
199	682451
200	685077
201	688687
202	699385
203	703664
204	709525
205	715634
206	719737
207	720537
208	727023
209	729623
210	730948
211	733867
212	736008
213	741050
214	745337
215	747635
216	753363
217	754293
218	754892
219	754896
220	758459
221	762506
222	763242
223	768650
224	778161
225	779664
226	779877
227	781264
228	781925
229	783645
230	795527
231	802166
232	806675
233	808748
234	809082
235	810315
236	819946
237	823596
238	826853
239	829087
240	831936
241	833599
242	833986
243	836550
244	836841
245	843670
246	846479
247	847533
248	848806
249	852046
250	858078
251	859635
252	859685
253	864502
254	865271
255	866081
256	879569
257	882046
258	884181
259	888026
260	890857
261	896163
262	897157
263	902304
264	910779
265	912520
266	916414
267	927707
268	932976
269	936530
270	938988
271	945405
272	948085
273	948952
274	950608
275	958951
276	958953
277	965224
278	966083
279	977542
280	978473
281	978794
282	979387
283	981025
284	981694
285	985690
286	986479
287	988340
288	994115
289	996298
290	998301
291	1002065
292	1004585
293	1017460
294	1017503
295	1025849
296	1026793
297	1033408
298	1033693
299	1037334
300	1038275
301	1050372
302	1053548
303	1056511
304	1056577
305	1060201
306	1067477
307	1068363
308	1069760
309	1071988
310	1075066
311	1076707
312	1088096
313	1111360
314	1115228
315	1115752
316	1116610
317	1116644
318	1118010
319	1120837
320	1123550
321	1124386
322	1126392
323	1126587
324	1126886
325	1129024
326	1133793
327	1136522
328	1136874
329	1141731
330	1143099
331	1144762
332	1144788
333	1149057
334	1149104
335	1153408
336	1153767
337	1153798
338	1158758
339	1160837
340	1162437
341	1166950
342	1168874
343	1181697
344	1183502
345	1184197
346	1187857
347	1187915
348	1196087
349	1198030
350	1199498
351	1199928
352	1200022
353	1200141
354	1202161
355	1202600
356	1203241
357	1206700
358	1213772
359	1216074
360	1219045
361	1220762
362	1220781
363	1223339
364	1226542
365	1238243
366	1243989
367	1244972
368	1247108
369	1248843
370	1253496
371	1258383
372	1259838
373	1262103
374	1267209
375	1273275
376	1283637
377	1284618
378	1288004
379	1290485
380	1291112
381	1297879
382	1306042
383	1306236
384	1307949
385	1308963
386	1314748
387	1327363
388	1328003
389	1331317
390	1331345
391	1332538
392	1348845
393	1348965
394	1351370
395	1358853
396	1359239
397	1369169
398	1370023
399	1370897
400	1376994
401	1378858
402	1379567
403	1384145
404	1385651
405	1391188
406	1393550
407	1393655
408	1397014
409	1411867
410	1412065
411	1413578
412	1424168
413	1426498
414	1427309
415	1429476
416	1431409
417	1432426
418	1433738
419	1434419
420	1440688
421	1443573
422	1443645
423	1449833
424	1455035
425	1461361
426	1475479
427	1476678
428	1476686
429	1477325
430	1480344
431	1480707
432	1482744
433	1483869
434	1489518
435	1494570
436	1498678
437	1499917
438	1501752
439	1502957
440	1507418
441	1510455
442	1516613
443	1529813
444	1531638
445	1535901
446	1537997
447	1538408
448	1542674
449	1545140
450	1545763
451	1551470
452	1554297
453	1557107
454	1558428
455	1559661
456	1561084
457	1561843
458	1574696
459	1576038
460	1577813
461	1578905
462	1579329
463	1583621
464	1589357
465	1589848
466	1590924
467	1594950
468	1595587
469	1595628
470	1613797
471	1617291
472	1618376
473	1619842
474	1619959
475	1620847
476	1622804
477	1626931
478	1627713
479	1649542
480	1655969
481	1657853
482	1658771
483	1659001
484	1664470
485	1672951
486	1674874
487	1683162
488	1685396
489	1687146
490	1688143
491	1705197
492	1706239
493	1706695
494	1715419
495	1722618
496	1724926
497	1727089
498	1727916
499	1737185
500	1743118
501	1747032
502	1754669
503	1761177
504	1776552
505	1780071
506	1781653
507	1786389
508	1791998
509	1792990
510	1794021
511	1800929
512	1802825
513	1816539
514	1816559
515	1817689
516	1821357
517	1825540
518	1827782
519	1837208
520	1837683
521	1838642
522	1839811
523	1846225
524	1848155
525	1848621
526	1848823
527	1849584
528	1853284
529	1866310
530	1866713
531	1867650
532	1867787
533	1868500
534	1868616
535	1868845
536	1869193
537	1869196
538	1871040
539	1871070
540	1871074
541	1871108
542	1874559
543	1874560
544	1874603
545	1876207
546	1876233
547	1876279
548	1876281
549	1877979
550	1878068
551	1884888
552	1886659
553	1888551
554	1888569
555	1889771
556	1897382
557	1897535
558	1902909
559	1904041
560	1904186
561	1905118
562	1909804
563	1911859
564	1913698
565	1926611
566	1927160
567	1930244
568	1937677
569	1941261
570	1941724
571	1942333
572	1945377
573	1949151
574	1957708
575	1957774
576	1960438
577	1962586
578	1964414
579	1966063
580	1969854
581	1971092
582	1979440
583	1980282
584	1982958
585	1986479
586	1987234
587	1992017
588	1998761
589	2000067
590	2000496
591	2008603
592	2018676
593	2021262
594	2021332
595	2021336
596	2021939
597	2023749
598	2032552
599	2041113
600	2042975
601	2044300
602	2044445
603	2060427
604	2070623
605	2078248
606	2081676
607	2086990
608	2087005
609	2098215
610	2102097
611	2104763
612	2107668
613	2108738
614	2109386
615	2110898
616	2120925
617	2121165
618	2122970
619	2124474
620	2125002
621	2126604
622	2126736
623	2142720
624	2145974
625	2146710
626	2153545
627	2155426
628	2164296
629	2165478
630	2167978
631	2176260
632	2177784
633	2180733
634	2188658
635	2199860
636	2200751
637	2202698
638	2202713
639	2202714
640	2207570
641	2210265
642	2215122
643	2215687
644	2226516
645	2227467
646	2228209
647	2232013
648	2236947
649	2240588
650	2247541
651	2248187
652	2248917
653	2249290
654	2249466
655	2253501
656	2253830
657	2255918
658	2259431
659	2260578
660	2267163
661	2268614
662	2274022
663	2278142
664	2282302
665	2291067
666	2300991
667	2302322
668	2303987
669	2306107
670	2312191
671	2313252
672	2313418
673	2319772
674	2323722
675	2323819
676	2325086
677	2325625
678	2326184
679	2330874
680	2335540
681	2339581
682	2344783
683	2345485
684	2354713
685	2356620
686	2357015
687	2359179
688	2369447
689	2379155
690	2387122
691	2392517
692	2394672
693	2395205
694	2403784
695	2404569
696	2405804
697	2411667
698	2419013
699	2419991
700	2431423
701	2431740
702	2432981
703	2436427
704	2438064
705	2440021
706	2440200
707	2440595
708	2443315
709	2446656
710	2448709
711	2454746
712	2456349
713	2458168
714	2461424
715	2462382
716	2466263
717	2470097
718	2470710
719	2474066
720	2478930
721	2486622
722	2487629
723	2493596
724	2505741
725	2508402
726	2510752
727	2514597
728	2515410
729	2516727
730	2517250
731	2517548
732	2517557
733	2522141
734	2530251
735	2532554
736	2533507
737	2541788
738	2547987
739	2555266
740	2564363
741	2565455
742	2572610
743	2574047
744	2574247
745	2574253
746	2596335
747	2596631
748	2606159
749	2611173
750	2613577
751	2613818
752	2615127
753	2617941
754	2618818
755	2619119
756	2622050
757	2626682
758	2638082
759	2639113
760	2648327
761	2653066
762	2655217
763	2660287
764	2668295
765	2672352
766	2674235
767	2674370
768	2677809
769	2677968
770	2678861
771	2681419
772	2684216
773	2694390
774	2695235
775	2703680
776	2704320
777	2712723
778	2719707
779	2720115
780	2723165
781	2724859
782	2726438
783	2731590
784	2733299
785	2739777
786	2744418
787	2754418
788	2758245
789	2759408
790	2767927
791	2769940
792	2772156
793	2773168
794	2780402
795	2781041
796	2784386
797	2785131
798	2785443
799	2793991
800	2796461
801	2796676
802	2800599
803	2803062
804	2819906
805	2823218
806	2823917
807	2825676
808	2833205
809	2836698
810	2842130
811	2842361
812	2844148
813	2844977
814	2845651
815	2849612
816	2853359
817	2861968
818	2869596
819	2870902
820	2872153
821	2882143
822	2886913
823	2887987
824	2888043
825	2895616
826	2898221
827	2898224
828	2898848
829	2899568
830	2899570
831	2902250
832	2902765
833	2909171
834	2909413
835	2914932
836	2918273
837	2932898
838	2935174
839	2938658
840	2940956
841	2947018
842	2953685
843	2955074
844	2958167
845	2966829
846	2967096
847	2971881
848	2981899
849	2982379
850	2982655
851	2982787
852	2985104
853	2985372
854	2985554
855	2986162
856	2987191
857	2989324
858	2990420
859	2992688
860	2993231
861	2993503
862	2995430
863	2999496
864	3002471
865	3005324
866	3009686
867	3009759
868	3016101
869	3024898
870	3029191
871	3029611
872	3030236
873	3038349
874	3048476
875	3050842
876	3052956
877	3054156
878	3057644
879	3062425
880	3062447
881	3066385
882	3067050
883	3071705
884	3079854
885	3090531
886	3094785
887	3097732
888	3097824
889	3104359
890	3104377
891	3104884
892	3110975
893	3111076
894	3112610
895	3117959
896	3118847
897	3122271
898	3124977
899	3131219
900	3131447
901	3132337
902	3144386
903	3146698
904	3147770
905	3148016
906	3149815
907	3155276
908	3165220
909	3170838
910	3174092
911	3176107
912	3177866
913	3177929
914	3179224
915	3180266
916	3183216
917	3187317
918	3191953
919	3204588
920	3206245
921	3209724
922	3211356
923	3212205
924	3215562
925	3215921
926	3218040
927	3221705
928	3223623
929	3228797
930	3229161
931	3233552
932	3234996
933	3237920
934	3238032
935	3239344
936	3241923
937	3242316
938	3259504
939	3264240
940	3268121
941	3269441
942	3270278
943	3275605
944	3277812
945	3281889
946	3284998
947	3296057
948	3299700
949	3304050
950	3305657
951	3307957
952	3310333
953	3310491
954	3311603
955	3311702
956	3317640
957	3317711
958	3327121
959	3327238
960	3331789
961	3332131
962	3340036
963	3343841
964	3347608
965	3348150
966	3350002
967	3356615
968	3358554
969	3359593
970	3360645
971	3361957
972	3367093
973	3372413
974	3376349
975	3390667
976	3395754
977	3404637
978	3415881
979	3420178
980	3420204
981	3420707
982	3422476
983	3424115
984	3426811
985	3435294
986	3443183
987	3453747
988	3463370
989	3465252
990	3465450
991	3466340
992	3468519
993	3470006
994	3472434
995	3479700
996	3482821
997	3485541
998	3490925
999	3503617
1000	3505429
1001	3505430
1002	3508755
1003	3513830
1004	3514725
1005	3524913
1006	3525089
1007	3525584
1008	3526702
1009	3526703
1010	3530162
1011	3531756
1012	3537842
1013	3546777
1014	3549180
1015	3564622
1016	3570039
1017	3572890
1018	3573136
1019	3573291
1020	3581734
1021	3581836
1022	3595286
1023	3595347
1024	3595373
1025	3610784
1026	3613236
1027	3620775
1028	3626269
1029	3626283
1030	3631527
1031	3631878
1032	3633296
1033	3636745
1034	3643383
1035	3644925
1036	3648470
1037	3651713
1038	3656079
1039	3661027
1040	3661804
1041	3662898
1042	3663227
1043	3667633
1044	3670465
1045	3675888
1046	3676894
1047	3682405
1048	3685275
1049	3686109
1050	3690625
1051	3693930
1052	3694891
1053	3695282
1054	3698349
1055	3703239
1056	3705640
1057	3707464
1058	3710077
1059	3711389
1060	3712753
1061	3714120
1062	3715704
1063	3719033
1064	3736233
1065	3738447
1066	3742800
1067	3748881
1068	3750233
1069	3753665
1070	3767104
1071	3771250
1072	3779760
1073	3780870
1074	3783251
1075	3797088
1076	3800118
1077	3805744
1078	3809249
1079	3810170
1080	3811295
1081	3812914
1082	3814626
1083	3815138
1084	3816646
1085	3833207
1086	3833287
1087	3835409
1088	3846807
1089	3852786
1090	3856001
1091	3859530
1092	3864348
1093	3867391
1094	3869502
1095	3874945
1096	3885280
1097	3889926
1098	3890869
1099	3896794
1100	3899538
1101	3902064
1102	3903682
1103	3904826
1104	3908358
1105	3911805
1106	3915665
1107	3916325
1108	3916795
1109	3920895
1110	3925740
1111	3927323
1112	3929778
1113	3931143
1114	3938114
1115	3938736
1116	3940646
1117	3941361
1118	3946309
1119	3951062
1120	3955807
1121	3960602
1122	3967609
1123	3971899
1124	3981144
1125	3981720
1126	3987592
1127	3988071
1128	3990298
1129	3993187
1130	3999548
1131	4008930
1132	4012259
1133	4012591
1134	4012826
1135	4020657
1136	4028921
1137	4029337
1138	4042832
1139	4043647
1140	4050407
1141	4052083
1142	4057560
1143	4058019
1144	4060473
1145	4062625
1146	4064297
1147	4067606
1148	4073807
1149	4076509
1150	4081849
1151	4083205
1152	4086287
1153	4086413
1154	4089582
1155	4092764
1156	4094851
1157	4127367
1158	4128788
1159	4129804
1160	4130131
1161	4130330
1162	4130562
1163	4130566
1164	4131281
1165	4135662
1166	4140496
1167	4141647
1168	4145361
1169	4147367
1170	4147953
1171	4155069
1172	4155168
1173	4160640
1174	4162694
1175	4168554
1176	4172862
1177	4176263
1178	4179628
1179	4180863
1180	4183460
1181	4183546
1182	4185198
1183	4191368
1184	4191380
1185	4191885
1186	4195318
1187	4201889
1188	4202206
1189	4203616
1190	4214453
1191	4214762
1192	4218694
1193	4220815
1194	4227470
1195	4227828
1196	4237480
1197	4244557
1198	4245813
1199	4246291
1200	4247863
1201	4272868
1202	4283793
1203	4285960
1204	4297758
1205	4298964
1206	4301027
1207	4303064
1208	4306517
1209	4306531
1210	4311303
1211	4312838
1212	4314196
1213	4317968
1214	4318327
1215	4319277
1216	4320237
1217	4321042
1218	4329142
1219	4338565
1220	4340443
1221	4341484
1222	4345940
1223	4352195
1224	4352203
1225	4353787
1226	4366721
1227	4367008
1228	4368320
1229	4371758
1230	4372014
1231	4382922
1232	4383267
1233	4396356
1234	4400756
1235	4400818
1236	4405771
1237	4406262
1238	4408515
1239	4409505
1240	4411630
1241	4413564
1242	4417442
1243	4422951
1244	4424186
1245	4425027
1246	4438246
1247	4440101
1248	4441234
1249	4445931
1250	4455198
1251	4455566
1252	4457641
1253	4460274
1254	4461529
1255	4462257
1256	4465745
1257	4466146
1258	4467556
1259	4471641
1260	4484692
1261	4485142
1262	4494731
1263	4495146
1264	4498141
1265	4499231
1266	4506092
1267	4510426
1268	4512516
1269	4513614
1270	4513772
1271	4518608
1272	4521264
1273	4523690
1274	4523906
1275	4526761
1276	4527530
1277	4528502
1278	4533269
1279	4536911
1280	4537069
1281	4537479
1282	4539112
1283	4540148
1284	4540647
1285	4546303
1286	4551635
1287	4556827
1288	4559633
1289	4567453
1290	4567945
1291	4569562
1292	4573448
1293	4586356
1294	4588665
1295	4590149
1296	4593129
1297	4603796
1298	4606112
1299	4608143
1300	4609123
1301	4610377
1302	4611624
1303	4615348
1304	4619030
1305	4619202
1306	4621006
1307	4624676
1308	4632846
1309	4632895
1310	4646137
1311	4652548
1312	4653244
1313	4656707
1314	4658444
1315	4659034
1316	4665387
1317	4668094
1318	4677912
1319	4678623
1320	4678661
1321	4681807
1322	4682680
1323	4684104
1324	4685367
1325	4685726
1326	4690896
1327	4692698
1328	4697868
1329	4700294
1330	4700640
1331	4701309
1332	4710920
1333	4712538
1334	4714237
1335	4718057
1336	4718120
1337	4724293
1338	4725960
1339	4732032
1340	4733526
1341	4735938
1342	4738596
1343	4740750
1344	4745501
1345	4751639
1346	4752748
1347	4757418
1348	4758002
1349	4761835
1350	4763358
1351	4767122
1352	4778017
1353	4778213
1354	4778761
1355	4783448
1356	4785487
1357	4788766
1358	4797062
1359	4808426
1360	4812677
1361	4816887
1362	4819383
1363	4820185
1364	4822642
1365	4823646
