1	438
2	8843
3	18894
4	21209
5	22623
6	25425
7	41366
8	41940
9	52742
10	57259
11	61892
12	62079
13	66941
14	76422
15	80983
16	86850
17	89008
18	93158
19	95404
20	101177
21	103628
22	117735
23	118898
24	136763
25	140406
26	144642
27	150326
28	160293
29	162652
30	201806
31	202039
32	202880
33	203274
34	204478
35	204573
36	214999
37	220545
38	276902
39	293420
40	315098
41	316812
42	324670
43	330250
44	333948
45	351084
46	355247
47	355765
48	375320
49	379647
50	381217
51	391348
52	394489
53	394736
54	398088
55	399478
56	413034
57	413125
58	436206
59	442398
60	443832
61	445543
62	448862
63	459309
64	461855
65	461883
66	468834
67	472022
68	473952
69	474028
70	499921
71	507260
72	518336
73	518381
74	519359
75	535411
76	539138
77	542934
78	543085
79	544187
80	548194
81	561060
82	571750
83	575281
84	577633
85	578029
86	580106
87	585247
88	585411
89	586732
90	589822
91	594037
92	595796
93	596844
94	599134
95	602922
96	605161
97	622168
98	633037
99	639693
100	645405
101	646490
102	647678
103	656747
104	661114
105	662702
106	662953
107	671400
108	677796
109	679680
110	691764
111	695151
112	697419
113	703265
114	711809
115	721110
116	731574
117	732538
118	736002
119	738393
120	743950
121	754490
122	755773
123	758816
124	776825
125	779562
126	790957
127	796373
128	816163
129	818555
130	821326
131	825206
132	833043
133	834683
134	836933
135	837623
136	842242
137	845672
138	846113
139	846777
140	858129
141	860769
142	869699
143	869929
144	884006
145	887311
146	889457
147	895804
148	907927
149	909985
150	934816
151	947536
152	959260
153	962748
154	975441
155	985952
156	1010351
157	1014857
158	1031030
159	1031031
160	1031032
161	1031195
162	1031324
163	1032707
164	1032719
165	1051594
166	1052812
167	1061221
168	1066614
169	1072928
170	1080652
171	1081613
172	1090397
173	1098210
174	1111929
175	1121966
176	1124582
177	1130628
178	1139386
179	1143911
180	1165630
181	1168753
182	1177637
183	1189058
184	1202767
185	1225067
186	1238937
187	1248143
188	1250167
189	1264214
190	1264848
191	1269260
192	1269377
193	1272106
194	1277037
195	1277784
196	1283954
197	1289728
198	1293143
199	1302475
200	1305667
201	1315945
202	1321392
203	1321850
204	1322796
205	1324145
206	1339645
207	1340946
208	1345839
209	1348205
210	1365080
211	1366310
212	1370028
213	1377290
214	1382704
215	1384422
216	1385281
217	1404109
218	1408838
219	1410199
220	1410967
221	1416751
222	1428344
223	1434992
224	1446302
225	1449350
226	1473836
227	1475314
228	1475599
229	1480479
230	1488469
231	1504777
232	1507038
233	1509317
234	1510695
235	1515652
236	1516157
237	1516285
238	1521765
239	1525377
240	1526887
241	1538065
242	1542661
243	1545992
244	1548268
245	1549567
246	1563325
247	1569802
248	1572189
249	1575418
250	1576971
251	1588811
252	1595011
253	1597460
254	1609158
255	1615120
256	1617288
257	1618846
258	1618891
259	1619360
260	1619374
261	1621465
262	1625077
263	1627180
264	1627678
265	1641573
266	1644599
267	1649036
268	1658494
269	1666219
270	1666474
271	1668571
272	1673231
273	1693205
274	1713945
275	1715339
276	1720540
277	1746257
278	1751865
279	1758240
280	1758607
281	1762250
282	1772249
283	1775854
284	1775983
285	1777854
286	1797327
287	1838206
288	1838358
289	1839912
290	1862801
291	1867762
292	1873746
293	1884672
294	1886325
295	1888367
296	1907219
297	1907269
298	1909036
299	1909273
300	1910010
301	1910456
302	1910841
303	1911370
304	1913342
305	1913454
306	1915947
307	1915953
308	1915976
309	1919560
310	1919671
311	1920594
312	1943833
313	1953710
314	1963410
315	1978044
316	1982234
317	1996133
318	1997199
319	2002625
320	2013388
321	2013993
322	2014901
323	2030120
324	2030285
325	2040613
326	2051128
327	2053289
328	2054039
329	2054110
330	2065325
331	2073793
332	2079422
333	2079941
334	2082973
335	2083720
336	2103523
337	2111335
338	2116898
339	2128748
340	2135083
341	2143837
342	2157673
343	2163190
344	2168530
345	2170276
346	2171080
347	2190845
348	2199978
349	2207696
350	2207806
351	2213612
352	2213631
353	2221187
354	2221582
355	2230060
356	2233752
357	2235092
358	2237638
359	2243128
360	2244343
361	2270954
362	2273669
363	2281525
364	2287448
365	2291051
366	2294445
367	2296505
368	2302072
369	2304147
370	2316433
371	2326896
372	2333750
373	2333751
374	2333762
375	2337042
376	2350669
377	2350671
378	2353129
379	2373091
380	2376886
381	2378884
382	2387234
383	2394986
384	2406270
385	2413152
386	2413211
387	2413230
388	2413239
389	2438053
390	2439119
391	2443911
392	2448370
393	2459291
394	2483383
395	2506744
396	2508939
397	2509943
398	2529964
399	2530412
400	2534909
401	2538198
402	2538933
403	2542066
404	2562160
405	2563769
406	2567001
407	2567392
408	2589304
409	2590584
410	2593038
411	2595382
412	2599037
413	2608518
414	2612979
415	2626024
416	2626317
417	2635268
418	2669640
419	2690749
420	2697337
421	2721413
422	2726134
423	2735281
424	2748900
425	2754276
426	2754586
427	2756684
428	2760034
429	2768724
430	2770680
431	2797382
432	2803261
433	2808223
434	2814085
435	2819619
436	2824982
437	2828818
438	2829019
439	2834694
440	2839117
441	2869450
442	2869765
443	2891819
444	2898405
445	2903272
446	2905131
447	2908245
448	2915432
449	2915690
450	2920874
451	2940301
452	2948465
453	2950892
454	2972898
455	2975982
456	3005558
457	3015110
458	3021425
459	3022082
460	3023647
461	3024137
462	3034389
463	3051333
464	3053671
465	3059938
466	3059939
467	3059943
468	3063514
469	3073410
470	3088236
471	3092024
472	3127706
473	3130737
474	3134993
475	3139864
476	3140456
477	3155736
478	3164442
479	3176246
480	3182224
481	3185766
482	3187092
483	3189357
484	3191440
485	3212196
486	3228235
487	3234470
488	3239301
489	3240103
490	3249016
491	3250912
492	3253322
493	3254365
494	3258580
495	3282806
496	3290817
497	3297641
498	3314487
499	3315888
500	3344900
501	3354611
502	3362604
503	3372480
504	3380051
505	3380694
506	3382712
507	3384109
508	3390057
509	3392299
510	3398561
511	3403187
512	3404835
513	3413119
514	3426250
515	3430774
516	3433032
517	3433753
518	3434625
519	3436099
520	3445498
521	3446654
522	3453116
523	3457410
524	3460581
525	3468161
526	3476903
527	3479997
528	3480576
529	3485283
530	3511777
531	3524058
532	3530033
533	3540224
534	3541161
535	3550968
536	3559850
537	3560047
538	3564730
539	3582556
540	3583065
541	3585890
542	3586921
543	3588469
544	3608314
545	3608759
546	3612450
547	3612820
548	3624791
549	3626161
550	3627990
551	3631890
552	3649297
553	3655266
554	3658992
555	3678753
556	3686492
557	3688869
558	3694106
559	3710964
560	3711992
561	3719900
562	3740852
563	3755856
564	3756565
565	3759228
566	3783510
567	3785067
568	3796155
569	3810322
570	3829023
571	3841111
572	3857080
573	3865586
574	3879369
575	3880961
576	3890607
577	3895239
578	3908621
579	3915682
580	3943146
581	3945351
582	3951813
583	3955667
584	3973813
585	3974669
586	3979004
587	3980159
588	3995019
589	4002581
590	4007409
591	4013861
592	4022476
593	4035727
594	4042328
595	4050187
596	4065054
597	4066240
598	4073596
599	4090514
600	4102609
601	4104659
602	4128284
603	4129460
604	4133845
605	4135388
606	4150014
607	4152393
608	4161733
609	4165627
610	4165815
611	4178090
612	4179017
613	4180850
614	4185249
615	4192610
616	4196070
617	4199498
618	4201079
619	4215341
620	4227758
621	4231327
622	4252153
623	4253546
624	4253657
625	4254128
626	4269294
627	4278136
628	4287969
629	4296944
630	4305853
631	4308379
632	4309238
633	4321191
634	4323477
635	4332783
636	4334356
637	4335553
638	4337777
639	4339009
640	4353631
641	4360069
642	4360094
643	4372683
644	4379752
645	4380684
646	4401363
647	4424295
648	4430073
649	4433418
650	4447480
651	4449680
652	4460077
653	4460147
654	4465215
655	4468990
656	4478496
657	4490928
658	4492544
659	4494619
660	4494628
661	4494643
662	4504639
663	4507562
664	4510027
665	4517406
666	4517487
667	4520275
668	4527286
669	4531906
670	4538093
671	4548992
672	4556593
673	4569414
674	4572700
675	4573490
676	4581633
677	4586866
678	4602946
679	4610394
680	4620427
681	4625980
682	4646039
683	4653151
684	4653522
685	4653622
686	4654091
687	4661141
688	4663387
689	4666811
690	4668585
691	4691860
692	4692669
693	4697629
694	4701741
695	4709946
696	4714181
697	4720457
698	4725728
699	4730017
700	4730116
701	4730702
702	4733164
703	4736269
704	4740611
705	4754166
706	4762344
707	4784737
708	4791187
709	4803602
710	4805803
