1	85
2	111
3	278
4	1305
5	1598
6	1599
7	1901
8	1964
9	1972
10	2449
11	2882
12	2885
13	3018
14	3053
15	3180
16	3546
17	3674
18	4092
19	4199
20	4265
21	4271
22	4553
23	4644
24	4661
25	4772
26	5327
27	5431
28	5456
29	6075
30	6348
31	6366
32	6395
33	6472
34	6532
35	6641
36	6661
37	6760
38	7434
39	8181
40	8702
41	9343
42	9434
43	9544
44	9825
45	10193
46	10871
47	10922
48	11385
49	11516
50	11671
51	11741
52	11860
53	12020
54	12924
55	13374
56	14086
57	14432
58	14748
59	14948
60	15364
61	15376
62	15824
63	16274
64	16279
65	16285
66	16309
67	28049
68	33888
69	33917
70	33958
71	34021
72	34065
73	34705
74	34811
75	35166
76	35526
77	35527
78	35529
79	35532
80	35533
81	35534
82	35540
83	35544
84	35746
85	35752
86	35780
87	35792
88	36630
89	37606
90	37940
91	38352
92	38358
93	38474
94	38517
95	38564
96	39501
97	40122
98	40517
99	40732
100	41017
101	41172
102	41258
103	41383
104	41490
105	41543
106	41575
107	41788
108	42316
109	42492
110	42578
111	42758
112	42872
113	42889
114	43305
115	43462
116	43604
117	43848
118	44183
119	44673
120	44802
121	44924
122	45107
123	45163
124	45167
125	45229
126	45237
127	45269
128	45307
129	45500
130	45560
131	45686
132	45750
133	45809
134	46355
135	46737
136	47285
137	47834
138	47961
139	48134
140	48147
141	48478
142	48524
143	48980
144	49202
145	49211
146	49315
147	50775
148	51134
149	51242
150	51326
151	51483
152	51500
153	51533
154	51662
155	51937
156	52220
157	52333
158	52760
159	53005
160	53077
161	53223
162	53295
163	53394
164	53616
165	53618
166	53826
167	53951
168	53954
169	53956
170	54061
171	54101
172	54239
173	54537
174	54977
175	55201
176	56193
177	56355
178	56805
179	57119
180	57333
181	57343
182	57902
183	58596
184	58804
185	59240
186	59981
187	60031
188	60668
189	61043
190	61356
191	61577
192	61653
193	61714
194	61893
195	62052
196	62300
197	62301
198	62494
199	62495
200	62496
201	63766
202	64187
203	64312
204	64319
205	64407
206	64865
207	65107
208	65306
209	65568
210	65899
211	65936
212	65940
213	66364
214	69309
215	69553
216	69640
217	69837
218	69940
219	70393
220	70422
221	70450
222	70488
223	70607
224	70621
225	72313
226	72328
227	72699
228	72862
229	74001
230	74183
231	74504
232	74559
233	75601
234	75638
235	76660
236	78154
237	78441
238	78468
239	78471
240	78473
241	78511
242	78521
243	78522
244	78529
245	78847
246	79096
247	79105
248	79648
249	79826
250	80382
251	80400
252	81398
253	82265
254	82361
255	82453
256	82685
257	82749
258	82896
259	83087
260	83105
261	83124
262	83762
263	84106
264	84112
265	84308
266	84352
267	84572
268	85060
269	85100
270	85368
271	85563
272	86093
273	86253
274	86828
275	87317
276	87335
277	87874
278	88211
279	88613
280	89065
281	89368
282	90177
283	91067
284	91690
285	92504
286	92824
287	93400
288	93576
289	93679
290	95455
291	95917
292	95983
293	96017
294	96300
295	96368
296	96420
297	96754
298	96759
299	97401
300	103657
301	103675
302	103680
303	103681
304	103684
305	103691
306	103692
307	103693
308	103695
309	103705
310	103706
311	103957
312	105875
313	105922
314	106915
315	106958
316	107276
317	107645
318	107747
319	107767
320	108247
321	108734
322	108950
323	110091
324	110372
325	110418
326	110785
327	110901
328	111783
329	112688
330	112741
331	112797
332	113043
333	113456
334	113505
335	114454
336	114860
337	114983
338	115026
339	115429
340	115952
341	116251
342	116306
343	116504
344	116905
345	117092
346	117175
347	118376
348	118465
349	118648
350	118851
351	119114
352	119359
353	119449
354	119627
355	119628
356	119629
357	120840
358	121186
359	121873
360	121896
361	122210
362	122260
363	122619
364	122733
365	122747
366	123712
367	123830
368	124675
369	124815
370	124851
371	125421
372	125641
373	125753
374	126011
375	126527
376	126774
377	126844
378	126862
379	127304
380	128109
381	128305
382	128424
383	128577
384	128870
385	129269
386	129772
387	131731
388	132017
389	132998
390	132999
391	133173
392	133864
393	133868
394	134050
395	134174
396	134286
397	134336
398	134912
399	134928
400	135027
401	135264
402	135281
403	135812
404	136563
405	136752
406	137193
407	137382
408	137473
409	138767
410	138802
411	138949
412	139001
413	139337
414	139379
415	139730
416	139965
417	140019
418	140038
419	140292
420	141321
421	141375
422	141555
423	141894
424	142309
425	142508
426	142555
427	142558
428	142570
429	142592
430	142608
431	142852
432	143011
433	143186
434	143195
435	143303
436	143363
437	143419
438	144144
439	144219
440	144247
441	145241
442	145280
443	145827
444	146164
445	146325
446	146704
447	147182
448	147222
449	147317
450	147375
451	147421
452	147441
453	148238
454	148651
455	148680
456	149466
457	149592
458	149958
459	150063
460	150388
461	150412
462	150470
463	150545
464	150615
465	150909
466	150910
467	151099
468	151120
469	151137
470	151312
471	151441
472	151465
473	151476
474	151490
475	151499
476	151508
477	151536
478	151550
479	151559
480	151752
481	151756
482	151793
483	151797
484	151802
485	151927
486	152083
487	153051
488	153787
489	154451
490	154592
491	154943
492	154973
493	155122
494	155660
495	155804
496	155931
497	156035
498	156514
499	156737
500	157730
501	158027
502	158094
503	158314
504	158815
505	159653
506	159692
507	160234
508	160319
509	160502
510	160555
511	160620
512	160968
513	161402
514	161747
515	162202
516	162817
517	162891
518	163047
519	163383
520	163450
521	163912
522	164083
523	164091
524	164237
525	164271
526	164953
527	165561
528	166062
529	166535
530	167550
531	167578
532	168476
533	168494
534	168555
535	168620
536	169408
537	169636
538	169681
539	170005
540	170337
541	170886
542	171835
543	171890
544	171957
545	172160
546	172303
547	172652
548	173069
549	178727
550	178969
551	179064
552	181806
553	181920
554	182169
555	182173
556	182307
557	182432
558	182897
559	183199
560	183515
561	184183
562	184279
563	184508
564	184584
565	184779
566	184821
567	184973
568	185177
569	185490
570	185630
571	186100
572	186615
573	186643
574	188002
575	188666
576	189264
577	189297
578	189752
579	190014
580	190247
581	190344
582	190476
583	190501
584	190551
585	191267
586	191361
587	192299
588	193875
589	193882
590	194129
591	194496
592	194509
593	194947
594	195374
595	195406
596	195436
597	195891
598	196104
599	196121
600	196131
601	196788
602	196928
603	197187
604	197259
605	197442
606	200207
607	200964
608	201020
609	201619
610	201620
611	201621
612	201735
613	202325
614	202663
615	202810
616	203305
617	203907
618	204811
619	205206
620	206036
621	206060
622	206160
623	206161
624	206162
625	206428
626	206511
627	206791
628	206799
629	206829
630	206889
631	206947
632	207379
633	207710
634	207741
635	207770
636	207940
637	208591
638	208655
639	209615
640	209639
641	209668
642	209823
643	209993
644	210134
645	210549
646	210728
647	211180
648	211371
649	211434
650	211908
651	211955
652	212096
653	212142
654	212164
655	212876
656	213268
657	213327
658	214054
659	214150
660	214330
661	214368
662	214444
663	214932
664	215071
665	215097
666	215210
667	216241
668	216269
669	216336
670	216703
671	217295
672	217309
673	217335
674	217628
675	217710
676	218317
677	218395
678	218416
679	218911
680	219057
681	219109
682	219120
683	219700
684	220075
685	220416
686	220705
687	220763
688	220830
689	221150
690	221277
691	221543
692	221595
693	222195
694	222595
695	222610
696	222678
697	222872
698	223021
699	223303
700	223712
701	223811
702	223813
703	223982
704	224104
705	224319
706	224964
707	225095
708	225186
709	225421
710	225521
711	225694
712	226093
713	226276
714	226749
715	226932
716	227174
717	227575
718	227824
719	228232
720	228424
721	228427
722	228431
723	228432
724	228956
725	229119
726	229174
727	229415
728	229462
729	229577
730	229845
731	229967
732	230523
733	230708
734	230801
735	231014
736	231045
737	231204
738	231329
739	231652
740	231743
741	233114
742	233151
743	233541
744	233678
745	233683
746	233861
747	234480
748	234700
749	234914
750	235717
751	235840
752	235901
753	235944
754	236175
755	236759
756	236841
757	237019
758	237245
759	237265
760	237324
761	237391
762	238625
763	238659
764	253854
765	254080
766	254081
767	254138
768	254366
769	254757
770	254847
771	254931
772	255039
773	255056
774	255562
775	255731
776	255765
777	255771
778	255875
779	256351
780	257951
781	258084
782	258957
783	269756
784	269902
785	269911
786	269996
787	270186
788	270729
789	271265
790	271444
791	271533
792	271808
793	272524
794	272863
795	272996
796	273179
797	273283
798	273336
799	273360
800	273370
801	273453
802	273566
803	273730
804	274015
805	274054
806	274251
807	274963
808	274964
809	275109
810	275198
811	275317
812	275424
813	276004
814	276277
815	276361
816	276413
817	276423
818	276425
819	276430
820	276443
821	276862
822	276912
823	277132
824	277515
825	277516
826	278433
827	278475
828	279292
829	279629
830	279642
831	280107
832	280112
833	280241
834	280265
835	281713
836	281895
837	282089
838	282158
839	282237
840	282321
841	283168
842	284388
843	284638
844	284706
845	284712
846	284774
847	285011
848	285778
849	285964
850	286632
851	287118
852	288639
853	288653
854	288674
855	288846
856	289313
857	289431
858	290909
859	290910
860	290917
861	291550
862	291652
863	291900
864	292040
865	292714
866	293049
867	293330
868	293698
869	294188
870	294472
871	294627
872	294673
873	294675
874	294739
875	295020
876	295316
877	296072
878	296207
879	296213
880	296228
881	296541
882	296929
883	297049
884	297125
885	297424
886	297586
887	297613
888	297622
889	297818
890	297999
891	298064
892	298084
893	298563
894	299007
895	299324
896	299633
897	300198
898	300238
899	300403
900	300760
901	301226
902	301843
903	302006
904	302748
905	303196
906	303502
907	303544
908	303568
909	303988
910	304154
911	304410
912	304651
913	304727
914	305075
915	305193
916	305386
917	305555
918	305610
919	305801
920	306009
921	306110
922	306305
923	306389
924	306519
925	307389
926	307671
927	308288
928	308302
929	308303
930	308599
931	308743
932	309399
933	309883
934	310061
935	310365
936	310491
937	310624
938	310860
939	311403
940	311862
941	312604
942	312752
943	314187
944	314600
945	315084
946	315405
947	315433
948	316033
949	316077
950	316286
951	317339
952	317719
953	317809
954	317895
955	317955
956	318293
957	318362
958	318427
959	318428
960	318441
961	318687
962	318748
963	318782
964	319107
965	319953
966	320533
967	320697
968	320982
969	321117
970	321345
971	321465
972	321628
973	321630
974	321955
975	322136
976	322391
977	322442
978	322549
979	322684
980	323430
981	323956
982	324456
983	324457
984	324458
985	324459
986	324572
987	324637
988	324684
989	324746
990	324751
991	326779
992	326878
993	326941
994	327066
995	327212
996	327319
997	327515
998	327541
999	327739
1000	327765
1001	327977
1002	328098
1003	328472
1004	328669
1005	329669
1006	329701
1007	329761
1008	329784
1009	330401
1010	330452
1011	331078
1012	331091
1013	331106
1014	331181
1015	332082
1016	332084
1017	332175
1018	332406
1019	332474
1020	332702
1021	333022
1022	333276
1023	333294
1024	333307
1025	333390
1026	333453
1027	333496
1028	333844
1029	334380
1030	334730
1031	335368
1032	335452
1033	335508
1034	335528
1035	335531
1036	335639
1037	335645
1038	335701
1039	335710
1040	335779
1041	335879
1042	335887
1043	335959
1044	336071
1045	336081
1046	336201
1047	336565
1048	337146
1049	337153
1050	337269
1051	337382
1052	337814
1053	338394
1054	338800
1055	339729
1056	339735
1057	340171
1058	340308
1059	340485
1060	341214
1061	341236
1062	341246
1063	341455
1064	341554
1065	341847
1066	341937
1067	341991
1068	342791
1069	343144
1070	343679
1071	343747
1072	345089
1073	345626
1074	346028
1075	346181
1076	346682
1077	346741
1078	347121
1079	348468
1080	349361
1081	349615
1082	349929
1083	350770
1084	351081
1085	351098
1086	351221
1087	351494
1088	351497
1089	351729
1090	351752
1091	352162
1092	352179
1093	352873
1094	353208
1095	353236
1096	353363
1097	353372
1098	353824
1099	353879
1100	354228
1101	354330
1102	354499
1103	354715
1104	354730
1105	354861
1106	355588
1107	360822
1108	360830
1109	361472
1110	361704
1111	361731
1112	361792
1113	361944
1114	362181
1115	362500
1116	362615
1117	362909
1118	363221
1119	363254
1120	363336
1121	364071
1122	364077
1123	364264
1124	364491
1125	365195
1126	365397
1127	365871
1128	365887
1129	365930
1130	366335
1131	366481
1132	366559
1133	366810
1134	367246
1135	367534
1136	367657
1137	367921
1138	367976
1139	368018
1140	368176
1141	368337
1142	368543
1143	369013
1144	369148
1145	369187
1146	369921
1147	369965
1148	370161
1149	370715
1150	370754
1151	371162
1152	372060
1153	372125
1154	372226
1155	372290
1156	372470
1157	372481
1158	373953
1159	374435
1160	374753
1161	374807
1162	374831
1163	375503
1164	375680
1165	375799
1166	375921
1167	376169
1168	376721
1169	376940
1170	377173
1171	378095
1172	378420
1173	378764
1174	378914
1175	379590
1176	380219
1177	380366
1178	380504
1179	380874
1180	381001
1181	381132
1182	381133
1183	382406
1184	383408
1185	383415
1186	383416
1187	383429
1188	383434
1189	383707
1190	383988
1191	384337
1192	384697
1193	384764
1194	384948
1195	385844
1196	385988
1197	386145
1198	388185
1199	388389
1200	389360
1201	389399
1202	389839
1203	390048
1204	390117
1205	390292
1206	390765
1207	390929
1208	392408
1209	392702
1210	392788
1211	393186
1212	393423
1213	394521
1214	394846
1215	394877
1216	395269
1217	395830
1218	396424
1219	396539
1220	396969
1221	397181
1222	397423
1223	397518
1224	397617
1225	397827
1226	397858
1227	397924
1228	398235
1229	398333
1230	398481
1231	398654
1232	398706
1233	398895
1234	398900
1235	398964
1236	399071
1237	399079
1238	399468
1239	399470
1240	399568
1241	399579
1242	399613
1243	399635
1244	399657
1245	399702
1246	399727
1247	399733
1248	399782
1249	400087
1250	400162
1251	400374
1252	400761
1253	401084
1254	401141
1255	401206
1256	401967
1257	402370
1258	402404
1259	402426
1260	402524
1261	402645
1262	402821
1263	403046
1264	404346
1265	404598
1266	404696
1267	405024
1268	405058
1269	405975
1270	406401
1271	406514
1272	406861
1273	407011
1274	407066
1275	407427
1276	407584
1277	407903
1278	408104
1279	408130
1280	408248
1281	408256
1282	408547
1283	408699
1284	408983
1285	409093
1286	409121
1287	409259
1288	409285
1289	409317
1290	409532
1291	409661
1292	409828
1293	410413
1294	411044
1295	411279
1296	411535
1297	411681
1298	412355
1299	412677
1300	412679
1301	413017
1302	413054
1303	413213
1304	413315
1305	413702
1306	413724
1307	413727
1308	414352
1309	414481
1310	414785
1311	415125
1312	416077
1313	416288
1314	417832
1315	418430
1316	418452
1317	418584
1318	419042
1319	419676
1320	419894
1321	420215
1322	420216
1323	420350
1324	420361
1325	420407
1326	420408
1327	420516
1328	420517
1329	420589
1330	420838
1331	420939
1332	421069
1333	421204
1334	421788
1335	422480
1336	422574
1337	422775
1338	423049
1339	423399
1340	423841
1341	423968
1342	424024
1343	424565
1344	424680
1345	430261
1346	430454
1347	430706
1348	430800
1349	431071
1350	431081
1351	431465
1352	432257
1353	432279
1354	432306
1355	432452
1356	432572
1357	433314
1358	433423
1359	433524
1360	433538
1361	433660
1362	433862
1363	433882
1364	433917
1365	434220
1366	434233
1367	434288
1368	434318
1369	434321
1370	435096
1371	435099
1372	435165
1373	435515
1374	435539
1375	436012
1376	436370
1377	436714
1378	436992
1379	437009
1380	437077
1381	437197
1382	437242
1383	437353
1384	437410
1385	437478
1386	437492
1387	437608
1388	437611
1389	437808
1390	438081
1391	438169
1392	439115
1393	439180
1394	439279
1395	439339
1396	439353
1397	439504
1398	439633
1399	440553
1400	440922
1401	441593
1402	441679
1403	442392
1404	443368
1405	443712
1406	443778
1407	444521
1408	444731
1409	444820
1410	445388
1411	445666
1412	445971
1413	446196
1414	446197
1415	446501
1416	448770
1417	448841
1418	449338
1419	449422
1420	449490
1421	449571
1422	449657
1423	449769
1424	450213
1425	450344
1426	450462
1427	451398
1428	451402
1429	451544
1430	452045
1431	452105
1432	452270
1433	452507
1434	452632
1435	453185
1436	453204
1437	454437
1438	454441
1439	454695
1440	454728
1441	454734
1442	454909
1443	455242
1444	455799
1445	455809
1446	455814
1447	455846
1448	455887
1449	455939
1450	456061
1451	459234
1452	462665
1453	463295
1454	467812
1455	468758
1456	473158
1457	473363
1458	473611
1459	474306
1460	474943
1461	475121
1462	475334
1463	475362
1464	475394
1465	475711
1466	475864
1467	475929
1468	476292
1469	476395
1470	476621
1471	477250
1472	477799
1473	477889
1474	478127
1475	478622
1476	479855
1477	479995
1478	480087
1479	480326
1480	480587
1481	480633
1482	481130
1483	481310
1484	481332
1485	481597
1486	482080
1487	482732
1488	482978
1489	483748
1490	483901
1491	484632
1492	484720
1493	485114
1494	485474
1495	485825
1496	485954
1497	486266
1498	486356
1499	486402
1500	486545
1501	486589
1502	486727
1503	486837
1504	487152
1505	487413
1506	487449
1507	487500
1508	488311
1509	489685
1510	489695
1511	489697
1512	489699
1513	489702
1514	489715
1515	489753
1516	490193
1517	490219
1518	490312
1519	490343
1520	490625
1521	490975
1522	490988
1523	491058
1524	491200
1525	491219
1526	491733
1527	491809
1528	491976
1529	492231
1530	494137
1531	494637
1532	494890
1533	495065
1534	495978
1535	496162
1536	496588
1537	496589
1538	496595
1539	496726
1540	496800
1541	496821
1542	497140
1543	497697
1544	497806
1545	498157
1546	498766
1547	499083
1548	499755
1549	500781
1550	500934
1551	500935
1552	501159
1553	501176
1554	501233
1555	501487
1556	501513
1557	502595
1558	502934
1559	503015
1560	505509
1561	505798
1562	505847
1563	506393
1564	506579
1565	507204
1566	507215
1567	507476
1568	507484
1569	507869
1570	508077
1571	509516
1572	509665
1573	510702
1574	510936
1575	510969
1576	511247
1577	511660
1578	511714
1579	512838
1580	513384
1581	513742
1582	513745
1583	513864
1584	513901
1585	514136
1586	514358
1587	514852
1588	515028
1589	515112
1590	515161
1591	515236
1592	515419
1593	517071
1594	517237
1595	517299
1596	517937
1597	518058
1598	518209
1599	518539
1600	518547
1601	519907
1602	520021
1603	520202
1604	520550
1605	520790
1606	521002
1607	522216
1608	522822
1609	523491
1610	523820
1611	523922
1612	524271
1613	524310
1614	524316
1615	524557
1616	525217
1617	525350
1618	525847
1619	525990
1620	526086
1621	526095
1622	526561
1623	526711
1624	526714
1625	526856
1626	526872
1627	526965
1628	527088
1629	527139
1630	527260
1631	527359
1632	527626
1633	528272
1634	528605
1635	529035
1636	529655
1637	529704
1638	530186
1639	530722
1640	530730
1641	531356
1642	532442
1643	532603
1644	532715
1645	532807
1646	533412
1647	533569
1648	533623
1649	534128
1650	534558
1651	534634
1652	534797
1653	534987
1654	535530
1655	535668
1656	535793
1657	536506
1658	536643
1659	536842
1660	536965
1661	536995
1662	537207
1663	537953
1664	539586
1665	539779
1666	540308
1667	540417
1668	540605
1669	541202
1670	541286
1671	541439
1672	541728
1673	541885
1674	542395
1675	542478
1676	542763
1677	542811
1678	542821
1679	543703
1680	544104
1681	544520
1682	544930
1683	545312
1684	545797
1685	547654
1686	547720
1687	547870
1688	547903
1689	547951
1690	549049
1691	549051
1692	549056
1693	549100
1694	549247
1695	549291
1696	550601
1697	550647
1698	551360
1699	551506
1700	551703
1701	551873
1702	552564
1703	552757
1704	552870
1705	553256
1706	553425
1707	553641
1708	553646
1709	553700
1710	554679
1711	555109
1712	555513
1713	556191
1714	556280
1715	556573
1716	556789
1717	557034
1718	557174
1719	557442
1720	558469
1721	558693
1722	558694
1723	559280
1724	559809
1725	560208
1726	560974
1727	561608
1728	561623
1729	561818
1730	561821
1731	561841
1732	561874
1733	561876
1734	562237
1735	562436
1736	562458
1737	563005
1738	563475
1739	563820
1740	564304
1741	564450
1742	564472
1743	564864
1744	565050
1745	565453
1746	565689
1747	565708
1748	565908
1749	566056
1750	566158
1751	566543
1752	566981
1753	567354
1754	568031
1755	568051
1756	568068
1757	568128
1758	568651
1759	569870
1760	570193
1761	570627
1762	570683
1763	570981
1764	571051
1765	571704
1766	571705
1767	572015
1768	572195
1769	572250
1770	572650
1771	573093
1772	573441
1773	573827
1774	574632
1775	575184
1776	575257
1777	575313
1778	575339
1779	575386
1780	575588
1781	575778
1782	575845
1783	576067
1784	576128
1785	576219
1786	576798
1787	577132
1788	577817
1789	578141
1790	578396
1791	578773
1792	578992
1793	579575
1794	579874
1795	580469
1796	580575
1797	580591
1798	580694
1799	581004
1800	581910
1801	582274
1802	582521
1803	582560
1804	582838
1805	583942
1806	585438
1807	585465
1808	585643
1809	586365
1810	586782
1811	587161
1812	587438
1813	587927
1814	588883
1815	589027
1816	589060
1817	589116
1818	589163
1819	589187
1820	589254
1821	589556
1822	589599
1823	589643
1824	589771
1825	589918
1826	589928
1827	590106
1828	590860
1829	591535
1830	591936
1831	592026
1832	592150
1833	592245
1834	593178
1835	593809
1836	593930
1837	594455
1838	596346
1839	596355
1840	596364
1841	596385
1842	596391
1843	596403
1844	596406
1845	596409
1846	610977
1847	611479
1848	611569
1849	612477
1850	612479
1851	612984
1852	613022
1853	613036
1854	613381
1855	614029
1856	614056
1857	614255
1858	614305
1859	614501
1860	614613
1861	614767
1862	614899
1863	614911
1864	614939
1865	615254
1866	615444
1867	615567
1868	615669
1869	615811
1870	615949
1871	616235
1872	616659
1873	616690
1874	616965
1875	617332
1876	617595
1877	617739
1878	617800
1879	617992
1880	618146
1881	618249
1882	618253
1883	618302
1884	618346
1885	618867
1886	619382
1887	620052
1888	620305
1889	620471
1890	620936
1891	620981
1892	621026
1893	621813
1894	621971
1895	622154
1896	622516
1897	622517
1898	623329
1899	623631
1900	623752
1901	624433
1902	624565
1903	625396
1904	625402
1905	625773
1906	626045
1907	626185
1908	626219
1909	626277
1910	626553
1911	626682
1912	626700
1913	626926
1914	627057
1915	627181
1916	627254
1917	627352
1918	627392
1919	627440
1920	627659
1921	627898
1922	628574
1923	629307
1924	643219
1925	643921
1926	643957
1927	644073
1928	644106
1929	644632
1930	644764
1931	644797
1932	644822
1933	644892
1934	644961
1935	645004
1936	645575
1937	646184
1938	646199
1939	646203
1940	646315
1941	646420
1942	646568
1943	646596
1944	646634
1945	646771
1946	647028
1947	647181
1948	647186
1949	647322
1950	647362
1951	647395
1952	647425
1953	647525
1954	647557
1955	647558
1956	647589
1957	648128
1958	648181
1959	648658
1960	648911
1961	649037
1962	650029
1963	650089
1964	650157
1965	650700
1966	650746
1967	650822
1968	650873
1969	650924
1970	651115
1971	651258
1972	651261
1973	651595
1974	651702
1975	651835
1976	651916
1977	652023
1978	652343
1979	652731
1980	652868
1981	652920
1982	652973
1983	652982
1984	653298
1985	653428
1986	653477
1987	653667
1988	653752
1989	654056
1990	654266
1991	654338
1992	654696
1993	654760
1994	654878
1995	654914
1996	654921
1997	654972
1998	654973
1999	654974
2000	654994
2001	655987
2002	656819
2003	656856
2004	657029
2005	657371
2006	657650
2007	657821
2008	657944
2009	657976
2010	658434
2011	658453
2012	659050
2013	659176
2014	659194
2015	659297
2016	659461
2017	659462
2018	660267
2019	660442
2020	660523
2021	660586
2022	660779
2023	661133
2024	661183
2025	661836
2026	661885
2027	662063
2028	662489
2029	662512
2030	663226
2031	663260
2032	663368
2033	663446
2034	663821
2035	664047
2036	664076
2037	664326
2038	664745
2039	664882
2040	664994
2041	665566
2042	665790
2043	666317
2044	667026
2045	667194
2046	668010
2047	668019
2048	668234
2049	668246
2050	668456
2051	668490
2052	668547
2053	668639
2054	668708
2055	668872
2056	668967
2057	669076
2058	670128
2059	670264
2060	670458
2061	670958
2062	671061
2063	671660
2064	672016
2065	672582
2066	672594
2067	672683
2068	672857
2069	672975
2070	673241
2071	673280
2072	674103
2073	674431
2074	674562
2075	674768
2076	675222
2077	675241
2078	675985
2079	676034
2080	676156
2081	676443
2082	676451
2083	677353
2084	677505
2085	677509
2086	677679
2087	678181
2088	678342
2089	679026
2090	679077
2091	679454
2092	679629
2093	679652
2094	679705
2095	679780
2096	679808
2097	679823
2098	679946
2099	680232
2100	680860
2101	680875
2102	681146
2103	681148
2104	681356
2105	681400
2106	682071
2107	682377
2108	682806
2109	683124
2110	683264
2111	683312
2112	683380
2113	683530
2114	683566
2115	684023
2116	684160
2117	684326
2118	684643
2119	684986
2120	685284
2121	685348
2122	685373
2123	685504
2124	685737
2125	686243
2126	686624
2127	686727
2128	686842
2129	687192
2130	687974
2131	688703
2132	688737
2133	749056
2134	749199
2135	749646
2136	749845
2137	749944
2138	750270
2139	750920
2140	753885
2141	753903
2142	754103
2143	754338
2144	754511
2145	754562
2146	754584
2147	754603
2148	755153
2149	755201
2150	755265
2151	755389
2152	755450
2153	755863
2154	755882
2155	755917
2156	756124
2157	756196
2158	756401
2159	756474
2160	757249
2161	757284
2162	757615
2163	758258
2164	758775
2165	759521
2166	760010
2167	760404
2168	760807
2169	761304
2170	762163
2171	762444
2172	762803
2173	762994
2174	763090
2175	763198
2176	763546
2177	764347
2178	764424
2179	764524
2180	764630
2181	765859
2182	766113
2183	766290
2184	766291
2185	766296
2186	766300
2187	767057
2188	767082
2189	767156
2190	767647
2191	767760
2192	768222
2193	768267
2194	768448
2195	769190
2196	769389
2197	769813
2198	770005
2199	770743
2200	770915
2201	770967
2202	771035
2203	771395
2204	771665
2205	771716
2206	771745
2207	771886
2208	771992
2209	772420
2210	772489
2211	773416
2212	773559
2213	774886
2214	775184
2215	775575
2216	775679
2217	775808
2218	775832
2219	776312
2220	776376
2221	776413
2222	776515
2223	776615
2224	777136
2225	777480
2226	777510
2227	777525
2228	778206
2229	778303
2230	778339
2231	778404
2232	778999
2233	779101
2234	779436
2235	779701
2236	779873
2237	779884
2238	779939
2239	780037
2240	780288
2241	780997
2242	781220
2243	782027
2244	782590
2245	782645
2246	782903
2247	783356
2248	783610
2249	784262
2250	785584
2251	785782
2252	786164
2253	786715
2254	786806
2255	786915
2256	786925
2257	787100
2258	787299
2259	787342
2260	787533
2261	788314
2262	788444
2263	788675
2264	788900
2265	790011
2266	790024
2267	790530
2268	791258
2269	791578
2270	791640
2271	791958
2272	792445
2273	792859
2274	792907
2275	792994
2276	793387
2277	793688
2278	793715
2279	793805
2280	793927
2281	793937
2282	794001
2283	794010
2284	794151
2285	794821
2286	795356
2287	795488
2288	795906
2289	796060
2290	796143
2291	796388
2292	797042
2293	797353
2294	797494
2295	798214
2296	798625
2297	798851
2298	799094
2299	799095
2300	799485
2301	799543
2302	799817
2303	800304
2304	800682
2305	800987
2306	801050
2307	801238
2308	802175
2309	802413
2310	802876
2311	803275
2312	803617
2313	803665
2314	803889
2315	804130
2316	804140
2317	804313
2318	804951
2319	805065
2320	805090
2321	805395
2322	805584
2323	805613
2324	805719
2325	805813
2326	805945
2327	806242
2328	806332
2329	806767
2330	807134
2331	807268
2332	807470
2333	807583
2334	807738
2335	808066
2336	808241
2337	808243
2338	808378
2339	808691
2340	808794
2341	809050
2342	809560
2343	809634
2344	809638
2345	809783
2346	809876
2347	809990
2348	810181
2349	810470
2350	810604
2351	810792
2352	810888
2353	810988
2354	811033
2355	811140
2356	811317
2357	811525
2358	811664
2359	812414
2360	812490
2361	812797
2362	813066
2363	813530
2364	813579
2365	813629
2366	813690
2367	814794
2368	814877
2369	815250
2370	815941
2371	815962
2372	816044
2373	816051
2374	816198
2375	816211
2376	816345
2377	816411
2378	816655
2379	816867
2380	816872
2381	817197
2382	817705
2383	817730
2384	817874
2385	817901
2386	818408
2387	818416
2388	818558
2389	818582
2390	818645
2391	818904
2392	819282
2393	819375
2394	819621
2395	820239
2396	820536
2397	820816
2398	820896
2399	821085
2400	821448
2401	821471
2402	821623
2403	821735
2404	822181
2405	822622
2406	822722
2407	823038
2408	823039
2409	823382
2410	823383
2411	823546
2412	823841
2413	824046
2414	824048
2415	824050
2416	824147
2417	824477
2418	824671
2419	825477
2420	825736
2421	825752
2422	825801
2423	826272
2424	826304
2425	827189
2426	827283
2427	827965
2428	828084
2429	828273
2430	828331
2431	828391
2432	828717
2433	828782
2434	829110
2435	829681
2436	829828
2437	829908
2438	830491
2439	830998
2440	831096
2441	831351
2442	831523
2443	831529
2444	831598
2445	832239
2446	832330
2447	832595
2448	832806
2449	833097
2450	833310
2451	833320
2452	834750
2453	834843
2454	834894
2455	834902
2456	835098
2457	835252
2458	836483
2459	836531
2460	836887
2461	837323
2462	837390
2463	837456
2464	838035
2465	838172
2466	838183
2467	838419
2468	838450
2469	839033
2470	839065
2471	839333
2472	839346
2473	839785
2474	839869
2475	840081
2476	840107
2477	840180
2478	840609
2479	840941
2480	840946
2481	840949
2482	840959
2483	841095
2484	841359
2485	841456
2486	841477
2487	841566
2488	841675
2489	841910
2490	842346
2491	842443
2492	842664
2493	842712
2494	843176
2495	843476
2496	843533
2497	844119
2498	844417
2499	844526
2500	844884
2501	844913
2502	845621
2503	845853
2504	845886
2505	846911
2506	847823
2507	847904
2508	847964
2509	849100
2510	849152
2511	849227
2512	849344
2513	849834
2514	849866
2515	849978
2516	850479
2517	850777
2518	850896
2519	851898
2520	851916
2521	852144
2522	852405
2523	852485
2524	852819
2525	853098
2526	853102
2527	853263
2528	853723
2529	853812
2530	853859
2531	854688
2532	855095
2533	855096
2534	855143
2535	855776
2536	855846
2537	855872
2538	855949
2539	856226
2540	856248
2541	856629
2542	856643
2543	856960
2544	857101
2545	857245
2546	857620
2547	857750
2548	858262
2549	858727
2550	859169
2551	859396
2552	859477
2553	859603
2554	859646
2555	859802
2556	859947
2557	860220
2558	860418
2559	860689
2560	860882
2561	860919
2562	861227
2563	861343
2564	861418
2565	861732
2566	862020
2567	862235
2568	862289
2569	862711
2570	862781
2571	862825
2572	862955
2573	863456
2574	863488
2575	863592
2576	863683
2577	863729
2578	863774
2579	863816
2580	863871
2581	864081
2582	864798
2583	865232
2584	865262
2585	865284
2586	865580
2587	865593
2588	865777
2589	865786
2590	866025
2591	866035
2592	866243
2593	866258
2594	866389
2595	866417
2596	866459
2597	866487
2598	866599
2599	866654
2600	866805
2601	867189
2602	867273
2603	867352
2604	867397
2605	867517
2606	867621
2607	867865
2608	867903
2609	868030
2610	868795
2611	868796
2612	869056
2613	869265
2614	869434
2615	869765
2616	869792
2617	869951
2618	870009
2619	870109
2620	870110
2621	870242
2622	870371
2623	870494
2624	870675
2625	870907
2626	871618
2627	871951
2628	872958
2629	873015
2630	873326
2631	873562
2632	874146
2633	875032
2634	875543
2635	875830
2636	876096
2637	876655
2638	876796
2639	877448
2640	877480
2641	877602
2642	877701
2643	877702
2644	877820
2645	877918
2646	877924
2647	878004
2648	878417
2649	878466
2650	878906
2651	878949
2652	879158
2653	879344
2654	879532
2655	880027
2656	880211
2657	880315
2658	880533
2659	881095
2660	881261
2661	881431
2662	881570
2663	881590
2664	882121
2665	882206
2666	882588
2667	882760
2668	882780
2669	882982
2670	883128
2671	883190
2672	883572
2673	883592
2674	884131
2675	884438
2676	884794
2677	884991
2678	885009
2679	885223
2680	885489
2681	886320
2682	886484
2683	887199
2684	887503
2685	887613
2686	887705
2687	888005
2688	889236
2689	889335
2690	889371
2691	889855
2692	889996
2693	890243
2694	890287
2695	892000
2696	892093
2697	892594
2698	892937
2699	893003
2700	893022
2701	893403
2702	893741
2703	893905
2704	894717
2705	894803
2706	895004
2707	895033
2708	895206
2709	895263
2710	895479
2711	896391
2712	896575
2713	896996
2714	897210
2715	897490
2716	897691
2717	897723
2718	898130
2719	898893
2720	899010
2721	899050
2722	899210
2723	899216
2724	900117
2725	900324
2726	900404
2727	900603
2728	900703
2729	900832
2730	900838
2731	901000
2732	901084
2733	901161
2734	902114
2735	902217
2736	902406
2737	902757
2738	902881
2739	903226
2740	903468
2741	903518
2742	903808
2743	903861
2744	904710
2745	905056
2746	905234
2747	905766
2748	906377
2749	906742
2750	906753
2751	906980
2752	907105
2753	907213
2754	907564
2755	907754
2756	907997
2757	908274
2758	908475
2759	908797
2760	908825
2761	908828
2762	908890
2763	908965
2764	908968
2765	909412
2766	910088
2767	910535
2768	910537
2769	910831
2770	910889
2771	911299
2772	911349
2773	912148
2774	912304
2775	912389
2776	912449
2777	912930
2778	913725
2779	914516
2780	914566
2781	914953
2782	915169
2783	915950
2784	915984
2785	916186
2786	916192
2787	916201
2788	916595
2789	916706
2790	917522
2791	918242
2792	921325
2793	921336
2794	921772
2795	921877
2796	921915
2797	922089
2798	922182
2799	922483
2800	922707
2801	922938
2802	923322
2803	923411
2804	923943
2805	923997
2806	924158
2807	924584
2808	924738
2809	924785
2810	925769
2811	925913
2812	926214
2813	926243
2814	926896
2815	927012
2816	927288
2817	927534
2818	927609
2819	927723
2820	927932
2821	928283
2822	928367
2823	928412
2824	929332
2825	929530
2826	930238
2827	930327
2828	930369
2829	930398
2830	930741
2831	930948
2832	931446
2833	931648
2834	931934
2835	932035
2836	932136
2837	932939
2838	932956
2839	934281
2840	934556
2841	934654
2842	934827
2843	935112
2844	935413
2845	935522
2846	935594
2847	935843
2848	936059
2849	936284
2850	936590
2851	937050
2852	937087
2853	937088
2854	937089
2855	937493
2856	937507
2857	937509
2858	937511
2859	937512
2860	937917
2861	937970
2862	938072
2863	938075
2864	938162
2865	938872
2866	938906
2867	939587
2868	939730
2869	939775
2870	939901
2871	939959
2872	940225
2873	940789
2874	940869
2875	940963
2876	941047
2877	941168
2878	941622
2879	941630
2880	941906
2881	941918
2882	942179
2883	942267
2884	942507
2885	942640
2886	943004
2887	943144
2888	943387
2889	943922
2890	944369
2891	944380
2892	944611
2893	944692
2894	945235
2895	945538
2896	945659
2897	946066
2898	946340
2899	946594
2900	946806
2901	946921
2902	947044
2903	947082
2904	947195
2905	947255
2906	947297
2907	947298
2908	947299
2909	947624
2910	948228
2911	948477
2912	949150
2913	949624
2914	950679
2915	950680
2916	951617
2917	951708
2918	951995
2919	952012
2920	952273
2921	952346
2922	952498
2923	952630
2924	952699
2925	952769
2926	953372
2927	953415
2928	953952
2929	954017
2930	954981
2931	955360
2932	956577
2933	956591
2934	957790
2935	958478
2936	958847
2937	958988
2938	959138
2939	959599
2940	959760
2941	959835
2942	960516
2943	960592
2944	960593
2945	960595
2946	960646
2947	961484
2948	961511
2949	962145
2950	962181
2951	962310
2952	962324
2953	962450
2954	962863
2955	962980
2956	963179
2957	963365
2958	963391
2959	963608
2960	964032
2961	964050
2962	964198
2963	964347
2964	964600
2965	964733
2966	964735
2967	964736
2968	964737
2969	965002
2970	965196
2971	966229
2972	966537
2973	966571
2974	966723
2975	966947
2976	967066
2977	967337
2978	967453
2979	967455
2980	968520
2981	968554
2982	968555
2983	969365
2984	969842
2985	969912
2986	970708
2987	970843
2988	970913
2989	971101
2990	972241
2991	972255
2992	972347
2993	972533
2994	972756
2995	972810
2996	973234
2997	974432
2998	975005
2999	975813
3000	975868
3001	976122
3002	976351
3003	976480
3004	977118
3005	977318
3006	977444
3007	977687
3008	978002
3009	978168
3010	978243
3011	978263
3012	978447
3013	978698
3014	979011
3015	979229
3016	979453
3017	979920
3018	981101
3019	981175
3020	981189
3021	981310
3022	981621
3023	1001894
3024	1001965
3025	1002058
3026	1002879
3027	1003998
3028	1004433
3029	1004486
3030	1004503
3031	1004652
3032	1005510
3033	1005589
3034	1005899
3035	1005938
3036	1006068
3037	1006179
3038	1006335
3039	1006441
3040	1006982
3041	1007336
3042	1007640
3043	1007889
3044	1007915
3045	1008012
3046	1008184
3047	1008397
3048	1008754
3049	1008889
3050	1009271
3051	1009355
3052	1009409
3053	1010151
3054	1010748
3055	1010766
3056	1010805
3057	1010890
3058	1011087
3059	1011103
3060	1011768
3061	1012010
3062	1012408
3063	1012424
3064	1012621
3065	1012812
3066	1013314
3067	1013352
3068	1013436
3069	1013611
3070	1013614
3071	1013642
3072	1013643
3073	1013644
3074	1013875
3075	1013877
3076	1014065
3077	1014336
3078	1014784
3079	1014786
3080	1014787
3081	1014788
3082	1015119
3083	1015153
3084	1015324
3085	1015524
3086	1015677
3087	1015678
3088	1015680
3089	1015682
3090	1015746
3091	1016284
3092	1016285
3093	1016781
3094	1017239
3095	1018428
3096	1018464
3097	1018580
3098	1018645
3099	1018682
3100	1019212
3101	1019559
3102	1019571
3103	1019672
3104	1019849
3105	1020048
3106	1020053
3107	1020082
3108	1020284
3109	1020285
3110	1020734
3111	1021110
3112	1021576
3113	1022065
3114	1022196
3115	1022355
3116	1022378
3117	1022808
3118	1023422
3119	1023877
3120	1024114
3121	1024152
3122	1024247
3123	1024447
3124	1024585
3125	1025018
3126	1025052
3127	1025096
3128	1025976
3129	1026118
3130	1026217
3131	1026283
3132	1026449
3133	1026851
3134	1028233
3135	1028597
3136	1029063
3137	1029137
3138	1029138
3139	1029207
3140	1029220
3141	1029507
3142	1029616
3143	1029714
3144	1030029
3145	1030148
3146	1030170
3147	1030533
3148	1030711
3149	1031442
3150	1031487
3151	1031650
3152	1031834
3153	1032024
3154	1032142
3155	1032231
3156	1032629
3157	1033110
3158	1033150
3159	1033354
3160	1033623
3161	1034239
3162	1034643
3163	1035564
3164	1035745
3165	1036614
3166	1037025
3167	1037241
3168	1037283
3169	1037563
3170	1037668
3171	1038328
3172	1038350
3173	1038364
3174	1038400
3175	1038562
3176	1038704
3177	1039407
3178	1039488
3179	1039663
3180	1039769
3181	1039772
3182	1039968
3183	1040489
3184	1040869
3185	1040930
3186	1041167
3187	1041435
3188	1041593
3189	1041641
3190	1041659
3191	1041752
3192	1041840
3193	1041878
3194	1041889
3195	1041921
3196	1042874
3197	1042926
3198	1042998
3199	1043628
3200	1043811
3201	1044238
3202	1044431
3203	1044538
3204	1044881
3205	1045451
3206	1045818
3207	1046579
3208	1046885
3209	1047041
3210	1047089
3211	1047098
3212	1047249
3213	1047277
3214	1047351
3215	1048132
3216	1048514
3217	1049089
3218	1049112
3219	1049116
3220	1049121
3221	1049170
3222	1049396
3223	1049403
3224	1049534
3225	1049565
3226	1049659
3227	1049758
3228	1049978
3229	1049996
3230	1050323
3231	1050613
3232	1050988
3233	1051033
3234	1051612
3235	1051619
3236	1051659
3237	1051794
3238	1051858
3239	1052020
3240	1052178
3241	1052279
3242	1052308
3243	1052501
3244	1052545
3245	1052967
3246	1053805
3247	1053887
3248	1053916
3249	1054402
3250	1054956
3251	1055047
3252	1055089
3253	1055271
3254	1055354
3255	1055405
3256	1055535
3257	1055542
3258	1055825
3259	1056288
3260	1056649
3261	1057015
3262	1057391
3263	1058042
3264	1058118
3265	1058209
3266	1058590
3267	1058618
3268	1058743
3269	1058771
3270	1060149
3271	1060182
3272	1061619
3273	1061654
3274	1061668
3275	1061892
3276	1062980
3277	1063037
3278	1063814
3279	1064070
3280	1064172
3281	1064308
3282	1064383
3283	1064789
3284	1065312
3285	1065335
3286	1065343
3287	1065436
3288	1065612
3289	1065655
3290	1066087
3291	1066635
3292	1066976
3293	1067049
3294	1067109
3295	1067379
3296	1067465
3297	1068016
3298	1068127
3299	1068399
3300	1068480
3301	1068513
3302	1068677
3303	1068717
3304	1068838
3305	1069107
3306	1069367
3307	1069580
3308	1069766
3309	1069956
3310	1070344
3311	1070569
3312	1070644
3313	1070743
3314	1070753
3315	1070897
3316	1071031
3317	1071032
3318	1071097
3319	1071152
3320	1071153
3321	1071343
3322	1071456
3323	1071725
3324	1072014
3325	1072382
3326	1072563
3327	1072639
3328	1072681
3329	1072719
3330	1072899
3331	1073106
3332	1073162
3333	1073218
3334	1073361
3335	1073707
3336	1074049
3337	1074156
3338	1074523
3339	1074581
3340	1074694
3341	1075345
3342	1075408
3343	1075648
3344	1075652
3345	1075822
3346	1075873
3347	1076102
3348	1076197
3349	1076217
3350	1076326
3351	1076399
3352	1076466
3353	1076484
3354	1077088
3355	1077130
3356	1077193
3357	1077289
3358	1077577
3359	1077627
3360	1077984
3361	1078168
3362	1078530
3363	1078548
3364	1078622
3365	1078720
3366	1078935
3367	1079021
3368	1079123
3369	1079124
3370	1079726
3371	1079788
3372	1079820
3373	1079970
3374	1080042
3375	1080276
3376	1080482
3377	1080844
3378	1080861
3379	1080862
3380	1081410
3381	1081727
3382	1082224
3383	1082315
3384	1082363
3385	1082368
3386	1082570
3387	1082592
3388	1082711
3389	1083146
3390	1083249
3391	1083329
3392	1083901
3393	1084119
3394	1084308
3395	1084682
3396	1085012
3397	1085217
3398	1085521
3399	1085601
3400	1085611
3401	1085686
3402	1085688
3403	1085766
3404	1085773
3405	1086046
3406	1086058
3407	1086075
3408	1086088
3409	1086115
3410	1086151
3411	1086202
3412	1086219
3413	1086232
3414	1086241
3415	1086244
3416	1086256
3417	1086260
3418	1086383
3419	1086392
3420	1086884
3421	1087428
3422	1087565
3423	1087845
3424	1087888
3425	1087929
3426	1088012
3427	1088089
3428	1088090
3429	1088389
3430	1088476
3431	1088531
3432	1088681
3433	1088784
3434	1089023
3435	1089053
3436	1089171
3437	1089217
3438	1090458
3439	1090555
3440	1090599
3441	1090882
3442	1091172
3443	1091276
3444	1091397
3445	1092531
3446	1092998
3447	1093103
3448	1093177
3449	1093313
3450	1093353
3451	1093564
3452	1094075
3453	1094869
3454	1095358
3455	1095398
3456	1095789
3457	1095927
3458	1096034
3459	1096223
3460	1096305
3461	1096475
3462	1096720
3463	1096912
3464	1097072
3465	1097300
3466	1097498
3467	1097651
3468	1097667
3469	1097674
3470	1097680
3471	1097710
3472	1097810
3473	1097877
3474	1097878
3475	1097902
3476	1098153
3477	1098937
3478	1099991
3479	1100037
3480	1100184
3481	1100299
3482	1100392
3483	1100415
3484	1100456
3485	1100855
3486	1101201
3487	1101879
3488	1102322
3489	1102584
3490	1102931
3491	1102973
3492	1103550
3493	1103642
3494	1103656
3495	1103665
3496	1103995
3497	1104387
3498	1105030
3499	1105274
3500	1105384
3501	1105605
3502	1105627
3503	1105705
3504	1106356
3505	1106408
3506	1106416
3507	1106418
3508	1106560
3509	1106573
3510	1106686
3511	1107001
3512	1107498
3513	1107847
3514	1107982
3515	1107985
3516	1107989
3517	1108029
3518	1108058
3519	1108199
3520	1108598
3521	1109141
3522	1110335
3523	1110349
3524	1110414
3525	1110588
3526	1110589
3527	1110668
3528	1110699
3529	1110820
3530	1111541
3531	1111678
3532	1111987
3533	1112010
3534	1112068
3535	1112367
3536	1112775
3537	1112925
3538	1112945
3539	1113217
3540	1113267
3541	1113316
3542	1113490
3543	1113493
3544	1113576
3545	1113704
3546	1113732
3547	1113814
3548	1113993
3549	1114360
3550	1114376
3551	1114380
3552	1114437
3553	1114438
3554	1114707
3555	1114776
3556	1114790
3557	1115040
3558	1115356
3559	1115718
3560	1116007
3561	1116008
3562	1116467
3563	1116866
3564	1117035
3565	1117638
3566	1117695
3567	1117732
3568	1117789
3569	1117791
3570	1117793
3571	1118113
3572	1118156
3573	1118159
3574	1120053
3575	1120207
3576	1120319
3577	1120448
3578	1120560
3579	1120741
3580	1121131
3581	1121362
3582	1121736
3583	1121821
3584	1122091
3585	1122131
3586	1122404
3587	1122459
3588	1122467
3589	1122623
3590	1122822
3591	1123227
3592	1123268
3593	1123364
3594	1123366
3595	1123408
3596	1123412
3597	1123424
3598	1123431
3599	1123520
3600	1123567
3601	1123769
3602	1123770
3603	1123785
3604	1123815
3605	1123898
3606	1123947
3607	1123967
3608	1124011
3609	1124019
3610	1124375
3611	1124646
3612	1124684
3613	1124839
3614	1125506
3615	1125519
3616	1125611
3617	1125819
3618	1125857
3619	1126043
3620	1126585
3621	1126871
3622	1126964
3623	1127343
3624	1128088
3625	1128122
3626	1128164
3627	1128194
3628	1128275
3629	1128500
3630	1128999
3631	1129142
3632	1129164
3633	1129209
3634	1129463
3635	1129794
3636	1129849
3637	1130002
3638	1130187
3639	1130194
3640	1130419
3641	1130856
3642	1130859
3643	1130894
3644	1130916
3645	1131010
3646	1131096
3647	1131325
3648	1132755
3649	1132996
3650	1133366
3651	1134046
3652	1134171
3653	1134213
3654	1134294
3655	1134477
3656	1135008
3657	1135385
3658	1135664
3659	1135736
3660	1136573
3661	1137154
3662	1137783
3663	1138033
3664	1138102
3665	1138356
3666	1138729
3667	1138743
3668	1138982
3669	1139238
3670	1139324
3671	1139511
3672	1139668
3673	1140168
3674	1140623
3675	1141008
3676	1141409
3677	1143000
3678	1143338
3679	1143834
3680	1144084
3681	1144871
3682	1145111
3683	1145344
3684	1145780
3685	1145820
3686	1146387
3687	1146443
3688	1146626
3689	1146805
3690	1147896
3691	1147923
3692	1148720
3693	1148896
3694	1149154
3695	1149388
3696	1149402
3697	1149876
3698	1149992
3699	1150333
3700	1150615
3701	1150704
3702	1151026
3703	1151298
3704	1151429
3705	1151770
3706	1151852
3707	1152412
3708	1152422
3709	1152433
3710	1152783
3711	1152866
3712	1152913
3713	1153353
3714	1153429
3715	1153944
3716	1154168
3717	1154301
3718	1154321
3719	1154388
3720	1154415
3721	1154614
3722	1154893
3723	1154941
3724	1155613
3725	1155639
3726	1155703
3727	1156161
3728	1156183
3729	1156437
3730	1156629
3731	1156669
3732	1157029
3733	1157152
3734	1157191
3735	1157315
3736	1158161
3737	1158265
3738	1158309
3739	1158347
3740	1158368
3741	1158417
3742	1158450
3743	1159045
3744	1159119
3745	1160853
3746	1160857
3747	1160873
3748	1160884
3749	1161107
3750	1161141
3751	1161502
3752	1161600
3753	1162090
3754	1162193
3755	1163782
3756	1163987
3757	1164258
3758	1164363
3759	1164403
3760	1164475
3761	1164700
3762	1164708
3763	1164980
3764	1164995
3765	1165010
3766	1165068
3767	1165116
3768	1165136
3769	1165137
3770	1165139
3771	1165172
3772	1165241
3773	1165339
3774	1165496
3775	1165525
3776	1165609
3777	1165666
3778	1165883
3779	1166108
3780	1166653
3781	1166675
3782	1167219
3783	1167645
3784	1167816
3785	1168615
3786	1169694
3787	1170052
3788	1170750
3789	1170758
3790	1171096
3791	1171699
3792	1171702
3793	1171704
3794	1171733
3795	1172064
3796	1172117
3797	1172269
3798	1172473
3799	1172836
3800	1173587
3801	1173774
3802	1174082
3803	1174188
3804	1174327
3805	1174443
3806	1174873
3807	1175018
3808	1175019
3809	1175095
3810	1175243
3811	1175245
3812	1175458
3813	1175538
3814	1175639
3815	1175741
3816	1175930
3817	1176105
3818	1176412
3819	1176523
3820	1176763
3821	1177132
3822	1177476
3823	1177999
3824	1178058
3825	1178227
3826	1178311
3827	1178490
3828	1178805
3829	1178868
3830	1179143
3831	1179185
3832	1179221
3833	1179618
3834	1180092
3835	1180619
3836	1180774
3837	1181519
3838	1181671
3839	1181935
3840	1182379
3841	1182484
3842	1182547
3843	1182657
3844	1183379
3845	1184161
3846	1184163
3847	1184165
3848	1184995
3849	1185199
3850	1186602
3851	1187216
3852	1187379
3853	1187451
3854	1188193
3855	1188274
3856	1189595
3857	1189841
3858	1190604
3859	1190610
3860	1190628
3861	1190792
3862	1190898
3863	1190925
3864	1190977
3865	1191055
3866	1191367
3867	1191583
3868	1191754
3869	1191843
3870	1192094
3871	1192148
3872	1192495
3873	1192729
3874	1192765
3875	1194831
3876	1195203
3877	1195301
3878	1195470
3879	1195644
3880	1195671
3881	1195876
3882	1195918
3883	1195993
3884	1196080
3885	1196172
3886	1196195
3887	1196312
3888	1196514
3889	1196587
3890	1196599
3891	1196702
3892	1196734
3893	1196906
3894	1197061
3895	1197100
3896	1197113
3897	1197143
3898	1197256
3899	1197347
3900	1197367
3901	1197406
3902	1197415
3903	1197443
3904	1197609
3905	1197620
3906	1197642
3907	1197669
3908	1197674
3909	1198085
3910	1198166
3911	1198689
3912	1199017
3913	1199041
3914	1199156
3915	1199301
3916	1199353
3917	1199609
3918	1199872
3919	1200428
3920	1200462
3921	1200466
3922	1201105
3923	1201120
3924	1201184
3925	1203872
3926	1203922
3927	1204036
3928	1204087
3929	1204230
3930	1204695
3931	1204708
3932	1204718
3933	1205052
3934	1205251
3935	1205508
3936	1205851
3937	1206164
3938	1206250
3939	1206340
3940	1206364
3941	1206481
3942	1206645
3943	1206890
3944	1207019
3945	1208185
3946	1208768
3947	1208826
3948	1209072
3949	1209260
3950	1209274
3951	1209395
3952	1209446
3953	1209474
3954	1209528
3955	1209821
3956	1210692
3957	1211228
3958	1211578
3959	1212714
3960	1212750
3961	1213194
3962	1213247
3963	1213261
3964	1213431
3965	1213572
3966	1213969
3967	1214404
3968	1214562
3969	1214593
3970	1214934
3971	1214958
3972	1215523
3973	1216314
3974	1216424
3975	1216455
3976	1217340
3977	1217435
3978	1217946
3979	1218048
3980	1218199
3981	1218255
3982	1219041
3983	1219234
3984	1219295
3985	1219651
3986	1219926
3987	1219952
3988	1220069
3989	1220736
3990	1220738
3991	1221531
3992	1222018
3993	1222666
3994	1223589
3995	1223626
3996	1223765
3997	1223784
3998	1223870
3999	1223879
4000	1223966
4001	1224158
4002	1224262
4003	1224296
4004	1224606
4005	1225528
4006	1225873
4007	1226220
4008	1227164
4009	1227236
4010	1227485
4011	1227782
4012	1229270
4013	1229277
4014	1229523
4015	1229679
4016	1229755
4017	1229807
4018	1230121
4019	1230156
4020	1231059
4021	1231349
4022	1231504
4023	1231553
4024	1231588
4025	1232043
4026	1232055
4027	1232191
4028	1232586
4029	1232909
4030	1233176
4031	1233182
4032	1233416
4033	1233434
4034	1233451
4035	1233572
4036	1233780
4037	1233891
4038	1233962
4039	1234849
4040	1234949
4041	1235165
4042	1235239
4043	1235249
4044	1235732
4045	1236113
4046	1236184
4047	1236190
4048	1236385
4049	1236430
4050	1236746
4051	1237364
4052	1237552
4053	1237555
4054	1238416
4055	1238547
4056	1240041
4057	1240500
4058	1240757
4059	1240872
4060	1241476
4061	1241841
4062	1241877
4063	1242183
4064	1242417
4065	1242934
4066	1243622
4067	1243708
4068	1243781
4069	1243936
4070	1244001
4071	1244592
4072	1245081
4073	1245383
4074	1245618
4075	1245701
4076	1245804
4077	1245967
4078	1246030
4079	1246098
4080	1246313
4081	1246381
4082	1246483
4083	1246704
4084	1246892
4085	1247341
4086	1247756
4087	1247824
4088	1248202
4089	1248343
4090	1248512
4091	1248513
4092	1248793
4093	1248800
4094	1248920
4095	1249335
4096	1249454
4097	1249864
4098	1249909
4099	1249929
4100	1250578
4101	1250630
4102	1250878
4103	1251313
4104	1251459
4105	1251617
4106	1251664
4107	1251735
4108	1251830
4109	1251974
4110	1251996
4111	1252080
4112	1252088
4113	1252092
4114	1252283
4115	1252649
4116	1252703
4117	1252816
4118	1252881
4119	1253538
4120	1253849
4121	1256188
4122	1256200
4123	1256396
4124	1257242
4125	1257304
4126	1257814
4127	1257914
4128	1258304
4129	1258495
4130	1258576
4131	1258983
4132	1259168
4133	1259699
4134	1260022
4135	1260329
4136	1260339
4137	1260396
4138	1260528
4139	1261294
4140	1261643
4141	1262972
4142	1262981
4143	1263494
4144	1263721
4145	1264139
4146	1264296
4147	1264912
4148	1265006
4149	1265094
4150	1265257
4151	1265456
4152	1265479
4153	1265537
4154	1265551
4155	1265557
4156	1266192
4157	1266251
4158	1266392
4159	1266815
4160	1266841
4161	1267992
4162	1270281
4163	1270383
4164	1270399
4165	1270405
4166	1270412
4167	1270420
4168	1270425
4169	1270620
4170	1270902
4171	1270964
4172	1271027
4173	1271104
4174	1271111
4175	1271630
4176	1272303
4177	1272365
4178	1272585
4179	1272592
4180	1272595
4181	1272596
4182	1272620
4183	1272637
4184	1273060
4185	1273152
4186	1273226
4187	1273227
4188	1273263
4189	1273351
4190	1273353
4191	1273752
4192	1274169
4193	1274170
4194	1274228
4195	1274385
4196	1274411
4197	1274930
4198	1274947
4199	1275256
4200	1278960
4201	1279216
4202	1279243
4203	1279412
4204	1279689
4205	1279733
4206	1290168
4207	1291018
4208	1291154
4209	1291168
4210	1291178
4211	1291470
4212	1291806
4213	1292077
4214	1292618
4215	1292661
4216	1293377
4217	1293477
4218	1293519
4219	1293702
4220	1293756
4221	1293875
4222	1293941
4223	1293963
4224	1293984
4225	1294267
4226	1294309
4227	1294378
4228	1294632
4229	1294805
4230	1294883
4231	1294924
4232	1295609
4233	1295652
4234	1296079
4235	1296188
4236	1296325
4237	1296709
4238	1296741
4239	1297110
4240	1297114
4241	1297130
4242	1297181
4243	1297207
4244	1297442
4245	1297513
4246	1297639
4247	1297869
4248	1298005
4249	1298618
4250	1298677
4251	1298725
4252	1298971
4253	1299130
4254	1299198
4255	1299362
4256	1299563
4257	1299987
4258	1300120
4259	1301092
4260	1301845
4261	1303456
4262	1303468
4263	1303549
4264	1303708
4265	1303903
4266	1304074
4267	1304451
4268	1305629
4269	1305647
4270	1305816
4271	1305842
4272	1305857
4273	1306250
4274	1306280
4275	1307171
4276	1307177
4277	1307426
4278	1307798
4279	1308290
4280	1308665
4281	1309097
4282	1309296
4283	1309373
4284	1310137
4285	1310274
4286	1310291
4287	1310590
4288	1310831
4289	1311012
4290	1311022
4291	1311188
4292	1311291
4293	1311318
4294	1311584
4295	1311752
4296	1312010
4297	1312392
4298	1313342
4299	1313518
4300	1313585
4301	1313671
4302	1314413
4303	1314714
4304	1314774
4305	1314842
4306	1314932
4307	1314973
4308	1314981
4309	1315320
4310	1315413
4311	1315590
4312	1315775
4313	1315924
4314	1316018
4315	1316651
4316	1316872
4317	1316984
4318	1317076
4319	1317229
4320	1317680
4321	1317749
4322	1317774
4323	1318251
4324	1318647
4325	1318721
4326	1318748
4327	1318749
4328	1318819
4329	1319359
4330	1319433
4331	1319435
4332	1319528
4333	1319567
4334	1319584
4335	1319782
4336	1319895
4337	1319944
4338	1320720
4339	1320839
4340	1320928
4341	1321152
4342	1321188
4343	1321380
4344	1321439
4345	1321701
4346	1321728
4347	1321878
4348	1322089
4349	1322103
4350	1322498
4351	1322723
4352	1323070
4353	1323396
4354	1323732
4355	1323860
4356	1323892
4357	1324288
4358	1324412
4359	1326648
4360	1326907
4361	1327810
4362	1328114
4363	1328281
4364	1328375
4365	1329268
4366	1329310
4367	1329398
4368	1329794
4369	1330142
4370	1330254
4371	1330267
4372	1330473
4373	1331184
4374	1331304
4375	1331326
4376	1331370
4377	1331740
4378	1331780
4379	1331799
4380	1332310
4381	1332364
4382	1332577
4383	1332624
4384	1333021
4385	1333133
4386	1333310
4387	1333331
4388	1333671
4389	1333894
4390	1334000
4391	1334348
4392	1334358
4393	1334363
4394	1334364
4395	1334371
4396	1334373
4397	1334460
4398	1334506
4399	1334753
4400	1335750
4401	1336328
4402	1336591
4403	1336824
4404	1337239
4405	1337348
4406	1337771
4407	1338147
4408	1338168
4409	1338360
4410	1338377
4411	1338575
4412	1338673
4413	1338776
4414	1338949
4415	1339083
4416	1339144
4417	1339360
4418	1339417
4419	1339527
4420	1339742
4421	1339777
4422	1340029
4423	1340087
4424	1340349
4425	1340479
4426	1340655
4427	1340844
4428	1341410
4429	1341535
4430	1341787
4431	1341868
4432	1341977
4433	1342713
4434	1342823
4435	1343083
4436	1343274
4437	1343410
4438	1344334
4439	1344347
4440	1344404
4441	1344689
4442	1344749
4443	1345009
4444	1345491
4445	1345772
4446	1346610
4447	1346683
4448	1346809
4449	1347534
4450	1347548
4451	1347653
4452	1347713
4453	1347813
4454	1347825
4455	1348105
4456	1348194
4457	1348234
4458	1348258
4459	1348783
4460	1349188
4461	1349627
4462	1349668
4463	1349740
4464	1349987
4465	1350099
4466	1350713
4467	1350987
4468	1351030
4469	1351916
4470	1351943
4471	1351972
4472	1352125
4473	1352181
4474	1352192
4475	1352199
4476	1352206
4477	1352362
4478	1352460
4479	1352560
4480	1352636
4481	1352703
4482	1353089
4483	1353193
4484	1353285
4485	1353496
4486	1353689
4487	1353949
4488	1354007
4489	1354647
4490	1355122
4491	1355402
4492	1355474
4493	1356124
4494	1356256
4495	1356343
4496	1356665
4497	1356739
4498	1357023
4499	1357298
4500	1357505
4501	1357710
4502	1357872
4503	1358525
4504	1358579
4505	1358589
4506	1358745
4507	1358964
4508	1359161
4509	1359480
4510	1359581
4511	1359695
4512	1359788
4513	1360760
4514	1361475
4515	1361561
4516	1361593
4517	1361603
4518	1361989
4519	1362136
4520	1362208
4521	1362269
4522	1362485
4523	1362638
4524	1362668
4525	1381384
4526	1381386
4527	1381871
4528	1382211
4529	1382481
4530	1382491
4531	1383029
4532	1383252
4533	1383348
4534	1383372
4535	1383669
4536	1384067
4537	1384077
4538	1384246
4539	1384561
4540	1384680
4541	1385766
4542	1386723
4543	1387728
4544	1388256
4545	1388396
4546	1388731
4547	1389299
4548	1389300
4549	1390464
4550	1390921
4551	1391079
4552	1391286
4553	1391467
4554	1391509
4555	1391683
4556	1391748
4557	1391831
4558	1392176
4559	1392377
4560	1392631
4561	1392941
4562	1393028
4563	1393185
4564	1393325
4565	1393521
4566	1394027
4567	1394991
4568	1395674
4569	1395939
4570	1396091
4571	1396325
4572	1396616
4573	1396872
4574	1396913
4575	1397512
4576	1397566
4577	1397605
4578	1397710
4579	1398094
4580	1398100
4581	1398320
4582	1398495
4583	1398898
4584	1398955
4585	1398965
4586	1399463
4587	1400181
4588	1400309
4589	1400345
4590	1400408
4591	1401163
4592	1401327
4593	1401631
4594	1402323
4595	1402706
4596	1403315
4597	1403481
4598	1403611
4599	1403649
4600	1405718
4601	1405895
4602	1407037
4603	1407187
4604	1407712
4605	1407829
4606	1407862
4607	1408165
4608	1408257
4609	1408358
4610	1418525
4611	1419929
4612	1420488
4613	1420907
4614	1421076
4615	1421518
4616	1421540
4617	1421651
4618	1421800
4619	1422552
4620	1422672
4621	1423930
4622	1424208
4623	1424256
4624	1425519
4625	1425850
4626	1426194
4627	1427093
4628	1427438
4629	1427456
4630	1427487
4631	1427590
4632	1427707
4633	1427797
4634	1429788
4635	1430088
4636	1430182
4637	1430246
4638	1431067
4639	1431816
4640	1431849
4641	1432940
4642	1433375
4643	1433447
4644	1433536
4645	1435191
4646	1435272
4647	1435731
4648	1436260
4649	1436389
4650	1436447
4651	1436484
4652	1438599
4653	1439150
4654	1439267
4655	1439341
4656	1439657
4657	1439843
4658	1439923
4659	1439959
4660	1439972
4661	1440670
4662	1440719
4663	1440769
4664	1440942
4665	1441016
4666	1441019
4667	1441196
4668	1441216
4669	1441228
4670	1441425
4671	1441583
4672	1441586
4673	1441727
4674	1441821
4675	1442328
4676	1442554
4677	1442671
4678	1442750
4679	1443223
4680	1443250
4681	1443912
4682	1444195
4683	1444510
4684	1444788
4685	1444853
4686	1445076
4687	1445213
4688	1445334
4689	1445553
4690	1445735
4691	1445737
4692	1445758
4693	1445804
4694	1445879
4695	1445892
4696	1448097
4697	1449301
4698	1449633
4699	1450304
4700	1450407
4701	1450561
4702	1450635
4703	1450740
4704	1450755
4705	1450944
4706	1450994
4707	1451016
4708	1451165
4709	1451329
4710	1451887
4711	1451888
4712	1452350
4713	1452486
4714	1452516
4715	1453640
4716	1454096
4717	1454333
4718	1454826
4719	1455005
4720	1455027
4721	1455040
4722	1455677
4723	1455841
4724	1456033
4725	1456115
4726	1456371
4727	1458051
4728	1458119
4729	1464359
4730	1464384
4731	1464397
4732	1464746
4733	1464925
4734	1465124
4735	1465214
4736	1465331
4737	1465364
4738	1465427
4739	1465481
4740	1465971
4741	1466300
4742	1466320
4743	1466334
4744	1466788
4745	1466961
4746	1467061
4747	1467083
4748	1467217
4749	1467342
4750	1467503
4751	1467664
4752	1467713
4753	1467823
4754	1468075
4755	1468086
4756	1468580
4757	1469008
4758	1469527
4759	1469693
4760	1470184
4761	1470361
4762	1470749
4763	1470884
4764	1470987
4765	1471004
4766	1471286
4767	1471314
4768	1472052
4769	1472724
4770	1472750
4771	1472897
4772	1473726
4773	1473825
4774	1473828
4775	1474668
4776	1475085
4777	1475316
4778	1475697
4779	1476147
4780	1476327
4781	1476492
4782	1478618
4783	1479173
4784	1480215
4785	1480322
4786	1480334
4787	1480486
4788	1480507
4789	1480552
4790	1480786
4791	1480818
4792	1480949
4793	1481281
4794	1481687
4795	1482305
4796	1482384
4797	1482385
4798	1482435
4799	1482464
4800	1482735
4801	1483178
4802	1483222
4803	1484375
4804	1484591
4805	1484843
4806	1484888
4807	1485402
4808	1486129
4809	1486568
4810	1486822
4811	1486878
4812	1486940
4813	1487392
4814	1487478
4815	1487763
4816	1488261
4817	1488599
4818	1488799
4819	1489146
4820	1489223
4821	1489340
4822	1489838
4823	1489840
4824	1489997
4825	1490005
4826	1490817
4827	1490908
4828	1491045
4829	1491275
4830	1491363
4831	1491727
4832	1492039
4833	1492096
4834	1492114
4835	1492332
4836	1492333
4837	1492342
4838	1493173
4839	1493432
4840	1493433
4841	1493953
4842	1493982
4843	1493989
4844	1494016
4845	1494102
4846	1494695
4847	1494775
4848	1494778
4849	1495373
4850	1495746
4851	1495772
4852	1495948
4853	1496363
4854	1496499
4855	1496504
4856	1496553
4857	1496584
4858	1496591
4859	1496632
4860	1496770
4861	1497413
4862	1497692
4863	1498114
4864	1498441
4865	1498772
4866	1498987
4867	1499254
4868	1499466
4869	1500328
4870	1500360
4871	1500370
4872	1500756
4873	1500765
4874	1500771
4875	1502183
4876	1502676
4877	1502724
4878	1503606
4879	1504037
4880	1504291
4881	1504413
4882	1504616
4883	1505127
4884	1505334
4885	1505392
4886	1505487
4887	1505623
4888	1505641
4889	1505778
4890	1505810
4891	1505820
4892	1505995
4893	1505999
4894	1506747
4895	1506856
4896	1506865
4897	1507994
4898	1508117
4899	1508179
4900	1508459
4901	1509070
4902	1509556
4903	1509576
4904	1509672
4905	1509748
4906	1509921
4907	1510097
4908	1510147
4909	1510150
4910	1510390
4911	1510613
4912	1510908
4913	1510961
4914	1511202
4915	1511941
4916	1511989
4917	1512358
4918	1512613
4919	1512785
4920	1512994
4921	1513365
4922	1513525
4923	1513583
4924	1513604
4925	1513774
4926	1513942
4927	1514178
4928	1515002
4929	1515266
4930	1517955
4931	1518040
4932	1518117
4933	1518297
4934	1519043
4935	1519089
4936	1519286
4937	1519360
4938	1519692
4939	1519865
4940	1520115
4941	1520205
4942	1520265
4943	1520642
4944	1521606
4945	1523351
4946	1523587
4947	1523670
4948	1523821
4949	1524404
4950	1524566
4951	1524847
4952	1525078
4953	1525091
4954	1525224
4955	1525256
4956	1525469
4957	1525862
4958	1526050
4959	1526435
4960	1526536
4961	1526608
4962	1526631
4963	1526709
4964	1526799
4965	1526976
4966	1527097
4967	1527104
4968	1527693
4969	1528087
4970	1528177
4971	1528538
4972	1528580
4973	1528608
4974	1529657
4975	1530045
4976	1531590
4977	1532188
4978	1532339
4979	1532693
4980	1532708
4981	1533849
4982	1533877
4983	1534867
4984	1534962
4985	1535122
4986	1535764
4987	1535865
4988	1536002
4989	1536069
4990	1536354
4991	1536391
4992	1536401
4993	1536738
4994	1536758
4995	1537441
4996	1537812
4997	1538026
4998	1538032
4999	1538169
5000	1538527
5001	1538667
5002	1539634
5003	1539781
5004	1540087
5005	1540097
5006	1540116
5007	1540143
5008	1540576
5009	1540823
5010	1540863
5011	1540929
5012	1541004
5013	1541006
5014	1541029
5015	1541248
5016	1541523
5017	1541535
5018	1541762
5019	1541799
5020	1542328
5021	1542531
5022	1542626
5023	1542663
5024	1542940
5025	1543162
5026	1543414
5027	1543731
5028	1544602
5029	1544666
5030	1544875
5031	1545257
5032	1545582
5033	1545873
5034	1546089
5035	1546351
5036	1546454
5037	1546501
5038	1546502
5039	1546518
5040	1546527
5041	1546569
5042	1546833
5043	1547206
5044	1547283
5045	1547313
5046	1548295
5047	1548490
5048	1548595
5049	1549091
5050	1549202
5051	1549218
5052	1549453
5053	1550210
5054	1550220
5055	1550453
5056	1550529
5057	1550816
5058	1550835
5059	1551114
5060	1551389
5061	1551968
5062	1552082
5063	1552119
5064	1552341
5065	1552610
5066	1552727
5067	1552979
5068	1553182
5069	1553196
5070	1553896
5071	1554125
5072	1554814
5073	1555030
5074	1555174
5075	1555406
5076	1555565
5077	1555933
5078	1556291
5079	1556583
5080	1556656
5081	1556730
5082	1557063
5083	1557165
5084	1557231
5085	1557301
5086	1557453
5087	1557462
5088	1557805
5089	1557927
5090	1558168
5091	1558429
5092	1558729
5093	1559101
5094	1559445
5095	1559474
5096	1559618
5097	1559733
5098	1559736
5099	1560133
5100	1560355
5101	1560525
5102	1560604
5103	1560902
5104	1562087
5105	1562100
5106	1562581
5107	1562734
5108	1565359
5109	1565505
5110	1566166
5111	1566812
5112	1566819
5113	1566854
5114	1566937
5115	1567206
5116	1567220
5117	1567268
5118	1567344
5119	1568685
5120	1568693
5121	1568924
5122	1569179
5123	1570043
5124	1570044
5125	1570078
5126	1570094
5127	1570285
5128	1571376
5129	1571444
5130	1571929
5131	1572055
5132	1572107
5133	1572131
5134	1572811
5135	1572847
5136	1573598
5137	1573789
5138	1573829
5139	1573874
5140	1574336
5141	1574587
5142	1574611
5143	1575604
5144	1576545
5145	1577020
5146	1577156
5147	1577241
5148	1577478
5149	1577726
5150	1578089
5151	1578561
5152	1578692
5153	1578844
5154	1580365
5155	1580985
5156	1581409
5157	1581791
5158	1581926
5159	1582372
5160	1582682
5161	1583002
5162	1583118
5163	1584192
5164	1584634
5165	1584976
5166	1585029
5167	1585037
5168	1585241
5169	1585268
5170	1585335
5171	1585417
5172	1585519
5173	1585582
5174	1585590
5175	1586116
5176	1586148
5177	1586839
5178	1587276
5179	1587338
5180	1587633
5181	1588025
5182	1589408
5183	1589756
5184	1589896
5185	1590379
5186	1590381
5187	1590791
5188	1591242
5189	1591397
5190	1591479
5191	1591526
5192	1591623
5193	1591888
5194	1591933
5195	1592243
5196	1593464
5197	1593567
5198	1594047
5199	1594115
5200	1594169
5201	1594409
5202	1594697
5203	1594735
5204	1594748
5205	1595033
5206	1595367
5207	1595420
5208	1596045
5209	1596236
5210	1596297
5211	1596728
5212	1598090
5213	1598223
5214	1598296
5215	1598513
5216	1598935
5217	1599272
5218	1599312
5219	1599935
5220	1600047
5221	1600222
5222	1600239
5223	1600290
5224	1600365
5225	1600396
5226	1600520
5227	1600557
5228	1600889
5229	1600930
5230	1601112
5231	1601186
5232	1601493
5233	1601900
5234	1602102
5235	1603083
5236	1603205
5237	1604045
5238	1604254
5239	1604649
5240	1604727
5241	1605462
5242	1605672
5243	1605676
5244	1605680
5245	1605847
5246	1605900
5247	1606247
5248	1606321
5249	1606447
5250	1606484
5251	1606921
5252	1607294
5253	1607568
5254	1607572
5255	1607660
5256	1607755
5257	1608011
5258	1608121
5259	1608151
5260	1608596
5261	1608653
5262	1608897
5263	1609470
5264	1609837
5265	1610646
5266	1610716
5267	1610758
5268	1610873
5269	1610925
5270	1610936
5271	1610971
5272	1610982
5273	1610994
5274	1611003
5275	1611009
5276	1611021
5277	1611040
5278	1611129
5279	1611163
5280	1611349
5281	1611440
5282	1611453
5283	1611558
5284	1611631
5285	1611638
5286	1611715
5287	1611810
5288	1611827
5289	1611839
5290	1611924
5291	1612267
5292	1613280
5293	1613311
5294	1613367
5295	1613419
5296	1613731
5297	1613820
5298	1613966
5299	1614297
5300	1614560
5301	1614731
5302	1614734
5303	1614786
5304	1614811
5305	1614952
5306	1615069
5307	1615251
5308	1615307
5309	1615456
5310	1615771
5311	1615922
5312	1616790
5313	1616829
5314	1617028
5315	1617222
5316	1617422
5317	1617569
5318	1617651
5319	1617803
5320	1618213
5321	1618245
5322	1618522
5323	1618638
5324	1618791
5325	1618984
5326	1619767
5327	1621076
5328	1621664
5329	1621950
5330	1622070
5331	1622098
5332	1622319
5333	1622451
5334	1622493
5335	1622630
5336	1622779
5337	1622964
5338	1623008
5339	1623231
5340	1623642
5341	1623739
5342	1624108
5343	1624173
5344	1624411
5345	1624519
5346	1624565
5347	1624894
5348	1625049
5349	1625306
5350	1625871
5351	1626053
5352	1626390
5353	1630697
5354	1631094
5355	1631174
5356	1631336
5357	1631524
5358	1632366
5359	1632611
5360	1632865
5361	1632965
5362	1633185
5363	1633709
5364	1633736
5365	1634634
5366	1635386
5367	1635481
5368	1635828
5369	1636453
5370	1636519
5371	1637093
5372	1637451
5373	1637877
5374	1638343
5375	1638478
5376	1638775
5377	1638957
5378	1638994
5379	1639229
5380	1639248
5381	1639422
5382	1639444
5383	1639498
5384	1639645
5385	1640862
5386	1640895
5387	1641089
5388	1641523
5389	1642148
5390	1642499
5391	1642878
5392	1643435
5393	1643544
5394	1644137
5395	1644545
5396	1644857
5397	1645197
5398	1645487
5399	1645628
5400	1645795
5401	1646136
5402	1646482
5403	1646823
5404	1646971
5405	1647487
5406	1647817
5407	1647838
5408	1647907
5409	1648895
5410	1648928
5411	1649069
5412	1649202
5413	1649233
5414	1650193
5415	1650305
5416	1650567
5417	1650876
5418	1651919
5419	1651981
5420	1652009
5421	1652111
5422	1652273
5423	1652813
5424	1653022
5425	1653143
5426	1653642
5427	1655589
5428	1655697
5429	1655715
5430	1656035
5431	1656405
5432	1657341
5433	1658150
5434	1658718
5435	1659177
5436	1659197
5437	1659294
5438	1660009
5439	1660043
5440	1660384
5441	1660977
5442	1661123
5443	1661234
5444	1661430
5445	1661543
5446	1661561
5447	1661974
5448	1662101
5449	1662167
5450	1662238
5451	1662822
5452	1663115
5453	1663602
5454	1663790
5455	1664364
5456	1664487
5457	1664988
5458	1665586
5459	1665923
5460	1666127
5461	1666223
5462	1666305
5463	1666884
5464	1666995
5465	1667225
5466	1667735
5467	1667992
5468	1668011
5469	1668241
5470	1668557
5471	1669646
5472	1669982
5473	1670001
5474	1670126
5475	1670192
5476	1670326
5477	1670790
5478	1671159
5479	1671319
5480	1671504
5481	1671767
5482	1671928
5483	1672171
5484	1672487
5485	1672863
5486	1673222
5487	1673884
5488	1674013
5489	1674052
5490	1674067
5491	1674427
5492	1674555
5493	1674602
5494	1674721
5495	1674871
5496	1674929
5497	1675063
5498	1675144
5499	1675261
5500	1675744
5501	1675778
5502	1675831
5503	1677397
5504	1681755
5505	1681894
5506	1681952
5507	1682062
5508	1682075
5509	1682776
5510	1683044
5511	1683520
5512	1683610
5513	1683696
5514	1683971
5515	1684093
5516	1684095
5517	1684303
5518	1684378
5519	1684719
5520	1684809
5521	1685222
5522	1685253
5523	1685384
5524	1685540
5525	1686673
5526	1686779
5527	1686823
5528	1687163
5529	1687348
5530	1687407
5531	1687438
5532	1687508
5533	1687713
5534	1688347
5535	1688452
5536	1688476
5537	1688594
5538	1688758
5539	1689031
5540	1689583
5541	1690163
5542	1690285
5543	1690430
5544	1690432
5545	1690436
5546	1690557
5547	1690689
5548	1690778
5549	1691286
5550	1691476
5551	1691477
5552	1691604
5553	1691757
5554	1692173
5555	1692212
5556	1692217
5557	1692452
5558	1692475
5559	1692687
5560	1692780
5561	1693131
5562	1693360
5563	1693538
5564	1693933
5565	1694787
5566	1694971
5567	1695075
5568	1695363
5569	1695375
5570	1695717
5571	1695772
5572	1695881
5573	1695907
5574	1695925
5575	1695978
5576	1696641
5577	1697578
5578	1697619
5579	1697646
5580	1698476
5581	1699092
5582	1699392
5583	1699437
5584	1700156
5585	1700158
5586	1700872
5587	1700943
5588	1702214
5589	1702470
5590	1702588
5591	1702679
5592	1702760
5593	1702771
5594	1702875
5595	1703402
5596	1703618
5597	1703676
5598	1703879
5599	1704089
5600	1704556
5601	1705187
5602	1705325
5603	1705449
5604	1705589
5605	1705673
5606	1707212
5607	1708099
5608	1708136
5609	1708174
5610	1708939
5611	1708952
5612	1709013
5613	1709386
5614	1709671
5615	1709849
5616	1711038
5617	1711216
5618	1711262
5619	1711382
5620	1711388
5621	1711410
5622	1711522
5623	1711531
5624	1711940
5625	1712797
5626	1712804
5627	1713294
5628	1713857
5629	1713859
5630	1713873
5631	1713888
5632	1715568
5633	1716374
5634	1716441
5635	1716540
5636	1716807
5637	1717061
5638	1717100
5639	1717506
5640	1717551
5641	1717678
5642	1717877
5643	1718270
5644	1718440
5645	1718558
5646	1719431
5647	1719500
5648	1719642
5649	1719743
5650	1719887
5651	1720141
5652	1720950
5653	1721108
5654	1721469
5655	1721647
5656	1721846
5657	1721951
5658	1722513
5659	1722534
5660	1723242
5661	1723854
5662	1724096
5663	1724144
5664	1725355
5665	1725368
5666	1725633
5667	1725857
5668	1725871
5669	1726068
5670	1726074
5671	1726080
5672	1726083
5673	1726095
5674	1726374
5675	1726386
5676	1726392
5677	1726398
5678	1726401
5679	1726413
5680	1726733
5681	1726917
5682	1727182
5683	1727588
5684	1727753
5685	1727770
5686	1727842
5687	1727882
5688	1727883
5689	1727891
5690	1727892
5691	1728149
5692	1728798
5693	1729448
5694	1729720
5695	1729857
5696	1730173
5697	1730429
5698	1730734
5699	1731794
5700	1732147
5701	1732305
5702	1732445
5703	1732831
5704	1732893
5705	1733055
5706	1733346
5707	1733639
5708	1733783
5709	1734683
5710	1734839
5711	1735223
5712	1735248
5713	1735829
5714	1736779
5715	1736836
5716	1736980
5717	1737294
5718	1737615
5719	1737675
5720	1737761
5721	1738199
5722	1738361
5723	1738487
5724	1739025
5725	1739641
5726	1739656
5727	1739657
5728	1739658
5729	1739659
5730	1740106
5731	1740177
5732	1740795
5733	1741081
5734	1741893
5735	1742414
5736	1742573
5737	1742579
5738	1742956
5739	1743180
5740	1743372
5741	1743933
5742	1744107
5743	1744380
5744	1744390
5745	1744655
5746	1744895
5747	1744948
5748	1745145
5749	1745364
5750	1745394
5751	1745403
5752	1745764
5753	1745899
5754	1745964
5755	1745970
5756	1747109
5757	1747317
5758	1747371
5759	1747742
5760	1747766
5761	1747862
5762	1747927
5763	1748552
5764	1749136
5765	1749762
5766	1750207
5767	1750511
5768	1750945
5769	1750989
5770	1751404
5771	1751608
5772	1752116
5773	1752354
5774	1752534
5775	1753260
5776	1753349
5777	1753498
5778	1753704
5779	1753992
5780	1754429
5781	1754466
5782	1754622
5783	1754631
5784	1754714
5785	1755708
5786	1755717
5787	1755973
5788	1755987
5789	1756346
5790	1756433
5791	1756574
5792	1758011
5793	1758341
5794	1758471
5795	1758536
5796	1758707
5797	1759063
5798	1759170
5799	1759380
5800	1759389
5801	1759571
5802	1759596
5803	1760008
5804	1760103
5805	1760107
5806	1760254
5807	1760534
5808	1760610
5809	1760642
5810	1760649
5811	1760795
5812	1761523
5813	1761942
5814	1762001
5815	1762473
5816	1762828
5817	1763072
5818	1763445
5819	1764177
5820	1765123
5821	1765391
5822	1765589
5823	1765776
5824	1765822
5825	1765868
5826	1765952
5827	1766210
5828	1766425
5829	1766462
5830	1766597
5831	1766606
5832	1767046
5833	1767574
5834	1767693
5835	1767896
5836	1768195
5837	1768624
5838	1768815
5839	1768944
5840	1769282
5841	1769561
5842	1771912
5843	1772083
5844	1772310
5845	1772790
5846	1772927
5847	1772928
5848	1773083
5849	1773190
5850	1773361
5851	1773426
5852	1774233
5853	1774635
5854	1774697
5855	1774980
5856	1775038
5857	1775229
5858	1775258
5859	1775420
5860	1776530
5861	1777589
5862	1777750
5863	1778399
5864	1779109
5865	1779278
5866	1779475
5867	1780072
5868	1780555
5869	1781025
5870	1781489
5871	1781656
5872	1782115
5873	1782400
5874	1782422
5875	1782452
5876	1782528
5877	1782551
5878	1782600
5879	1782693
5880	1782730
5881	1782881
5882	1783519
5883	1784248
5884	1784512
5885	1784626
5886	1784762
5887	1784866
5888	1784909
5889	1785103
5890	1785519
5891	1785520
5892	1785662
5893	1785720
5894	1785727
5895	1785736
5896	1786126
5897	1786656
5898	1786685
5899	1786696
5900	1786828
5901	1787039
5902	1787901
5903	1787914
5904	1787915
5905	1787961
5906	1787963
5907	1787965
5908	1788022
5909	1788611
5910	1788646
5911	1788769
5912	1789132
5913	1789381
5914	1789458
5915	1790059
5916	1790271
5917	1791136
5918	1791939
5919	1792328
5920	1792374
5921	1792567
5922	1792860
5923	1793006
5924	1793133
5925	1793425
5926	1793785
5927	1794694
5928	1794904
5929	1796124
5930	1796767
5931	1796804
5932	1796899
5933	1798537
5934	1799255
5935	1801019
5936	1801122
5937	1801308
5938	1801437
5939	1801683
5940	1801778
5941	1801888
5942	1802059
5943	1802750
5944	1802868
5945	1803033
5946	1803197
5947	1803324
5948	1803452
5949	1803611
5950	1803859
5951	1804031
5952	1804065
5953	1804435
5954	1804535
5955	1805209
5956	1806866
5957	1806960
5958	1807307
5959	1807359
5960	1807742
5961	1808160
5962	1808607
5963	1809152
5964	1809267
5965	1809298
5966	1809613
5967	1809779
5968	1810330
5969	1810692
5970	1810781
5971	1810788
5972	1811316
5973	1811519
5974	1811594
5975	1811717
5976	1812207
5977	1812268
5978	1812558
5979	1812731
5980	1813162
5981	1813662
5982	1814405
5983	1814737
5984	1815184
5985	1815268
5986	1815736
5987	1815737
5988	1815740
5989	1816103
5990	1816238
5991	1816435
5992	1817005
5993	1817058
5994	1817131
5995	1817249
5996	1817968
5997	1817994
5998	1818470
5999	1818652
6000	1819178
6001	1820177
6002	1820178
6003	1820531
6004	1820679
6005	1820790
6006	1820860
6007	1821507
6008	1821739
6009	1821885
6010	1822126
6011	1822270
6012	1822448
6013	1822486
6014	1822496
6015	1822658
6016	1823042
6017	1823168
6018	1823198
6019	1823539
6020	1823890
6021	1823962
6022	1824001
6023	1824165
6024	1824193
6025	1824262
6026	1824293
6027	1824400
6028	1824648
6029	1824870
6030	1824872
6031	1824878
6032	1824986
6033	1825203
6034	1825830
6035	1826257
6036	1826590
6037	1826937
6038	1827447
6039	1828581
6040	1828927
6041	1829099
6042	1829203
6043	1829243
6044	1829719
6045	1829828
6046	1830182
6047	1830426
6048	1830605
6049	1830842
6050	1830993
6051	1831203
6052	1831425
6053	1831585
6054	1832054
6055	1832110
6056	1832138
6057	1832181
6058	1832186
6059	1832200
6060	1832213
6061	1832225
6062	1832229
6063	1832260
6064	1832294
6065	1832304
6066	1832311
6067	1832337
6068	1832365
6069	1832377
6070	1832379
6071	1832380
6072	1832381
6073	1832394
6074	1832400
6075	1832416
6076	1832691
6077	1833033
6078	1833195
6079	1833350
6080	1833457
6081	1834361
6082	1834899
6083	1834911
6084	1835191
6085	1835296
6086	1835722
6087	1836067
6088	1836129
6089	1836287
6090	1836289
6091	1836295
6092	1836302
6093	1836572
6094	1836964
6095	1837033
6096	1837133
6097	1837900
6098	1838228
6099	1838971
6100	1838987
6101	1839018
6102	1839546
6103	1839622
6104	1839838
6105	1841254
6106	1841588
6107	1842463
6108	1842582
6109	1842791
6110	1842998
6111	1843018
6112	1843720
6113	1843756
6114	1844249
6115	1844490
6116	1844575
6117	1844918
6118	1845877
6119	1846078
6120	1846182
6121	1846205
6122	1847037
6123	1847125
6124	1848026
6125	1848131
6126	1848994
6127	1849493
6128	1849837
6129	1849916
6130	1850233
6131	1850471
6132	1850587
6133	1851049
6134	1851622
6135	1852349
6136	1852490
6137	1852509
6138	1852513
6139	1852812
6140	1853563
6141	1853739
6142	1853817
6143	1853979
6144	1854607
6145	1854855
6146	1854872
6147	1855283
6148	1855503
6149	1855840
6150	1856147
6151	1856453
6152	1858064
6153	1858303
6154	1858438
6155	1858448
6156	1858488
6157	1858508
6158	1860281
6159	1860653
6160	1860967
6161	1861335
6162	1861474
6163	1861991
6164	1862306
6165	1862763
6166	1863183
6167	1863286
6168	1865095
6169	1865634
6170	1865995
6171	1866008
6172	1866021
6173	1866057
6174	1866156
6175	1866238
6176	1866550
6177	1866637
6178	1866684
6179	1866939
6180	1867536
6181	1868241
6182	1869240
6183	1869490
6184	1869583
6185	1869864
6186	1869910
6187	1870020
6188	1870118
6189	1870168
6190	1870237
6191	1870295
6192	1870308
6193	1870415
6194	1870723
6195	1870726
6196	1870976
6197	1871050
6198	1871685
6199	1872083
6200	1872159
6201	1872238
6202	1872608
6203	1872651
6204	1872721
6205	1872744
6206	1872746
6207	1872805
6208	1872980
6209	1873410
6210	1873551
6211	1873871
6212	1873930
6213	1873955
6214	1874210
6215	1874306
6216	1874492
6217	1874715
6218	1874819
6219	1874945
6220	1875027
6221	1875028
6222	1875029
6223	1875045
6224	1875061
6225	1875063
6226	1875349
6227	1875649
6228	1875831
6229	1876243
6230	1876315
6231	1876542
6232	1876716
6233	1877149
6234	1877216
6235	1877408
6236	1878648
6237	1878973
6238	1879742
6239	1880800
6240	1880992
6241	1881140
6242	1881349
6243	1881618
6244	1881865
6245	1881925
6246	1882034
6247	1882207
6248	1882216
6249	1882314
6250	1882350
6251	1882665
6252	1882750
6253	1882792
6254	1883114
6255	1883137
6256	1883220
6257	1883607
6258	1884006
6259	1884199
6260	1884329
6261	1884596
6262	1884912
6263	1885206
6264	1885424
6265	1885536
6266	1885848
6267	1885953
6268	1886170
6269	1886301
6270	1886315
6271	1886369
6272	1886376
6273	1886419
6274	1886985
6275	1887059
6276	1887132
6277	1887220
6278	1887250
6279	1887664
6280	1888001
6281	1888169
6282	1888199
6283	1888274
6284	1888622
6285	1889188
6286	1889233
6287	1889256
6288	1889258
6289	1889363
6290	1889388
6291	1889701
6292	1890224
6293	1890353
6294	1890781
6295	1890815
6296	1890905
6297	1891158
6298	1891278
6299	1891768
6300	1891896
6301	1892109
6302	1892182
6303	1892236
6304	1892271
6305	1892278
6306	1892330
6307	1892638
6308	1895257
6309	1895896
6310	1896633
6311	1896720
6312	1896967
6313	1896969
6314	1897191
6315	1897417
6316	1897484
6317	1898032
6318	1898823
6319	1898836
6320	1899060
6321	1899170
6322	1899294
6323	1899468
6324	1899614
6325	1900676
6326	1900848
6327	1900928
6328	1901383
6329	1902122
6330	1902163
6331	1902373
6332	1902551
6333	1902600
6334	1902902
6335	1903344
6336	1903718
6337	1903909
6338	1903923
6339	1905512
6340	1906053
6341	1906185
6342	1906254
6343	1906322
6344	1906364
6345	1906511
6346	1906626
6347	1906799
6348	1906828
6349	1906977
6350	1907109
6351	1907349
6352	1907392
6353	1907697
6354	1908238
6355	1908587
6356	1908601
6357	1908962
6358	1909289
6359	1909295
6360	1909410
6361	1909568
6362	1909625
6363	1910021
6364	1910356
6365	1910500
6366	1910510
6367	1910823
6368	1911497
6369	1911517
6370	1911692
6371	1912391
6372	1917616
6373	1917938
6374	1917996
6375	1918218
6376	1918271
6377	1918415
6378	1918442
6379	1918938
6380	1919461
6381	1919730
6382	1920210
6383	1920238
6384	1920243
6385	1920257
6386	1920303
6387	1920520
6388	1920644
6389	1920739
6390	1920961
6391	1920969
6392	1921254
6393	1921314
6394	1921866
6395	1921871
6396	1922460
6397	1922690
6398	1922867
6399	1922915
6400	1922920
6401	1923130
6402	1923269
6403	1923354
6404	1923498
6405	1923594
6406	1923836
6407	1924054
6408	1924182
6409	1926119
6410	1926126
6411	1926263
6412	1926269
6413	1926272
6414	1926278
6415	1926765
6416	1926912
6417	1927158
6418	1927646
6419	1927972
6420	1927975
6421	1928099
6422	1928881
6423	1929162
6424	1929882
6425	1929942
6426	1930304
6427	1930325
6428	1930470
6429	1930511
6430	1930512
6431	1931066
6432	1931143
6433	1931412
6434	1931671
6435	1931677
6436	1931692
6437	1931793
6438	1932268
6439	1932419
6440	1932605
6441	1932677
6442	1932680
6443	1932799
6444	1932849
6445	1933263
6446	1933858
6447	1934143
6448	1934322
6449	1934544
6450	1935671
6451	1936066
6452	1936649
6453	1936891
6454	1937230
6455	1937466
6456	1937537
6457	1937699
6458	1937710
6459	1937750
6460	1937822
6461	1937839
6462	1937932
6463	1938242
6464	1938344
6465	1938428
6466	1938513
6467	1938625
6468	1938724
6469	1939316
6470	1939339
6471	1939818
6472	1939834
6473	1939837
6474	1940015
6475	1940243
6476	1940328
6477	1940645
6478	1940691
6479	1940943
6480	1941799
6481	1941878
6482	1942093
6483	1942496
6484	1943418
6485	1943420
6486	1943483
6487	1943510
6488	1943632
6489	1943974
6490	1944121
6491	1944424
6492	1944480
6493	1944677
6494	1944736
6495	1944842
6496	1945595
6497	1945746
6498	1945803
6499	1946069
6500	1946371
6501	1946394
6502	1946395
6503	1946671
6504	1946787
6505	1946813
6506	1946920
6507	1946979
6508	1947118
6509	1947776
6510	1947931
6511	1948075
6512	1948178
6513	1948292
6514	1949180
6515	1949283
6516	1949733
6517	1950096
6518	1951913
6519	1952016
6520	1952523
6521	1952700
6522	1953110
6523	1953719
6524	1954009
6525	1954207
6526	1954499
6527	1954673
6528	1954889
6529	1954929
6530	1954943
6531	1955237
6532	1955273
6533	1955516
6534	1956133
6535	1956145
6536	1956220
6537	1956541
6538	1956871
6539	1957281
6540	1957484
6541	1957525
6542	1957784
6543	1957832
6544	1957848
6545	1957866
6546	1957868
6547	1959465
6548	1959500
6549	1959545
6550	1959546
6551	1959565
6552	1959587
6553	1959600
6554	1959696
6555	1960224
6556	1960378
6557	1961253
6558	1961411
6559	1963507
6560	1964036
6561	1964942
6562	1965165
6563	1965334
6564	1966633
6565	1966638
6566	1966711
6567	1967044
6568	1967131
6569	1968372
6570	1968538
6571	1969270
6572	1969302
6573	1969620
6574	1969636
6575	1969880
6576	1969917
6577	1969931
6578	1970143
6579	1970155
6580	1970248
6581	1970538
6582	1971080
6583	1971949
6584	1972537
6585	1972663
6586	1972821
6587	1972847
6588	1972882
6589	1973134
6590	1973221
6591	1973324
6592	1973432
6593	1973882
6594	1973947
6595	1974749
6596	1975244
6597	1975480
6598	1975709
6599	1975710
6600	1975711
6601	1975865
6602	1976114
6603	1976165
6604	1976203
6605	1976809
6606	1976879
6607	1977179
6608	1977196
6609	1977394
6610	1977859
6611	1977959
6612	1978442
6613	1979069
6614	1979579
6615	1979735
6616	1979838
6617	1979937
6618	1979947
6619	1980151
6620	1980230
6621	1980700
6622	1980902
6623	1981035
6624	1981943
6625	1982819
6626	1983427
6627	1983446
6628	1983456
6629	1983604
6630	1983636
6631	1984037
6632	1984387
6633	1984627
6634	1984823
6635	1984887
6636	1986028
6637	1986289
6638	1986739
6639	1986888
6640	1987243
6641	1988166
6642	1989262
6643	1989790
6644	1990037
6645	1990116
6646	1990133
6647	1990273
6648	1990410
6649	1991030
6650	1991269
6651	1991516
6652	1992289
6653	1992366
6654	1992674
6655	1992833
6656	1992845
6657	1992967
6658	1994632
6659	1994902
6660	1995109
6661	1995307
6662	1995567
6663	1995977
6664	1996162
6665	1996497
6666	1996515
6667	1997150
6668	1997721
6669	1997733
6670	1997808
6671	1997888
6672	1997977
6673	1998060
6674	1998537
6675	1998630
6676	1998635
6677	1999321
6678	1999862
6679	2000035
6680	2000040
6681	2000051
6682	2000401
6683	2000516
6684	2000779
6685	2001126
6686	2001153
6687	2001445
6688	2001592
6689	2001828
6690	2001917
6691	2002260
6692	2002484
6693	2002491
6694	2002492
6695	2002799
6696	2002865
6697	2003009
6698	2003601
6699	2003982
6700	2004200
6701	2004357
6702	2004434
6703	2004447
6704	2004836
6705	2005097
6706	2005545
6707	2005551
6708	2005562
6709	2014117
6710	2014840
6711	2015145
6712	2016236
6713	2016256
6714	2016461
6715	2016660
6716	2017406
6717	2017572
6718	2018353
6719	2018655
6720	2019627
6721	2020275
6722	2020478
6723	2020577
6724	2020981
6725	2021492
6726	2021994
6727	2022001
6728	2022188
6729	2022315
6730	2022871
6731	2022969
6732	2023271
6733	2023288
6734	2023408
6735	2023458
6736	2023468
6737	2023681
6738	2023999
6739	2024024
6740	2024112
6741	2024579
6742	2024712
6743	2025490
6744	2025923
6745	2026223
6746	2026347
6747	2026408
6748	2026502
6749	2026598
6750	2026687
6751	2026727
6752	2026745
6753	2026813
6754	2026842
6755	2027136
6756	2027159
6757	2027421
6758	2028179
6759	2029110
6760	2029315
6761	2029652
6762	2029741
6763	2030073
6764	2030088
6765	2030452
6766	2030503
6767	2030672
6768	2030875
6769	2031450
6770	2031481
6771	2031851
6772	2031975
6773	2031993
6774	2031995
6775	2032049
6776	2032121
6777	2032235
6778	2033485
6779	2033729
6780	2034197
6781	2035421
6782	2035672
6783	2035962
6784	2036014
6785	2036251
6786	2036398
6787	2036805
6788	2037933
6789	2038094
6790	2038482
6791	2039124
6792	2039216
6793	2039270
6794	2039368
6795	2041015
6796	2041790
6797	2042242
6798	2042662
6799	2042829
6800	2042911
6801	2043556
6802	2043974
6803	2044160
6804	2044177
6805	2044348
6806	2044537
6807	2044538
6808	2044631
6809	2044922
6810	2044964
6811	2045308
6812	2045477
6813	2045787
6814	2046158
6815	2046303
6816	2046712
6817	2047128
6818	2047360
6819	2047461
6820	2047622
6821	2048361
6822	2049568
6823	2049846
6824	2049868
6825	2049955
6826	2050109
6827	2050340
6828	2050615
6829	2051143
6830	2051936
6831	2052047
6832	2052551
6833	2052609
6834	2052780
6835	2053252
6836	2053834
6837	2055227
6838	2055557
6839	2056858
6840	2057066
6841	2057233
6842	2057307
6843	2057462
6844	2057507
6845	2057773
6846	2057945
6847	2058008
6848	2058029
6849	2058030
6850	2058031
6851	2058051
6852	2058884
6853	2059095
6854	2059562
6855	2059573
6856	2060448
6857	2060483
6858	2060992
6859	2061105
6860	2061773
6861	2061809
6862	2062754
6863	2063051
6864	2063171
6865	2063263
6866	2063514
6867	2063627
6868	2063821
6869	2063925
6870	2063938
6871	2064432
6872	2064643
6873	2064855
6874	2064975
6875	2065238
6876	2065250
6877	2065556
6878	2065632
6879	2066229
6880	2066365
6881	2066383
6882	2066617
6883	2066741
6884	2066789
6885	2067032
6886	2068622
6887	2068967
6888	2069260
6889	2069305
6890	2069373
6891	2069509
6892	2069566
6893	2069721
6894	2069759
6895	2069817
6896	2069852
6897	2069980
6898	2070246
6899	2070733
6900	2070786
6901	2071055
6902	2071095
6903	2071253
6904	2071512
6905	2071637
6906	2071701
6907	2071712
6908	2072109
6909	2073354
6910	2073357
