1	37
2	324
3	773
4	1247
5	1412
6	1478
7	1482
8	2327
9	3020
10	3047
11	3137
12	3155
13	3248
14	3284
15	3371
16	3461
17	3847
18	3921
19	4447
20	4510
21	4699
22	4780
23	4945
24	5054
25	5236
26	5239
27	5638
28	5881
29	6160
30	10073
31	10088
32	10442
33	10553
34	11570
35	11927
36	12140
37	12170
38	12374
39	13859
40	14814
41	15925
42	17231
43	17475
44	17586
45	17621
46	17623
47	17633
48	18809
49	19020
50	20397
51	20526
52	21848
53	22084
54	22914
55	23411
56	23571
57	23605
58	23748
59	24159
60	28559
61	29254
62	29304
63	30088
64	30124
65	30226
66	30313
67	30577
68	30665
69	30716
70	30803
71	30845
72	30899
73	31121
74	32239
75	32543
76	32671
77	32713
78	32864
79	32921
80	32936
81	33020
82	33062
83	33155
84	33337
85	33344
86	33536
87	34007
88	34149
89	34733
90	36848
91	37220
92	37805
93	38010
94	38170
95	39529
96	39750
97	39823
98	39830
99	39860
100	40025
101	40066
102	40108
103	40274
104	40370
105	40706
106	41007
107	41013
108	41060
109	41169
110	41182
111	41217
112	41445
113	42107
114	42291
115	42521
116	42525
117	43419
118	43804
119	43808
120	43832
121	43889
122	43907
123	44015
124	44041
125	44434
126	44441
127	44809
128	44863
129	44864
130	45391
131	45435
132	45623
133	45670
134	45993
135	46680
136	47021
137	48012
138	49166
139	49896
140	50054
141	50368
142	51189
143	51626
144	51896
145	52026
146	53346
147	53388
148	53483
149	54303
150	55281
151	55296
152	55357
153	55698
154	55743
155	55812
156	56016
157	56488
158	56664
159	58345
160	58516
161	58865
162	58890
163	58896
164	58901
165	58913
166	58919
167	62655
168	62690
169	62789
170	62880
171	63044
172	63238
173	63683
174	64068
175	64153
176	64180
177	64181
178	64454
179	64624
180	65234
181	65420
182	65556
183	66145
184	68056
185	68112
186	68116
187	68180
188	68190
189	68207
190	68210
191	68648
192	68654
193	68845
194	69573
195	70098
196	70466
197	70928
198	71000
199	71049
200	71097
201	73728
202	75109
203	75736
204	76486
205	78908
206	80852
207	81486
208	81494
209	81517
210	81633
211	81916
212	81925
213	88519
214	90454
215	90621
216	90633
217	90666
218	90669
219	90702
220	90888
221	90978
222	91522
223	92095
224	92519
225	93162
226	94896
227	95461
228	95860
229	95872
230	96672
231	96693
232	96870
233	96906
234	96948
235	96987
236	97570
237	97645
238	97666
239	97804
240	97810
241	98811
242	98822
243	99768
244	100118
245	100532
246	102150
247	102262
248	102412
249	102556
250	104804
251	104845
252	105423
253	105615
254	105654
255	106004
256	106033
257	106063
258	106964
259	106980
260	107896
261	107910
262	107944
263	107958
264	107988
265	107996
266	108012
267	108026
268	108057
269	108206
270	108470
271	109135
272	110682
273	113493
274	114916
275	117440
276	117443
277	117613
278	117916
279	117930
280	117932
281	118129
282	118193
283	118201
284	118222
285	118288
286	118309
287	118366
288	118400
289	118576
290	118693
291	118764
292	119023
293	119030
294	119532
295	119536
296	119841
297	121739
298	122274
299	122307
300	122313
301	122316
302	124507
303	124635
304	124683
305	126063
306	126316
307	132013
308	133903
309	134292
310	134329
311	134346
312	134550
313	134586
314	134633
315	134691
316	134758
317	134833
318	134850
319	134896
320	134909
321	135095
322	135208
323	135353
324	135387
325	135914
326	136061
327	136864
328	137440
329	137572
330	137869
331	137965
332	138037
333	138181
334	138205
335	138484
336	138730
337	138769
338	139245
339	139250
340	139611
341	139701
342	139763
343	139943
344	141408
345	142082
346	142243
347	144552
348	145607
349	145981
350	147073
351	147080
352	149468
353	149922
354	150675
355	150737
356	150954
357	152674
358	152953
359	153384
360	153542
361	154292
362	154621
363	155504
364	155609
365	157320
366	157743
367	158197
368	159071
369	160662
370	160887
371	161166
372	161170
373	161337
374	161595
375	161802
376	163352
377	163354
378	163380
379	164139
380	164803
381	165120
382	165980
383	166048
384	166312
385	166345
386	166364
387	166404
388	166475
389	166592
390	166630
391	166793
392	166987
393	167357
394	167631
395	167858
396	167897
397	167921
398	168076
399	168192
400	168215
401	168431
402	168791
403	169198
404	169401
405	169901
406	170471
407	170576
408	170839
409	170858
410	170978
411	171275
412	171290
413	172611
414	173353
415	173611
416	173893
417	174016
418	174533
419	174575
420	174806
421	175064
422	175675
423	175721
424	175727
425	176141
426	176183
427	176606
428	176687
429	177016
430	177158
431	178315
432	188410
433	208809
434	232106
435	233305
436	233962
437	234812
438	235550
439	235589
440	235599
441	235613
442	235619
443	235626
444	236711
445	236889
446	237068
447	237169
448	237435
449	237558
450	237597
451	237727
452	237899
453	237914
454	238065
455	238565
456	238735
457	239737
458	239784
459	239810
460	240278
461	240597
462	240856
463	241381
464	241624
465	242272
466	242322
467	242811
468	243771
469	244310
470	244406
471	244472
472	245120
473	247720
474	249032
475	249038
476	249076
477	249095
478	249102
479	249455
480	249610
481	249946
482	250063
483	251206
484	251214
485	251546
486	251801
487	252674
488	252891
489	252931
490	253450
491	253866
492	254017
493	254021
494	254381
495	254402
496	254408
497	255521
498	255530
499	255608
500	255809
501	255911
502	256089
503	256943
504	257242
505	257292
506	257463
507	257524
508	257573
509	257890
510	258215
511	258987
512	259391
513	260647
514	260794
515	261154
516	261492
517	261589
518	262273
519	262369
520	262435
521	263583
522	264405
523	264491
524	265031
525	265069
526	265088
527	271661
528	271873
529	273027
530	274032
531	274058
532	274360
533	274500
534	275281
535	275339
536	275635
537	276243
538	276285
539	276383
540	276414
541	276754
542	276800
543	276965
544	277008
545	277071
546	277152
547	277411
548	277518
549	277525
550	277552
551	277596
552	277605
553	277635
554	277731
555	278559
556	278679
557	278712
558	278847
559	279614
560	279724
561	279823
562	280039
563	280094
564	280319
565	280487
566	280504
567	280599
568	280879
569	282162
570	283019
571	283045
572	284009
573	294510
574	296094
575	296619
576	296844
577	297303
578	297319
579	297327
580	297333
581	297401
582	297436
583	297473
584	297501
585	297510
586	297680
587	297805
588	297838
589	297898
590	297910
591	299185
592	299239
593	299260
594	299434
595	299680
596	299752
597	300107
598	300124
599	300294
600	300303
601	300313
602	300316
603	300918
604	303062
605	303091
606	303287
607	303664
608	304076
609	304604
610	305825
611	305845
612	307829
613	310802
614	310916
615	310929
616	311429
617	311946
618	311958
619	312211
620	312232
621	312364
622	319255
623	319262
624	319265
625	319333
626	319400
627	319407
628	319683
629	320075
630	321398
631	323311
632	324037
633	324136
634	324238
635	324292
636	325369
637	325384
638	325447
639	325801
640	325945
641	325964
642	326143
643	327058
644	327075
645	327178
646	327331
647	327891
648	328435
649	328792
650	329455
651	329478
652	329656
653	329856
654	329928
655	331570
656	334126
657	334288
658	335389
659	335470
660	336262
661	337491
662	337636
663	337662
664	337807
665	341168
666	342838
667	342844
668	343014
669	343401
670	343464
671	343508
672	343601
673	344623
674	346269
675	346439
676	346957
677	349673
678	349866
679	349868
680	349883
681	350120
682	350378
683	350428
684	350465
685	351054
686	351075
687	351491
688	351885
689	352599
690	352718
691	352918
692	353988
693	354057
694	354060
695	354803
696	355906
697	355937
698	356440
699	357037
700	357131
701	357139
702	357172
703	357202
704	357343
705	368798
706	369174
707	369332
708	369861
709	371874
710	373360
711	379785
712	381022
713	381875
714	382096
715	384459
716	384489
717	384564
718	384723
719	384731
720	384756
721	384780
722	385048
723	385050
724	385099
725	385360
726	385474
727	385602
728	385669
729	385742
730	385743
731	385749
732	385768
733	385771
734	385779
735	385813
736	385856
737	385912
738	386460
739	390721
740	391950
741	392413
742	392572
743	392684
744	394434
745	395102
746	395249
747	395336
748	395564
749	395663
750	395774
751	395956
752	396419
753	396658
754	396787
755	397021
756	397996
757	398233
758	400581
759	401487
760	401493
761	401769
762	402239
763	402345
764	402715
765	402718
766	402814
767	402856
768	402889
769	402937
770	405106
771	405108
772	407139
773	407386
774	407524
775	407874
776	407878
777	407960
778	407966
779	407977
780	408213
781	408273
782	408501
783	408546
784	408576
785	408600
786	408724
787	408798
788	408800
789	408803
790	408915
791	408916
792	409488
793	413936
794	414587
795	414677
796	416491
797	416803
798	416847
799	417800
800	417905
801	417989
802	418707
803	418932
804	418941
805	419569
806	420367
807	420433
808	420905
809	420919
810	422086
811	425231
812	427553
813	427662
814	428339
815	429773
816	429830
817	430232
818	430595
819	430870
820	430960
821	430978
822	431014
823	431032
824	431071
825	431122
826	431149
827	431371
828	431686
829	431695
830	431698
831	431746
832	431767
833	431779
834	431818
835	432030
836	432108
837	432156
838	432457
839	432469
840	432538
841	432589
842	432646
843	432655
844	432886
845	433386
846	434194
847	434240
848	435564
849	435975
850	437899
851	438046
852	438867
853	439280
854	441147
855	441591
856	441720
857	442665
858	443718
859	444681
860	445368
861	445386
862	445656
863	446575
864	446602
865	446632
866	446649
867	447016
868	447388
869	447549
870	447638
871	447812
872	447956
873	447989
874	448380
875	448958
876	450393
877	451626
878	453670
879	453793
880	455215
881	456162
882	457396
883	457509
884	457876
885	458304
886	458538
887	464426
888	464621
889	465077
890	465134
891	465236
892	465434
893	465569
894	465611
895	465621
896	465629
897	466007
898	468327
899	468378
900	468521
901	468653
902	470211
903	470623
904	471315
905	472150
906	472547
907	472794
908	473339
909	473517
910	473708
911	473723
912	473762
913	473787
914	473976
915	473996
916	475951
917	477385
918	477794
919	478236
920	478331
921	479541
922	479865
923	479931
924	480118
925	480291
926	481257
927	481312
928	481476
929	481583
930	481666
931	482802
932	482812
933	482989
934	483060
935	489611
936	491849
937	492814
938	493006
939	493030
940	493042
941	493084
942	493408
943	493498
944	493587
945	493589
946	493644
947	493773
948	493929
949	494417
950	494814
951	495179
952	496155
953	496237
954	496285
955	496757
956	497450
957	497591
958	498054
959	498860
960	498907
961	498922
962	499987
963	500718
964	501399
965	502643
966	502982
967	504364
968	505037
969	506973
970	507934
971	507946
972	510207
973	511072
974	511242
975	511256
976	511484
977	512095
978	513802
979	515634
980	515704
981	517382
982	518110
983	518680
984	519004
985	519079
986	519127
987	519295
988	519334
989	519442
990	519522
991	519768
992	519804
993	519831
994	522373
995	523434
996	525012
997	525606
998	525733
999	525931
1000	527051
1001	527084
1002	528123
1003	530263
1004	530935
1005	531124
1006	531717
1007	533086
1008	533227
1009	533582
1010	536824
1011	536833
1012	536854
1013	536947
1014	537340
1015	537873
1016	538879
1017	538980
1018	539328
1019	539384
1020	539387
1021	539504
1022	539513
1023	539613
1024	539675
1025	539699
1026	539729
1027	539768
1028	539795
1029	539826
1030	539845
1031	539967
1032	539970
1033	539997
1034	540048
1035	540084
1036	540156
1037	540183
1038	540192
1039	540249
1040	540267
1041	540303
1042	540659
1043	542471
1044	542717
1045	544056
1046	544462
1047	544475
1048	545157
1049	545217
1050	545590
1051	545712
1052	546053
1053	546591
1054	546924
1055	548363
1056	548979
1057	549019
1058	549079
1059	549084
1060	549766
1061	549895
1062	549958
1063	550014
1064	550048
1065	550228
1066	550456
1067	551734
1068	551743
1069	552334
1070	553053
1071	554445
1072	554586
1073	555507
1074	556056
1075	556510
1076	556789
1077	556879
1078	556999
1079	557101
1080	557140
1081	557149
1082	557161
1083	557212
1084	557215
1085	557249
1086	557296
1087	557458
1088	557497
1089	558321
1090	558720
1091	558965
1092	559514
1093	559778
1094	559898
1095	559956
1096	560573
1097	560618
1098	561795
1099	562664
1100	562698
1101	562970
1102	563206
1103	564002
1104	564953
1105	565459
1106	565897
1107	566267
1108	566319
1109	567492
1110	568523
1111	569205
1112	569774
1113	570506
1114	570803
1115	572564
1116	572720
1117	573763
1118	574312
1119	575150
1120	575737
1121	575840
1122	575881
1123	575926
1124	576664
1125	576772
1126	577020
1127	577102
1128	577329
1129	577725
1130	578250
1131	578325
1132	578422
1133	578433
1134	578439
1135	578454
1136	578931
1137	580252
1138	581064
1139	581144
1140	581190
1141	581473
1142	581559
1143	581781
1144	582270
1145	582330
1146	582864
1147	583044
1148	583699
1149	584043
1150	584048
1151	584532
1152	585631
1153	585662
1154	585846
1155	586098
1156	586316
1157	586495
1158	586756
1159	586768
1160	586786
1161	586791
1162	586834
1163	586894
1164	586912
1165	586936
1166	586977
1167	587043
1168	587122
1169	587207
1170	587501
1171	587690
1172	587693
1173	587702
1174	587734
1175	587759
1176	587766
1177	587776
1178	588860
1179	589127
1180	589139
1181	589145
1182	589533
1183	589542
1184	589644
1185	590499
1186	590588
1187	590608
1188	590647
1189	590943
1190	590991
1191	591197
1192	591219
1193	591222
1194	591236
1195	591281
1196	591285
1197	591297
1198	591402
1199	591408
1200	591443
1201	591562
1202	592680
1203	592746
1204	593595
1205	594197
1206	595265
1207	595985
1208	597191
1209	597443
1210	597841
1211	598103
1212	598136
1213	598139
1214	598199
1215	598319
1216	598322
1217	598420
1218	598441
1219	598444
1220	598498
1221	598585
1222	598711
1223	598762
1224	598798
1225	599558
1226	599626
1227	600215
1228	600379
1229	601032
1230	601041
1231	601100
1232	601190
1233	601942
1234	604018
1235	604350
1236	604712
1237	605623
1238	605673
1239	605861
1240	606290
1241	606501
1242	607482
1243	607847
1244	608832
1245	608861
1246	609282
1247	609318
1248	609609
1249	609754
1250	622377
1251	622875
1252	622894
1253	622920
1254	623335
1255	623556
1256	623705
1257	649034
1258	649120
1259	649328
1260	649612
1261	650056
1262	650156
1263	650404
1264	650967
1265	651109
1266	651428
1267	652168
1268	652915
1269	653008
1270	654025
1271	654059
1272	654413
1273	654601
1274	654619
1275	654667
1276	654703
1277	654964
1278	655351
1279	655591
1280	655789
1281	656026
1282	656047
1283	656102
1284	656155
1285	656164
1286	656192
1287	656326
1288	656332
1289	656416
1290	656461
1291	656467
1292	656641
1293	656683
1294	656835
1295	657139
1296	657376
1297	657592
1298	659124
1299	659696
1300	660014
1301	662615
1302	662636
1303	662738
1304	662760
1305	662786
1306	662850
1307	663108
1308	664225
1309	664302
1310	665707
1311	665993
1312	667486
1313	667884
1314	668933
1315	669748
1316	670149
1317	671467
1318	671593
1319	671625
1320	672099
1321	672314
1322	673179
1323	673221
1324	673435
1325	673809
1326	674214
1327	674302
1328	674733
1329	674872
1330	675269
1331	676028
1332	676039
1333	676403
1334	676550
1335	676588
1336	677078
1337	677454
1338	678394
1339	678417
1340	678442
1341	679317
1342	679422
1343	679928
1344	681385
1345	681899
1346	682863
1347	683156
1348	683400
1349	683417
1350	684240
1351	684843
1352	685721
1353	686532
1354	687694
1355	687849
1356	688125
1357	688429
1358	688492
1359	688923
1360	688973
1361	688992
1362	689182
1363	689308
1364	689398
1365	689525
1366	689611
1367	690153
1368	691071
1369	692122
1370	692134
1371	692241
1372	692249
1373	692931
1374	693058
1375	693320
1376	695754
1377	695823
1378	695860
1379	696123
1380	696338
1381	696450
1382	696697
1383	697059
1384	697071
1385	697119
1386	697367
1387	697589
1388	697631
1389	697721
1390	697955
1391	697964
1392	698019
1393	700480
1394	700729
1395	700795
1396	701008
1397	701022
1398	701034
1399	701203
1400	701494
1401	701521
1402	701615
1403	703511
1404	703520
1405	703544
1406	703595
1407	704211
1408	704453
1409	704829
1410	704904
1411	704989
1412	705115
1413	705169
1414	705335
1415	705355
1416	705647
1417	706439
1418	706484
1419	706900
1420	706924
1421	706962
1422	707082
1423	708139
1424	708316
1425	708717
1426	709511
1427	709661
1428	709736
1429	709742
1430	709910
1431	710052
1432	710067
1433	710242
1434	710441
1435	712287
1436	712301
1437	712773
1438	714393
1439	714639
1440	714669
1441	714822
1442	715047
1443	715341
1444	715515
1445	715923
1446	716049
1447	716099
1448	716448
1449	716572
1450	716633
1451	717386
1452	717519
1453	717648
1454	717666
1455	717716
1456	717754
1457	718326
1458	718460
1459	718515
1460	718638
1461	718664
1462	718685
1463	718713
1464	718855
1465	718939
1466	719194
1467	719804
1468	720272
1469	721706
1470	723304
1471	723747
1472	724059
1473	726082
1474	726151
1475	729282
1476	729329
1477	729331
1478	729942
1479	730422
1480	730428
1481	730437
1482	730473
1483	730575
1484	730583
1485	730605
1486	730629
1487	730668
1488	730731
1489	731568
1490	731637
1491	731649
1492	731679
1493	731682
1494	731754
1495	731811
1496	732655
1497	734107
1498	734119
1499	734235
1500	734703
1501	741131
1502	741579
1503	742058
1504	742379
1505	742411
1506	742977
1507	745943
1508	746030
1509	746448
1510	746818
1511	747110
1512	749746
1513	749799
1514	749866
1515	749953
1516	750298
1517	750494
1518	751985
1519	755362
1520	756879
1521	757257
1522	757310
1523	757369
1524	757411
1525	757417
1526	757421
1527	757435
1528	757459
1529	758280
1530	758584
1531	758616
1532	758671
1533	758704
1534	758707
1535	758710
1536	758728
1537	758755
1538	758806
1539	758920
1540	759721
1541	763238
1542	763298
1543	763358
1544	763394
1545	763487
1546	763592
1547	763610
1548	763682
1549	764919
1550	770036
1551	770059
1552	770132
1553	770204
1554	770216
1555	770335
1556	772542
1557	783102
1558	783635
1559	796940
1560	798058
1561	798364
1562	799051
1563	799061
1564	799069
1565	799081
1566	799084
1567	799167
1568	799426
1569	799552
1570	799618
1571	799636
1572	799736
1573	799765
1574	799870
1575	800074
1576	800104
1577	800291
1578	800294
1579	800339
1580	800364
1581	800379
1582	800833
1583	800911
1584	801028
1585	801166
1586	801978
1587	807308
1588	808822
1589	812493
1590	812590
1591	812665
1592	818030
1593	818577
1594	818712
1595	819260
1596	819845
1597	820053
1598	820077
1599	820125
1600	820176
1601	828283
1602	830035
1603	830180
1604	830241
1605	830242
1606	830317
1607	830392
1608	830456
1609	830745
1610	830781
1611	830965
1612	830970
1613	831012
1614	831084
1615	831177
1616	831222
1617	831304
1618	832957
1619	836318
1620	838753
1621	847574
1622	849489
1623	849550
1624	849572
1625	849644
1626	849695
1627	849839
1628	849956
1629	850058
1630	850231
1631	855950
1632	856381
1633	856419
1634	857528
1635	857864
1636	858023
1637	858539
1638	858674
1639	860282
1640	861002
1641	863605
1642	863938
1643	863995
1644	864139
1645	864445
1646	866640
1647	866652
1648	867358
1649	867364
1650	867421
1651	867720
1652	868033
1653	868054
1654	868065
1655	868087
1656	868099
1657	868510
1658	868651
1659	868723
1660	868735
1661	868771
1662	869088
1663	869180
1664	869187
1665	869195
1666	869262
1667	869301
1668	869327
1669	869559
1670	869618
1671	869761
1672	869825
1673	870369
1674	870414
1675	870432
1676	870513
1677	870516
1678	870573
1679	870591
1680	870698
1681	870762
1682	870849
1683	870870
1684	870939
1685	870947
1686	871094
1687	871139
1688	871183
1689	871233
1690	871239
1691	871244
1692	872464
1693	872557
1694	873324
1695	873464
1696	873714
1697	873812
1698	874240
1699	874588
1700	874753
1701	875062
1702	875386
1703	876054
1704	876257
1705	876479
1706	876626
1707	876631
1708	877538
1709	877577
1710	877725
1711	877943
1712	878702
1713	878805
1714	879163
1715	880013
1716	880245
1717	880359
1718	882421
1719	882436
1720	882787
1721	883087
1722	883222
1723	883779
1724	884071
1725	884338
1726	884950
1727	885747
1728	885916
1729	886546
1730	886863
1731	887017
1732	887588
1733	889255
1734	890179
1735	891176
1736	892162
1737	892213
1738	892943
1739	893073
1740	893102
1741	893192
1742	893246
1743	893255
1744	893527
1745	895030
1746	895414
1747	895807
1748	896255
1749	896748
1750	897170
1751	897204
1752	897888
1753	897939
1754	898138
1755	898223
1756	899692
1757	899745
1758	899807
1759	900328
1760	901033
1761	901085
1762	901109
1763	901186
1764	901319
1765	901408
1766	901726
1767	901730
1768	901745
1769	901765
1770	901766
1771	901816
1772	901991
1773	902001
1774	903554
1775	903617
1776	904491
1777	904611
1778	905007
1779	905124
1780	905184
1781	906230
1782	906253
1783	906256
1784	906323
1785	906379
1786	906520
1787	906523
1788	907110
1789	907440
1790	907466
1791	907470
1792	907626
1793	908018
1794	908286
1795	908603
1796	909165
1797	909343
1798	909344
1799	909406
1800	917868
1801	917917
1802	917920
1803	917922
1804	917935
1805	917950
1806	917955
1807	917962
1808	917983
1809	918055
1810	941295
1811	941446
1812	941694
1813	941906
1814	942019
1815	942196
1816	947355
1817	948006
1818	948224
1819	948357
1820	948702
1821	948802
1822	948840
1823	948948
1824	950622
1825	951498
1826	951721
1827	952105
1828	952560
1829	953889
1830	953946
1831	954467
1832	954827
1833	955175
1834	963942
1835	964156
1836	965229
1837	965415
1838	965464
1839	965502
1840	965975
1841	965999
1842	966567
1843	966581
1844	966765
1845	966846
1846	966906
1847	968936
1848	968972
1849	969102
1850	969188
1851	969314
1852	969557
1853	969656
1854	969715
1855	974409
1856	974412
1857	975210
1858	975240
1859	975312
1860	975384
1861	975675
1862	975873
1863	975891
1864	975929
1865	976312
1866	976474
1867	976475
1868	976567
1869	976582
1870	976606
1871	976666
1872	976730
1873	976933
1874	977206
1875	977446
1876	977659
1877	978147
1878	978229
1879	978718
1880	979366
1881	979423
1882	979576
1883	979675
1884	979708
1885	979759
1886	979837
1887	979978
1888	980125
1889	980351
1890	980671
1891	980764
1892	981156
1893	981702
1894	981860
1895	982428
1896	982527
1897	982611
1898	982857
1899	983154
1900	983169
1901	984152
1902	984718
1903	984841
1904	985862
1905	985880
1906	985899
1907	985982
1908	986000
1909	986027
1910	986030
1911	986070
1912	986114
1913	986123
1914	986132
1915	992325
1916	992644
1917	993736
1918	993990
1919	994291
1920	994389
1921	994398
1922	994461
1923	994641
1924	994644
1925	996105
1926	996261
1927	996436
1928	996463
1929	996496
1930	996616
1931	996643
1932	996691
1933	996875
1934	997108
1935	997116
1936	997136
1937	998536
1938	999713
1939	999864
1940	999898
1941	1004956
1942	1005158
1943	1005460
1944	1005693
1945	1005695
1946	1005697
1947	1005715
1948	1006985
1949	1007302
1950	1009253
1951	1009387
1952	1009620
1953	1009744
1954	1009831
1955	1009865
1956	1010040
1957	1010114
1958	1010308
1959	1010434
1960	1010482
1961	1010488
1962	1010629
1963	1010677
1964	1010833
1965	1010963
1966	1011242
1967	1011275
1968	1012026
1969	1012032
1970	1012049
1971	1012359
1972	1012365
1973	1012380
1974	1012503
1975	1012677
1976	1012680
1977	1013095
1978	1013511
1979	1013701
1980	1014947
1981	1015010
1982	1015042
1983	1015057
1984	1015069
1985	1015221
1986	1015310
1987	1015313
1988	1015357
1989	1015377
1990	1015422
1991	1015510
1992	1015517
1993	1015547
1994	1015551
1995	1015685
1996	1015710
1997	1015733
1998	1015769
1999	1015851
2000	1016025
2001	1016133
2002	1016188
2003	1016805
2004	1017353
2005	1017791
2006	1017893
2007	1023442
2008	1023484
2009	1024292
2010	1024371
2011	1024812
2012	1025273
2013	1025597
2014	1025822
2015	1026559
2016	1026582
2017	1026612
2018	1027781
2019	1027869
2020	1029498
2021	1029990
2022	1030132
2023	1030288
2024	1030647
2025	1031203
2026	1032252
2027	1032255
2028	1032273
2029	1032291
2030	1032317
2031	1032330
2032	1032849
2033	1033149
2034	1033890
2035	1034184
2036	1034193
2037	1034208
2038	1034604
2039	1034727
2040	1034775
2041	1034814
2042	1036085
2043	1036437
2044	1037263
2045	1037379
2046	1037446
2047	1038533
2048	1038536
2049	1038922
2050	1039283
2051	1039523
2052	1039809
2053	1039824
2054	1039854
2055	1039859
2056	1040448
2057	1040499
2058	1040519
2059	1040582
2060	1040601
2061	1040643
2062	1040652
2063	1040812
2064	1043799
2065	1044967
2066	1045825
2067	1046249
2068	1046775
2069	1047206
2070	1047886
2071	1047959
2072	1047991
2073	1047994
2074	1047995
2075	1048021
2076	1048030
2077	1048078
2078	1048126
2079	1048213
2080	1048252
2081	1048292
2082	1048327
2083	1048363
2084	1048372
2085	1048453
2086	1048484
2087	1049594
2088	1050414
2089	1051995
2090	1053965
2091	1055162
2092	1055867
2093	1056272
2094	1058242
2095	1058555
2096	1058611
2097	1058664
2098	1059102
2099	1059639
2100	1060147
2101	1060876
2102	1060894
2103	1061011
2104	1061052
2105	1061056
2106	1061396
2107	1061885
2108	1063872
2109	1067556
2110	1068526
2111	1068637
2112	1068800
2113	1068998
2114	1069124
2115	1069499
2116	1069660
2117	1070802
2118	1071649
2119	1072242
2120	1073209
2121	1073211
2122	1073339
2123	1073347
2124	1073387
2125	1074108
2126	1075421
2127	1075554
2128	1077270
2129	1078205
2130	1078478
2131	1078484
2132	1080291
2133	1080338
2134	1080408
2135	1080485
2136	1080507
2137	1083080
2138	1083083
2139	1085513
2140	1088704
2141	1088806
2142	1088905
2143	1088915
2144	1089034
2145	1089040
2146	1089049
2147	1091577
2148	1094865
2149	1095057
2150	1095106
2151	1095211
2152	1095292
2153	1095343
2154	1095358
2155	1095376
2156	1095487
2157	1095505
2158	1095787
2159	1096153
2160	1096387
2161	1097036
2162	1097738
2163	1098656
2164	1101312
2165	1101437
2166	1101476
2167	1101695
2168	1101734
2169	1101920
2170	1102684
2171	1103083
2172	1103258
2173	1103310
2174	1103327
2175	1103564
2176	1103755
2177	1104742
2178	1104988
2179	1105108
2180	1105543
2181	1105564
2182	1106922
2183	1107323
2184	1107348
2185	1107362
2186	1107537
2187	1107818
2188	1108580
2189	1109223
2190	1110189
2191	1110385
2192	1110640
2193	1110716
2194	1110736
2195	1111637
2196	1111677
2197	1111703
2198	1111713
2199	1111751
2200	1111763
2201	1112186
2202	1112351
2203	1112357
2204	1113030
2205	1113839
2206	1114163
2207	1115236
2208	1115381
2209	1116029
2210	1116157
2211	1116158
2212	1116217
2213	1116456
2214	1116995
2215	1117737
2216	1117813
2217	1117849
2218	1117850
2219	1118164
2220	1118390
2221	1118492
2222	1118494
2223	1118499
2224	1118654
2225	1118791
2226	1118849
2227	1118901
2228	1118981
2229	1119289
2230	1120264
2231	1120318
2232	1120453
2233	1120468
2234	1123149
2235	1123566
2236	1123569
2237	1123608
2238	1123923
2239	1124079
2240	1124121
2241	1124136
2242	1124238
2243	1124461
2244	1125423
2245	1125444
2246	1126108
2247	1126293
2248	1126294
2249	1127281
2250	1127309
2251	1127551
2252	1127554
2253	1127573
2254	1127707
2255	1129461
2256	1129833
2257	1130693
2258	1131038
2259	1133483
2260	1133714
2261	1134742
2262	1134746
2263	1134892
2264	1135451
2265	1135477
2266	1135559
2267	1135571
2268	1135579
2269	1135920
2270	1136553
2271	1136649
2272	1136996
2273	1138148
2274	1139535
2275	1140008
2276	1140393
2277	1140396
2278	1141389
2279	1142229
2280	1142240
2281	1143188
2282	1144209
2283	1144640
2284	1146287
2285	1147340
2286	1147817
2287	1148150
2288	1148783
2289	1149603
2290	1149994
2291	1150038
2292	1150042
2293	1150264
2294	1150500
2295	1151113
2296	1152020
2297	1153187
2298	1155476
2299	1155837
2300	1155855
2301	1155973
2302	1156277
2303	1156496
2304	1156862
2305	1157492
2306	1157587
2307	1157621
2308	1157662
2309	1157774
2310	1158089
2311	1158554
2312	1158692
2313	1159131
2314	1159182
2315	1159652
2316	1160097
2317	1160112
2318	1160163
2319	1160250
2320	1160276
2321	1160322
2322	1160469
2323	1160936
2324	1161475
2325	1161844
2326	1162053
2327	1162069
2328	1162077
2329	1162083
2330	1162179
2331	1162299
2332	1162311
2333	1162359
2334	1162410
2335	1162632
2336	1162678
2337	1165011
2338	1165728
2339	1214551
2340	1277485
2341	1277670
2342	1278057
2343	1278349
2344	1290655
2345	1294344
2346	1294371
2347	1294383
2348	1294403
2349	1294454
2350	1294502
2351	1294523
2352	1294535
2353	1294538
2354	1294595
2355	1294601
2356	1295712
2357	1295718
2358	1295720
2359	1295737
2360	1301582
2361	1301591
2362	1301627
2363	1301633
2364	1302784
2365	1302794
2366	1302827
2367	1302833
2368	1303383
2369	1303389
2370	1303425
2371	1303434
2372	1303437
2373	1303449
2374	1303479
2375	1303494
2376	1303647
2377	1303725
2378	1303739
2379	1303778
2380	1303790
2381	1303878
2382	1303884
2383	1308177
2384	1310132
2385	1310251
2386	1310943
2387	1311391
2388	1311459
2389	1311460
2390	1311693
2391	1312998
2392	1313669
2393	1313709
2394	1313713
2395	1313719
2396	1313784
2397	1313893
2398	1314038
2399	1314101
2400	1314120
2401	1315649
2402	1315650
2403	1316014
2404	1317338
2405	1320012
2406	1320641
2407	1320646
2408	1320647
2409	1320791
2410	1320933
2411	1320999
2412	1321152
2413	1321608
2414	1322165
2415	1322390
2416	1322652
2417	1323799
2418	1324414
2419	1325565
2420	1325882
2421	1326111
2422	1326226
2423	1326415
2424	1326439
2425	1326459
2426	1326663
2427	1326664
2428	1326991
2429	1326996
2430	1327225
2431	1327414
2432	1327832
2433	1328405
2434	1329218
2435	1330600
2436	1330688
2437	1330691
2438	1352214
2439	1352451
2440	1357203
2441	1357266
2442	1357278
2443	1357402
2444	1357434
2445	1357494
2446	1357854
2447	1358868
2448	1358965
2449	1359475
2450	1360159
2451	1360173
2452	1360181
2453	1360228
2454	1360232
2455	1360370
2456	1360371
2457	1360572
2458	1360691
2459	1360740
2460	1360902
2461	1361027
2462	1361538
2463	1361804
2464	1361925
2465	1362381
2466	1362404
2467	1362537
2468	1362554
2469	1363082
2470	1363859
2471	1364169
2472	1364528
2473	1364540
2474	1364552
2475	1364564
2476	1364717
2477	1370297
2478	1370930
2479	1372100
2480	1372141
2481	1372418
2482	1372433
2483	1372438
2484	1372442
2485	1372474
2486	1372541
2487	1372584
2488	1372731
2489	1372880
2490	1372883
2491	1373006
2492	1373024
2493	1373045
2494	1373049
2495	1373101
2496	1373125
2497	1373164
2498	1373334
2499	1373395
2500	1373530
2501	1373668
2502	1373683
2503	1373722
2504	1373811
2505	1374816
2506	1374820
2507	1375011
2508	1375017
2509	1375181
2510	1376029
2511	1376592
2512	1377042
2513	1377093
2514	1377377
2515	1377389
2516	1377453
2517	1377457
2518	1377553
2519	1377906
2520	1378222
2521	1378458
2522	1379244
2523	1379477
2524	1379702
2525	1379854
2526	1379981
2527	1380491
2528	1380887
2529	1380906
2530	1381270
2531	1381418
2532	1381447
2533	1381507
2534	1381535
2535	1381585
2536	1381630
2537	1381666
2538	1381668
2539	1381728
2540	1381888
2541	1381915
2542	1381942
2543	1382293
2544	1383264
2545	1383333
2546	1383598
2547	1383784
2548	1383821
2549	1384204
2550	1384251
2551	1384414
2552	1384447
2553	1384494
2554	1384918
2555	1385980
2556	1386772
2557	1387837
2558	1387861
2559	1388194
2560	1396371
2561	1396413
2562	1396756
2563	1397443
2564	1397464
2565	1398225
2566	1398282
2567	1398340
2568	1398862
2569	1399034
2570	1399187
2571	1399681
2572	1400423
2573	1400462
2574	1400513
2575	1400742
2576	1400869
2577	1401468
2578	1401777
2579	1401815
2580	1401826
2581	1401848
2582	1402158
2583	1402248
2584	1402719
2585	1403385
2586	1404535
2587	1404650
2588	1404701
2589	1404740
2590	1405461
2591	1405510
2592	1405512
2593	1405523
2594	1405539
2595	1405865
2596	1405980
2597	1405994
2598	1406010
2599	1406037
2600	1406790
2601	1406856
2602	1406988
2603	1407021
2604	1407205
2605	1407276
2606	1407674
2607	1407797
2608	1407798
2609	1408327
2610	1409808
2611	1409931
2612	1409977
2613	1410031
2614	1410390
2615	1410820
2616	1411014
2617	1411272
2618	1411304
2619	1411398
2620	1411782
2621	1412887
2622	1414452
2623	1414987
2624	1415262
2625	1416145
2626	1416654
2627	1417126
2628	1417506
2629	1418621
2630	1418853
2631	1418961
2632	1419045
2633	1419099
2634	1422738
2635	1423209
2636	1424843
2637	1426630
2638	1427088
2639	1427642
2640	1428149
2641	1430017
2642	1430617
2643	1430674
2644	1430698
2645	1430734
2646	1430803
2647	1430857
2648	1430923
2649	1431573
2650	1432008
2651	1432011
2652	1432282
2653	1432367
2654	1433908
2655	1433955
2656	1434057
2657	1434111
2658	1434468
2659	1434646
2660	1434658
2661	1434661
2662	1434672
2663	1434688
2664	1434821
2665	1434996
2666	1435066
2667	1435078
2668	1435082
2669	1435147
2670	1435174
2671	1435199
2672	1435222
2673	1435237
2674	1435273
2675	1435288
2676	1435291
2677	1435438
2678	1435456
2679	1435522
2680	1435559
2681	1436203
2682	1436269
2683	1436534
2684	1436632
2685	1436739
2686	1436767
2687	1437271
2688	1437847
2689	1437931
2690	1437946
2691	1438049
2692	1438392
2693	1438900
2694	1440022
2695	1440443
2696	1440715
2697	1440943
2698	1441924
2699	1442378
2700	1442399
2701	1442402
2702	1442414
2703	1442453
2704	1442507
2705	1442513
2706	1442564
2707	1442616
2708	1442627
2709	1442690
2710	1443083
2711	1444518
2712	1444519
2713	1444528
2714	1444529
2715	1444540
2716	1444592
2717	1444625
2718	1444632
2719	1444651
2720	1444677
2721	1444678
2722	1445140
2723	1445480
2724	1445531
2725	1445561
2726	1445576
2727	1445606
2728	1445635
2729	1445710
2730	1445909
2731	1446244
2732	1446256
2733	1446262
2734	1446930
2735	1447619
2736	1447661
2737	1447679
2738	1448245
2739	1448929
2740	1449039
2741	1449109
2742	1449505
2743	1449548
2744	1451129
2745	1451370
2746	1451565
2747	1451734
2748	1452055
2749	1452539
2750	1452755
2751	1452768
2752	1452794
2753	1452940
2754	1453130
2755	1453275
2756	1453287
2757	1454007
2758	1454127
2759	1454244
2760	1454356
2761	1454787
2762	1454895
2763	1454934
2764	1454956
2765	1454961
2766	1455915
2767	1455931
2768	1455977
2769	1456015
2770	1457398
2771	1458995
2772	1459304
2773	1459964
2774	1459986
2775	1460655
2776	1460664
2777	1461544
2778	1462090
2779	1462609
2780	1462984
2781	1463522
2782	1465067
2783	1465069
2784	1465086
2785	1465144
2786	1465166
2787	1465764
2788	1466153
2789	1466734
2790	1466932
2791	1466989
2792	1467022
2793	1467802
2794	1467907
2795	1468002
2796	1469288
2797	1469438
2798	1469705
2799	1469943
2800	1470065
2801	1472125
2802	1472839
2803	1473656
2804	1475113
2805	1475143
2806	1475170
2807	1475213
2808	1475285
2809	1475324
2810	1475326
2811	1475387
2812	1475395
2813	1475404
2814	1475434
2815	1475455
2816	1475497
2817	1475500
2818	1476498
2819	1476541
2820	1476553
2821	1476556
2822	1476598
2823	1476616
2824	1476706
2825	1476793
2826	1476829
2827	1476869
2828	1476920
2829	1476922
2830	1476981
2831	1476992
2832	1478471
2833	1479214
2834	1479267
2835	1479311
2836	1479526
2837	1479962
2838	1480200
2839	1480352
2840	1480442
2841	1480490
2842	1480500
2843	1480573
2844	1480621
2845	1480630
2846	1480774
2847	1480864
2848	1480942
2849	1481774
2850	1481827
2851	1482428
2852	1482764
2853	1483517
2854	1483998
2855	1485592
2856	1485690
2857	1486239
2858	1486413
2859	1488850
2860	1489093
2861	1489986
2862	1490665
2863	1492201
2864	1492249
2865	1492583
2866	1492586
2867	1492604
2868	1492613
2869	1492652
2870	1493552
2871	1494409
2872	1497561
2873	1498131
2874	1498494
2875	1498994
2876	1499451
2877	1499606
2878	1500430
2879	1500556
2880	1500569
2881	1500727
2882	1501600
2883	1501732
2884	1502269
2885	1502278
2886	1502317
2887	1502319
2888	1502385
2889	1502418
2890	1503777
2891	1503828
2892	1503998
2893	1504016
2894	1504087
2895	1504201
2896	1505213
2897	1505317
2898	1505800
2899	1505818
2900	1505937
2901	1505968
2902	1506009
2903	1506122
2904	1506140
2905	1506166
2906	1506169
2907	1506184
2908	1506187
2909	1506207
2910	1506605
2911	1506748
2912	1507421
2913	1507523
2914	1508458
2915	1508523
2916	1508578
2917	1508725
2918	1508759
2919	1508830
2920	1508852
2921	1508917
2922	1508957
2923	1508987
2924	1509138
2925	1512339
2926	1512556
2927	1513324
2928	1513594
2929	1515322
2930	1515413
2931	1515908
2932	1515933
2933	1515955
2934	1516011
2935	1516394
2936	1517024
2937	1527816
2938	1527888
2939	1527976
2940	1528548
2941	1528550
2942	1528713
2943	1535041
2944	1535122
2945	1535216
2946	1535283
2947	1535286
2948	1535302
2949	1535308
2950	1535364
2951	1535466
2952	1535502
2953	1535595
2954	1535718
2955	1535886
2956	1535958
2957	1535991
2958	1536495
2959	1536507
2960	1536519
2961	1536534
2962	1536567
2963	1536582
2964	1537375
2965	1537399
2966	1537526
2967	1537527
2968	1537627
2969	1537681
2970	1537709
2971	1537859
2972	1538051
2973	1538060
2974	1538177
2975	1538482
2976	1538782
2977	1538853
2978	1538998
2979	1539188
2980	1539241
2981	1539253
2982	1540392
2983	1540435
2984	1540447
2985	1540467
2986	1540534
2987	1540555
2988	1540561
2989	1542024
2990	1545398
2991	1545419
2992	1545482
2993	1545503
2994	1545509
2995	1546217
2996	1546521
2997	1546573
2998	1546586
2999	1546690
3000	1546837
3001	1546906
3002	1546947
3003	1547054
3004	1547113
3005	1547170
3006	1547182
3007	1547212
3008	1547230
3009	1547269
3010	1547290
3011	1547293
3012	1547545
3013	1548277
3014	1548895
3015	1549234
3016	1549474
3017	1549806
3018	1550073
3019	1550393
3020	1550429
3021	1550650
3022	1550962
3023	1552007
3024	1552013
3025	1552044
3026	1552152
3027	1552339
3028	1552369
3029	1552416
3030	1552491
3031	1552593
3032	1552890
3033	1552899
3034	1553331
3035	1555874
3036	1556240
3037	1556273
3038	1556998
3039	1557328
3040	1557664
3041	1557685
3042	1557829
3043	1558036
3044	1558279
3045	1558288
3046	1558549
3047	1559744
3048	1559913
3049	1560867
3050	1561792
3051	1562076
3052	1562091
3053	1562139
3054	1562208
3055	1562310
3056	1562313
3057	1562338
3058	1562370
3059	1562379
3060	1562415
3061	1562427
3062	1562496
3063	1562607
3064	1562643
3065	1562731
3066	1562754
3067	1562784
3068	1562796
3069	1562880
3070	1563031
3071	1564131
3072	1564606
3073	1565129
3074	1565790
3075	1568095
3076	1568702
3077	1568950
3078	1569307
3079	1569499
3080	1571167
3081	1571397
3082	1571816
3083	1572581
3084	1573767
3085	1573786
3086	1574443
3087	1574460
3088	1574461
3089	1574668
3090	1574790
3091	1574830
3092	1575699
3093	1575716
3094	1576025
3095	1576322
3096	1576344
3097	1578054
3098	1578111
3099	1580517
3100	1581185
3101	1582148
3102	1582691
3103	1583016
3104	1583478
3105	1583538
3106	1584369
3107	1584732
3108	1584897
3109	1585070
3110	1585268
3111	1585442
3112	1586170
3113	1586324
3114	1586597
3115	1587275
3116	1587827
3117	1587850
3118	1587995
3119	1588784
3120	1589057
3121	1589712
3122	1590829
3123	1590937
3124	1590967
3125	1590973
3126	1590991
3127	1591006
3128	1591012
3129	1591033
3130	1591036
3131	1591054
3132	1591322
3133	1591589
3134	1591601
3135	1592902
3136	1594382
3137	1594468
3138	1594835
3139	1594966
3140	1594987
3141	1595613
3142	1596169
3143	1596807
3144	1596846
3145	1597066
3146	1597393
3147	1597507
3148	1597743
3149	1597891
3150	1598760
3151	1598764
3152	1598854
3153	1598899
3154	1599109
3155	1599281
3156	1599504
3157	1599652
3158	1599673
3159	1599715
3160	1600051
3161	1600207
3162	1600558
3163	1600805
3164	1601484
3165	1602179
3166	1602257
3167	1602365
3168	1602775
3169	1602979
3170	1603770
3171	1603776
3172	1604831
3173	1604852
3174	1604933
3175	1605143
3176	1605778
3177	1606987
3178	1607344
3179	1607769
3180	1609453
3181	1609743
3182	1610126
3183	1610303
3184	1610381
3185	1610399
3186	1610411
3187	1610432
3188	1610539
3189	1610624
3190	1610663
3191	1610755
3192	1610864
3193	1610891
3194	1610898
3195	1610918
3196	1612048
3197	1612095
3198	1612254
3199	1612497
3200	1612885
3201	1612965
3202	1613504
3203	1613570
3204	1613634
3205	1613720
3206	1613754
3207	1614189
3208	1614345
3209	1614485
3210	1615750
3211	1616923
3212	1617760
3213	1618384
3214	1618458
3215	1618654
3216	1619762
3217	1620180
3218	1620256
3219	1620530
3220	1621193
3221	1621327
3222	1621345
3223	1621393
3224	1621427
3225	1621477
3226	1621585
3227	1621667
3228	1622684
3229	1623007
3230	1623032
3231	1624521
3232	1624991
3233	1625222
3234	1625371
3235	1626745
3236	1628978
3237	1630609
3238	1631451
3239	1631810
3240	1634749
3241	1634895
3242	1635025
3243	1636106
3244	1636617
3245	1637174
3246	1637709
3247	1638108
3248	1638617
3249	1643988
3250	1644026
3251	1644038
3252	1644083
3253	1644128
3254	1644129
3255	1644230
3256	1644245
3257	1644263
3258	1644943
3259	1645084
3260	1645235
3261	1645546
3262	1645594
3263	1645697
3264	1645943
3265	1645968
3266	1647025
3267	1647676
3268	1647713
3269	1647902
3270	1647981
3271	1648902
3272	1649158
3273	1649330
3274	1649404
3275	1649483
3276	1649561
3277	1649568
3278	1649620
3279	1649726
3280	1650575
3281	1653436
3282	1653574
3283	1654072
3284	1654213
3285	1657551
3286	1657967
3287	1658785
3288	1659246
3289	1662322
3290	1662657
3291	1662802
3292	1663524
3293	1663995
3294	1664397
3295	1664504
3296	1664890
3297	1665118
3298	1665891
3299	1666156
3300	1666747
3301	1666876
3302	1666937
3303	1666952
3304	1667495
3305	1667693
3306	1668023
3307	1668356
3308	1668395
3309	1668428
3310	1668539
3311	1668631
3312	1668790
3313	1668854
3314	1668875
3315	1668980
3316	1669484
3317	1669582
3318	1671081
3319	1671246
3320	1673486
3321	1673687
3322	1674108
3323	1674215
3324	1674418
3325	1674613
3326	1674671
3327	1674681
3328	1674684
3329	1674690
3330	1674985
3331	1675201
3332	1675528
3333	1675787
3334	1676185
3335	1676530
3336	1676646
3337	1677285
3338	1677747
3339	1678699
3340	1678894
3341	1679350
3342	1679591
3343	1679684
3344	1679917
3345	1680322
3346	1680466
3347	1680564
3348	1680649
3349	1681074
3350	1681077
3351	1681081
3352	1681199
3353	1681353
3354	1681507
3355	1681719
3356	1681726
3357	1681813
3358	1682208
3359	1682804
3360	1683208
3361	1683593
3362	1684513
3363	1684605
3364	1684612
3365	1684633
3366	1684645
3367	1684732
3368	1684926
3369	1685125
3370	1685167
3371	1685630
3372	1686140
3373	1686205
3374	1686289
3375	1686406
3376	1686958
3377	1687447
3378	1688643
3379	1688880
3380	1689085
3381	1689095
3382	1689411
3383	1689572
3384	1689907
3385	1690009
3386	1690081
3387	1690109
3388	1690228
3389	1690232
3390	1690244
3391	1690331
3392	1690708
3393	1691144
3394	1691480
3395	1691786
3396	1691846
3397	1692044
3398	1692165
3399	1692902
3400	1692968
3401	1692977
3402	1693097
3403	1693154
3404	1693210
3405	1693959
3406	1694397
3407	1694601
3408	1694733
3409	1695042
3410	1695435
3411	1696490
3412	1696528
3413	1696918
3414	1697114
3415	1697117
3416	1697243
3417	1698012
3418	1698422
3419	1699337
3420	1699616
3421	1699829
3422	1700855
3423	1700910
3424	1701641
3425	1701695
3426	1701994
3427	1702055
3428	1702075
3429	1702290
3430	1702973
3431	1703501
3432	1703993
3433	1704028
3434	1704169
3435	1704524
3436	1706260
3437	1708859
3438	1709088
3439	1709266
3440	1709410
3441	1710701
3442	1711251
3443	1711447
3444	1711448
3445	1711523
3446	1723121
3447	1723157
3448	1723235
3449	1723271
3450	1723298
3451	1724337
3452	1724442
3453	1725314
3454	1726055
3455	1726173
3456	1726221
3457	1726233
3458	1726248
3459	1726266
3460	1726441
3461	1726455
3462	1726547
3463	1727289
3464	1729320
3465	1729433
3466	1729716
3467	1729790
3468	1731044
3469	1731916
3470	1731928
3471	1732075
3472	1732375
3473	1732600
3474	1732729
3475	1732993
3476	1733008
3477	1733221
3478	1733519
3479	1733641
3480	1733897
3481	1734141
3482	1734276
3483	1734738
3484	1734765
3485	1734879
3486	1735077
3487	1735836
3488	1736020
3489	1736664
3490	1736833
3491	1736933
3492	1738246
3493	1738636
3494	1738828
3495	1741105
3496	1741192
3497	1741208
3498	1741219
3499	1741258
3500	1741279
3501	1744364
3502	1745173
3503	1745557
3504	1752385
3505	1752739
3506	1753009
3507	1753054
3508	1753141
3509	1753400
3510	1753903
3511	1754648
3512	1754878
3513	1754944
3514	1754965
3515	1755812
3516	1756255
3517	1756461
3518	1756929
3519	1757437
3520	1757473
3521	1757505
3522	1757566
3523	1757608
3524	1757803
3525	1757839
3526	1757931
3527	1758044
3528	1758097
3529	1758799
3530	1758919
3531	1759553
3532	1759682
3533	1760252
3534	1760291
3535	1761179
3536	1761231
3537	1761320
3538	1761514
3539	1761605
3540	1762148
3541	1762413
3542	1762621
3543	1763275
3544	1763461
3545	1763799
3546	1765260
3547	1765298
3548	1765410
3549	1765936
3550	1765954
3551	1766402
3552	1767047
3553	1767768
3554	1768797
3555	1768911
3556	1769639
3557	1769835
3558	1770033
3559	1770098
3560	1770203
3561	1770242
3562	1771483
3563	1773499
3564	1773766
3565	1773789
3566	1775025
3567	1776877
3568	1777908
3569	1778685
3570	1779075
3571	1780209
3572	1780779
3573	1781209
3574	1781676
3575	1781942
3576	1783479
3577	1784193
3578	1784213
3579	1784258
3580	1784983
3581	1786023
3582	1786242
3583	1786930
3584	1786978
3585	1787221
3586	1787304
3587	1787428
3588	1787541
3589	1788973
3590	1789228
3591	1789294
3592	1789295
3593	1789579
3594	1789580
3595	1789975
3596	1790017
3597	1790545
3598	1790720
3599	1790902
3600	1791521
3601	1791572
3602	1792199
3603	1792375
3604	1792659
3605	1793019
3606	1793591
3607	1794264
3608	1811235
3609	1811524
3610	1811581
3611	1813638
3612	1813863
3613	1814169
3614	1814574
3615	1814651
3616	1814680
3617	1814732
3618	1814768
3619	1814968
3620	1815149
3621	1815344
3622	1815506
3623	1815674
3624	1815791
3625	1815894
3626	1816021
3627	1816033
3628	1816245
3629	1816293
3630	1816404
3631	1816482
3632	1818266
3633	1818626
3634	1818652
3635	1818661
3636	1818959
3637	1819022
3638	1819070
3639	1819117
3640	1819151
3641	1819743
3642	1819974
3643	1820220
3644	1822650
3645	1829601
3646	1829655
3647	1829668
3648	1829777
3649	1829778
3650	1829792
3651	1829840
3652	1833066
3653	1833106
3654	1833115
3655	1833149
3656	1833308
3657	1833332
3658	1833410
3659	1833431
3660	1833515
3661	1833683
3662	1833723
3663	1833740
3664	1833742
3665	1835691
3666	1835881
3667	1835991
3668	1836484
3669	1836655
3670	1837634
3671	1839894
3672	1842443
3673	1842801
3674	1843439
3675	1844107
3676	1844413
3677	1844431
3678	1844463
3679	1844475
3680	1844511
3681	1844526
3682	1845860
3683	1846182
3684	1846407
3685	1846685
3686	1847139
3687	1847264
3688	1847559
3689	1848375
3690	1849150
3691	1849817
3692	1851282
3693	1851292
3694	1851315
3695	1851328
3696	1851545
3697	1851547
3698	1851550
3699	1851552
3700	1851924
3701	1852767
3702	1854591
3703	1854737
3704	1854760
3705	1855376
3706	1855379
3707	1855567
3708	1855611
3709	1856487
3710	1856661
3711	1858458
3712	1858710
3713	1858857
3714	1859648
3715	1859778
3716	1860144
3717	1860190
3718	1860276
3719	1860429
3720	1861851
3721	1861954
3722	1863445
3723	1863451
3724	1864382
3725	1864383
3726	1864456
3727	1864495
3728	1864503
3729	1864532
3730	1864583
3731	1864616
3732	1864874
3733	1865033
3734	1866218
3735	1866399
3736	1867784
3737	1868219
3738	1868455
3739	1868473
3740	1868548
3741	1868557
3742	1869137
3743	1869427
3744	1869855
3745	1870127
3746	1870787
3747	1870940
3748	1871063
3749	1871372
3750	1871477
3751	1871943
3752	1873795
3753	1874336
3754	1874471
3755	1874600
3756	1874800
3757	1874918
3758	1875631
3759	1876103
3760	1876138
3761	1876540
3762	1876621
3763	1876627
3764	1878417
3765	1878470
3766	1879255
3767	1879294
3768	1879513
3769	1879515
3770	1879565
3771	1879711
3772	1879783
3773	1879971
3774	1879983
3775	1880081
3776	1880176
3777	1880594
3778	1881354
3779	1881812
3780	1882237
3781	1882626
3782	1882983
3783	1883281
3784	1883356
3785	1883505
3786	1883610
3787	1883836
3788	1884554
3789	1884974
3790	1885092
3791	1885578
3792	1886002
3793	1886376
3794	1887534
3795	1887592
3796	1887673
3797	1887679
3798	1887685
3799	1887699
3800	1887769
3801	1888372
3802	1888483
3803	1888855
3804	1889322
3805	1889323
3806	1889372
3807	1889494
3808	1890069
3809	1891082
3810	1892730
3811	1892733
3812	1893011
3813	1893156
3814	1893159
3815	1894331
3816	1894905
3817	1895726
3818	1895743
3819	1895778
3820	1895856
3821	1895871
3822	1897979
3823	1898030
3824	1898991
3825	1899693
3826	1899756
3827	1899879
3828	1900339
3829	1901157
3830	1901442
3831	1901877
3832	1901975
3833	1901980
3834	1902004
3835	1902196
3836	1902226
3837	1902438
3838	1902491
3839	1902525
3840	1902681
3841	1902683
3842	1902735
3843	1903250
3844	1903274
3845	1903277
3846	1904191
3847	1905045
3848	1905100
3849	1905257
3850	1905520
3851	1905742
3852	1906284
3853	1906486
3854	1908264
3855	1909408
3856	1910841
3857	1912060
3858	1912090
3859	1912516
3860	1912583
3861	1912918
3862	1913299
3863	1913630
3864	1913768
3865	1919360
3866	1919361
3867	1920325
3868	1920344
3869	1920409
3870	1920419
3871	1920895
3872	1921393
3873	1921435
3874	1921455
3875	1921618
3876	1921713
3877	1921774
3878	1921794
3879	1921823
3880	1921840
3881	1921881
3882	1921953
3883	1922236
3884	1928876
3885	1929130
3886	1930614
3887	1930909
3888	1931111
3889	1931216
3890	1931450
3891	1932097
3892	1932214
3893	1932245
3894	1932250
3895	1932748
3896	1933334
3897	1933456
3898	1934397
3899	1934895
3900	1934916
3901	1935460
3902	1936972
3903	1936985
3904	1937014
3905	1937016
3906	1937195
3907	1937223
3908	1937250
3909	1937574
3910	1937658
3911	1937805
3912	1937823
3913	1937880
3914	1937937
3915	1939996
3916	1940233
3917	1940715
3918	1940826
3919	1941165
3920	1941431
3921	1941709
3922	1941790
3923	1946416
3924	1947928
3925	1948294
3926	1948465
3927	1948555
3928	1948630
3929	1948738
3930	1949005
3931	1949176
3932	1949206
3933	1952569
3934	1955589
3935	1955931
3936	1956558
3937	1957134
3938	1957761
3939	1957875
3940	1958253
3941	1960903
3942	1962020
3943	1962028
3944	1962043
3945	1962060
3946	1962098
3947	1962152
3948	1962606
3949	1962805
3950	1962809
3951	1963329
3952	1963395
3953	1963398
3954	1963419
3955	1963967
3956	1964277
3957	1965072
3958	1965093
3959	1965108
3960	1965124
3961	1965133
3962	1965668
3963	1965764
3964	1965773
3965	1965788
3966	1965791
3967	1965860
3968	1965862
3969	1965889
3970	1965906
3971	1968874
3972	1968947
3973	1972163
3974	1973732
3975	1977054
3976	1978074
3977	1978172
3978	1978393
3979	1978409
3980	1978657
3981	1979508
3982	1979890
3983	1979944
3984	1980211
3985	1980444
3986	1980563
3987	1980719
3988	1980959
3989	1981441
3990	1981486
3991	1981545
3992	1982254
3993	1983177
3994	1984019
3995	1984072
3996	1984370
3997	1984703
3998	1985485
3999	1985674
4000	1985789
4001	1985791
4002	1985936
4003	1985946
4004	1986483
4005	1986603
4006	1987347
4007	1987881
4008	1988295
4009	1988781
4010	1989026
4011	1989042
4012	1989258
4013	1989430
4014	1989460
4015	1990158
4016	1990410
4017	1990476
4018	1990518
4019	1991191
4020	1991438
4021	1991534
4022	1991636
4023	1991642
4024	1991738
4025	1992785
4026	1993655
4027	1993851
4028	1993874
4029	1993910
4030	1994127
4031	1994298
4032	1994361
4033	1994829
4034	1995400
4035	1995498
4036	1996279
4037	1996485
4038	1996804
4039	1997824
4040	1998831
4041	1999027
4042	1999438
4043	1999687
4044	2000398
4045	2001462
4046	2001523
4047	2002055
4048	2002804
4049	2004102
4050	2004141
4051	2004597
4052	2004602
4053	2004758
4054	2005073
4055	2005219
4056	2005597
4057	2005603
4058	2005606
4059	2005637
4060	2006213
4061	2006333
4062	2006414
4063	2006465
4064	2006639
4065	2006766
4066	2006773
4067	2007100
4068	2007174
4069	2007449
4070	2007796
4071	2008475
4072	2009712
4073	2009778
4074	2010408
4075	2010944
4076	2011816
4077	2011945
4078	2011972
4079	2011975
4080	2012002
4081	2012023
4082	2012026
4083	2012037
4084	2012038
4085	2012050
4086	2012098
4087	2012131
4088	2012203
4089	2012227
4090	2012281
4091	2012447
4092	2012624
4093	2013004
4094	2013050
4095	2013058
4096	2013064
4097	2013109
4098	2013136
4099	2013723
4100	2014493
4101	2014624
4102	2014711
4103	2016123
4104	2016200
4105	2016305
4106	2016370
4107	2016380
4108	2016862
4109	2017066
4110	2017603
4111	2018483
4112	2018691
4113	2019092
4114	2020347
4115	2020411
4116	2020881
4117	2022592
4118	2022942
4119	2024195
4120	2024504
4121	2024708
4122	2024825
4123	2024968
4124	2025395
4125	2025398
4126	2025471
4127	2025662
4128	2025677
4129	2025698
4130	2025716
4131	2025728
4132	2030519
4133	2031158
4134	2031286
4135	2032075
4136	2033548
4137	2035090
4138	2035480
4139	2035560
4140	2041111
4141	2042557
4142	2042776
4143	2042941
4144	2044823
4145	2076085
4146	2076156
4147	2076234
4148	2076266
4149	2076278
4150	2076284
4151	2076336
4152	2076533
4153	2076540
4154	2076551
4155	2077544
4156	2078881
4157	2078891
4158	2080866
4159	2084114
4160	2084537
4161	2086334
4162	2086518
4163	2087802
4164	2088653
4165	2088734
4166	2097301
4167	2105423
4168	2105481
4169	2106028
4170	2107040
4171	2107126
4172	2107533
4173	2107664
4174	2107834
4175	2107840
4176	2107888
4177	2107931
4178	2107959
4179	2108003
4180	2108236
4181	2108278
4182	2108821
4183	2108830
4184	2108860
4185	2108920
4186	2111032
4187	2112924
4188	2113984
4189	2114044
4190	2115262
4191	2115580
4192	2116813
4193	2116992
4194	2117677
4195	2119470
4196	2119530
4197	2122015
4198	2122032
4199	2122057
4200	2123990
4201	2125472
4202	2125528
4203	2125551
4204	2125757
4205	2125811
4206	2126034
4207	2126384
4208	2126702
4209	2126834
4210	2126960
4211	2127362
4212	2127390
4213	2127392
4214	2127485
4215	2127501
4216	2127529
4217	2127540
4218	2127559
4219	2127582
4220	2127605
4221	2127732
4222	2127792
4223	2127819
4224	2127825
4225	2127834
4226	2129137
4227	2131638
4228	2132674
4229	2132860
4230	2133034
4231	2133274
4232	2133286
4233	2133846
4234	2134460
4235	2134535
4236	2134559
4237	2134592
4238	2134679
4239	2134944
4240	2135155
4241	2135199
4242	2135227
4243	2135276
4244	2135315
4245	2135504
4246	2135650
4247	2135898
4248	2135942
4249	2135988
4250	2136054
4251	2136146
4252	2136206
4253	2136248
4254	2136329
4255	2136639
4256	2136750
4257	2136999
4258	2137089
4259	2137397
4260	2137420
4261	2137574
4262	2137863
4263	2137968
4264	2138194
4265	2138388
4266	2138628
4267	2138721
4268	2138748
4269	2140047
4270	2140119
4271	2140140
4272	2140885
4273	2141152
4274	2141199
4275	2141335
4276	2142119
4277	2142133
4278	2142186
4279	2142202
4280	2142212
4281	2142267
4282	2142333
4283	2143241
4284	2143590
4285	2143614
4286	2143635
4287	2143953
4288	2144744
4289	2144777
4290	2145176
4291	2145484
4292	2145485
4293	2145505
4294	2145736
4295	2145748
4296	2145785
4297	2145804
4298	2145815
4299	2145826
4300	2146131
4301	2146785
4302	2148030
4303	2148329
4304	2148368
4305	2149146
4306	2151108
4307	2151645
4308	2151951
4309	2152778
4310	2153125
4311	2153566
4312	2153827
4313	2154047
4314	2154197
4315	2154468
4316	2154739
4317	2154742
4318	2154802
4319	2159508
4320	2159546
4321	2159568
4322	2161065
4323	2165811
4324	2166609
4325	2166782
4326	2167112
4327	2167310
4328	2167412
4329	2167475
4330	2168288
4331	2169951
4332	2171278
4333	2171290
4334	2171374
4335	2171422
4336	2171488
4337	2171655
4338	2171683
4339	2171687
4340	2173264
4341	2173409
4342	2174065
4343	2174196
4344	2174268
4345	2174389
4346	2174769
4347	2174976
4348	2175474
4349	2175726
4350	2175813
4351	2175957
4352	2176199
4353	2176317
4354	2176698
4355	2177365
4356	2177523
4357	2178593
4358	2179379
4359	2179884
4360	2180480
4361	2180629
4362	2181477
4363	2186487
4364	2186511
4365	2186646
4366	2186763
4367	2186972
4368	2187233
4369	2187434
4370	2187516
4371	2187545
4372	2188759
4373	2188930
4374	2189161
4375	2189454
4376	2189519
4377	2191662
4378	2191824
4379	2191866
4380	2191897
4381	2192206
4382	2192208
4383	2192590
4384	2192772
4385	2192808
4386	2192911
4387	2193016
4388	2193030
4389	2193929
4390	2194839
4391	2194946
4392	2194983
4393	2194985
4394	2195224
4395	2195953
4396	2195958
4397	2196121
4398	2196127
4399	2196231
4400	2196232
4401	2196237
4402	2196275
4403	2196766
4404	2196773
4405	2196794
4406	2196820
4407	2196942
4408	2196950
4409	2197061
4410	2197208
4411	2197220
4412	2199795
4413	2200028
4414	2200996
4415	2201147
4416	2201286
4417	2201457
4418	2201565
4419	2202910
4420	2204210
4421	2204218
4422	2204531
4423	2206120
4424	2206235
4425	2206412
4426	2206493
4427	2207565
4428	2207928
4429	2207984
4430	2207985
4431	2208084
4432	2208088
4433	2210353
4434	2210437
4435	2210849
4436	2210851
4437	2211011
4438	2211155
4439	2211684
4440	2211709
4441	2211946
4442	2212057
4443	2212772
4444	2214061
4445	2214064
4446	2214273
4447	2214828
4448	2215444
4449	2215719
4450	2215744
4451	2215749
4452	2215761
4453	2215827
4454	2215862
4455	2216074
4456	2216140
4457	2216272
4458	2216280
4459	2216344
4460	2216486
4461	2216491
4462	2216494
4463	2216509
4464	2216554
4465	2216608
4466	2216655
4467	2216737
4468	2216740
4469	2217127
4470	2217194
4471	2217199
4472	2217236
4473	2217289
4474	2217349
4475	2217530
4476	2217550
4477	2217596
4478	2217615
4479	2217727
4480	2217889
4481	2218171
4482	2218267
4483	2218273
4484	2218350
4485	2218402
4486	2219318
4487	2219453
4488	2219594
4489	2219627
4490	2219888
4491	2220074
4492	2220513
4493	2228184
4494	2229197
4495	2229918
4496	2229948
4497	2229963
4498	2229969
4499	2230701
4500	2231016
4501	2231241
4502	2231292
4503	2231382
4504	2231388
4505	2232863
4506	2233582
4507	2234000
4508	2234140
4509	2234891
4510	2235307
4511	2235889
4512	2235935
4513	2236433
4514	2236983
4515	2239626
4516	2248842
4517	2248929
4518	2248980
4519	2249026
4520	2249039
4521	2249134
4522	2249147
4523	2249165
4524	2249166
4525	2253634
4526	2253692
4527	2254208
4528	2255276
4529	2255612
4530	2255690
4531	2256059
4532	2256462
4533	2256740
4534	2256787
4535	2257322
4536	2257374
4537	2257846
4538	2257921
4539	2258162
4540	2259203
4541	2260676
4542	2260994
4543	2261003
4544	2261477
4545	2263187
4546	2265372
4547	2265578
4548	2266319
4549	2266548
4550	2266965
4551	2267481
4552	2270156
4553	2270279
4554	2273975
4555	2274124
4556	2274195
4557	2274277
4558	2274285
4559	2274306
4560	2274310
4561	2274374
4562	2274477
4563	2274636
4564	2274935
4565	2275023
4566	2276250
4567	2276319
4568	2276715
4569	2277922
4570	2278191
4571	2278192
4572	2278518
4573	2278624
4574	2278671
4575	2278867
4576	2279063
4577	2279085
4578	2279794
4579	2279968
4580	2280528
4581	2284468
4582	2285100
4583	2285546
4584	2287050
4585	2288133
4586	2288342
4587	2289755
4588	2289896
4589	2290639
4590	2291047
4591	2291198
4592	2291413
4593	2292049
4594	2292050
4595	2292623
4596	2292659
4597	2292866
4598	2293496
4599	2294200
4600	2294631
4601	2294953
4602	2295049
4603	2295288
4604	2295442
4605	2295677
4606	2295724
4607	2295727
4608	2296052
4609	2296054
4610	2297095
4611	2297317
4612	2297337
4613	2297848
4614	2298301
4615	2298524
4616	2298538
4617	2298546
4618	2298613
4619	2298662
4620	2298665
4621	2298892
4622	2299052
4623	2299174
4624	2299217
4625	2300500
4626	2300872
4627	2301411
4628	2301412
4629	2301416
4630	2301423
4631	2301425
4632	2301440
4633	2301452
4634	2301508
4635	2301746
4636	2302900
4637	2303063
4638	2303849
4639	2303999
4640	2304077
4641	2304144
4642	2304170
4643	2305075
4644	2305927
4645	2306350
4646	2306791
4647	2306900
4648	2307111
4649	2307240
4650	2307255
4651	2307265
4652	2307431
4653	2307443
4654	2307705
4655	2307720
4656	2307801
4657	2307891
4658	2307894
4659	2307898
4660	2307904
4661	2307950
4662	2307984
4663	2308381
4664	2308719
4665	2309371
4666	2309396
4667	2309474
4668	2309661
4669	2309886
4670	2310987
4671	2310993
4672	2311491
4673	2311533
4674	2311534
4675	2311574
4676	2311731
4677	2311734
4678	2311790
4679	2313611
4680	2313677
4681	2313680
4682	2314556
4683	2314594
4684	2316983
4685	2318421
4686	2319103
4687	2319134
4688	2319172
4689	2319244
4690	2319412
4691	2319513
4692	2319555
4693	2319567
4694	2319574
4695	2319675
4696	2319695
4697	2319697
4698	2319767
4699	2319869
4700	2319890
4701	2319995
4702	2320031
4703	2320053
4704	2320063
4705	2320153
4706	2320161
4707	2320354
4708	2320704
4709	2320849
4710	2321166
4711	2321272
4712	2321287
4713	2321358
4714	2321870
4715	2322016
4716	2322203
4717	2322254
4718	2323467
4719	2323566
4720	2323694
4721	2324003
4722	2324075
4723	2324120
4724	2324150
4725	2324222
4726	2324324
4727	2324361
4728	2324376
4729	2324609
4730	2324666
4731	2324669
4732	2326062
4733	2326071
4734	2326267
4735	2327074
4736	2328122
4737	2336627
4738	2336773
4739	2336890
4740	2337073
4741	2337403
4742	2338758
4743	2338871
4744	2340119
4745	2340222
4746	2340275
4747	2340612
4748	2344533
4749	2344665
4750	2344704
4751	2344734
4752	2344962
4753	2346225
4754	2347301
4755	2347923
4756	2348626
4757	2348698
4758	2348745
4759	2348781
4760	2353092
4761	2353194
4762	2353373
4763	2353897
4764	2353933
4765	2354847
4766	2355531
4767	2355563
4768	2355641
4769	2355702
4770	2356601
4771	2357420
4772	2358557
4773	2358623
4774	2359428
4775	2359486
4776	2360981
4777	2361637
4778	2362128
4779	2364701
4780	2364918
4781	2365106
4782	2365160
4783	2365208
4784	2365349
4785	2365445
4786	2366060
4787	2366113
4788	2366177
4789	2366294
4790	2366474
4791	2366911
4792	2366915
4793	2367026
4794	2367147
4795	2367522
4796	2367540
4797	2367591
4798	2367727
4799	2367867
4800	2367917
4801	2368354
4802	2368727
4803	2368733
4804	2368889
4805	2368970
4806	2368973
4807	2369213
4808	2369435
4809	2369447
4810	2369890
4811	2370196
4812	2370259
4813	2370700
4814	2373086
4815	2373518
4816	2373707
4817	2373872
4818	2373986
4819	2374176
4820	2374177
4821	2374227
4822	2374326
4823	2374345
4824	2374409
4825	2374511
4826	2374520
4827	2374589
4828	2374601
4829	2374637
4830	2374652
4831	2374666
4832	2375327
4833	2376987
4834	2377986
4835	2378084
4836	2378396
4837	2378626
4838	2378860
4839	2378896
4840	2379316
4841	2379349
4842	2379461
4843	2379779
4844	2380235
4845	2380445
4846	2381206
4847	2381766
4848	2382942
4849	2387361
4850	2388245
4851	2389849
4852	2390769
4853	2390781
4854	2390790
4855	2390859
4856	2390931
4857	2390934
4858	2390991
4859	2391354
4860	2392218
4861	2392766
4862	2392863
4863	2393030
4864	2393043
4865	2393340
4866	2393688
4867	2395997
4868	2396033
4869	2396236
4870	2396433
4871	2396443
4872	2396448
4873	2396935
4874	2396941
4875	2397332
4876	2397388
4877	2398468
4878	2399042
4879	2399563
4880	2399707
4881	2399830
4882	2399852
4883	2400292
4884	2400319
4885	2400385
4886	2400747
4887	2400864
4888	2400918
4889	2401128
4890	2401149
4891	2401181
4892	2401209
4893	2401286
4894	2401406
4895	2401799
4896	2402198
4897	2404926
4898	2404974
4899	2404975
4900	2404992
4901	2405037
4902	2405145
4903	2411848
4904	2417463
4905	2419305
4906	2421154
4907	2421409
4908	2421688
4909	2422958
4910	2424579
4911	2430018
4912	2441692
4913	2442309
4914	2442355
4915	2442386
4916	2442403
4917	2442421
4918	2442434
4919	2442513
4920	2442535
4921	2442539
4922	2442574
4923	2442764
4924	2443274
4925	2443755
4926	2444062
4927	2444392
4928	2445359
4929	2445387
4930	2445532
4931	2445895
4932	2447438
4933	2447652
4934	2449164
4935	2449215
4936	2450064
4937	2450425
4938	2450426
4939	2450763
4940	2450957
4941	2450983
4942	2451112
4943	2451144
4944	2451171
4945	2451213
4946	2451227
4947	2451255
4948	2451771
4949	2451793
4950	2451991
4951	2452409
4952	2452631
4953	2452640
4954	2452652
4955	2452895
4956	2453713
4957	2453719
4958	2453746
4959	2453888
4960	2453898
4961	2453901
4962	2454052
4963	2454060
4964	2454244
4965	2454628
4966	2455687
4967	2455949
4968	2456168
4969	2456596
4970	2456915
4971	2456920
4972	2456996
4973	2457001
4974	2457053
4975	2457072
4976	2457321
4977	2457455
4978	2458283
4979	2458407
4980	2458491
4981	2458577
4982	2459589
4983	2459790
4984	2459971
4985	2460774
4986	2460874
4987	2461400
4988	2461728
4989	2461815
4990	2461816
4991	2461967
4992	2462195
4993	2462285
4994	2462369
4995	2462936
4996	2463041
4997	2463627
4998	2463636
4999	2463672
5000	2463681
5001	2463688
5002	2463839
5003	2463846
5004	2463897
5005	2464177
5006	2464459
5007	2465475
5008	2465706
5009	2466033
5010	2466169
5011	2466741
5012	2467143
5013	2467926
5014	2468862
5015	2468877
5016	2469309
5017	2469424
5018	2469873
5019	2470089
5020	2470443
5021	2470825
5022	2471622
5023	2471861
5024	2472266
5025	2472269
5026	2472334
5027	2472530
5028	2472566
5029	2473064
5030	2473348
5031	2473903
5032	2474136
5033	2474196
5034	2474257
5035	2474512
5036	2475318
5037	2475935
5038	2476109
5039	2476286
5040	2476587
5041	2476665
5042	2477272
5043	2477334
5044	2478184
5045	2479246
5046	2479496
5047	2479636
5048	2479726
5049	2479727
5050	2480761
5051	2481166
5052	2481169
5053	2481234
5054	2481430
5055	2481466
5056	2481926
5057	2481964
5058	2481990
5059	2482248
5060	2482506
5061	2483089
5062	2483157
5063	2483444
5064	2483752
5065	2483794
5066	2484107
5067	2485004
5068	2485209
5069	2485341
5070	2485549
5071	2485725
5072	2485787
5073	2485826
5074	2485904
5075	2485966
5076	2486023
5077	2486033
5078	2486142
5079	2486155
5080	2486583
5081	2487523
5082	2488084
5083	2488679
5084	2488689
5085	2488759
5086	2488768
5087	2488794
5088	2488854
5089	2488947
5090	2488985
5091	2489118
5092	2489186
5093	2489357
5094	2489429
5095	2489455
5096	2489468
5097	2489611
5098	2489892
5099	2489897
5100	2490006
5101	2490176
5102	2490389
5103	2490662
5104	2490669
5105	2490670
5106	2490673
5107	2490674
5108	2490682
5109	2490691
5110	2491178
5111	2491401
5112	2491943
5113	2492801
5114	2492997
5115	2493022
5116	2493026
5117	2493059
5118	2493347
5119	2494319
5120	2494482
5121	2494589
5122	2494612
5123	2495162
5124	2495539
5125	2495560
5126	2495607
5127	2497193
5128	2497724
5129	2497955
5130	2498735
5131	2499106
5132	2499961
5133	2500820
5134	2500880
5135	2501583
5136	2502132
5137	2502311
5138	2502475
5139	2503076
5140	2503256
5141	2503605
5142	2503817
5143	2503833
5144	2503892
5145	2503970
5146	2504198
5147	2504288
5148	2504378
5149	2505619
5150	2509139
5151	2509785
5152	2511516
5153	2511758
5154	2512228
5155	2512317
5156	2512328
5157	2512398
5158	2512418
5159	2513154
5160	2514181
5161	2515676
5162	2515874
5163	2516081
5164	2516132
5165	2516678
5166	2517638
5167	2517969
5168	2518207
5169	2518221
5170	2518326
5171	2518347
5172	2520323
5173	2520330
5174	2521157
5175	2522686
5176	2522873
5177	2523061
5178	2524302
5179	2525158
5180	2525458
5181	2525610
5182	2525926
5183	2525935
5184	2525936
5185	2526045
5186	2526080
5187	2526199
5188	2526613
5189	2526949
5190	2527360
5191	2527392
5192	2527785
5193	2529064
5194	2529195
5195	2529210
5196	2529216
5197	2529270
5198	2529396
5199	2529756
5200	2530152
5201	2530276
5202	2530311
5203	2530707
5204	2532081
5205	2532423
5206	2533818
5207	2534814
5208	2534819
5209	2539766
5210	2540172
5211	2540338
5212	2542906
5213	2544548
5214	2544572
5215	2544582
5216	2544601
5217	2544937
5218	2545759
5219	2545924
5220	2545957
5221	2546012
5222	2546413
5223	2546415
5224	2546416
5225	2546982
5226	2547729
5227	2548267
5228	2548382
5229	2548433
5230	2548446
5231	2548458
5232	2548494
5233	2548532
5234	2548533
5235	2548649
5236	2548890
5237	2550063
5238	2550915
5239	2551102
5240	2552109
5241	2552223
5242	2552340
5243	2552364
5244	2552433
5245	2552478
5246	2552502
5247	2552549
5248	2552586
5249	2552598
5250	2553015
5251	2553033
5252	2553579
5253	2553794
5254	2554515
5255	2554662
5256	2554822
5257	2555692
5258	2556144
5259	2556203
5260	2556484
5261	2557245
5262	2558092
5263	2558764
5264	2558859
5265	2559262
5266	2559427
5267	2559981
5268	2560031
5269	2560069
5270	2560097
5271	2560275
5272	2560759
5273	2561256
5274	2561310
5275	2561972
5276	2562654
5277	2562697
5278	2562762
5279	2563694
5280	2563817
5281	2563994
5282	2568451
5283	2568748
5284	2569205
5285	2569314
5286	2569660
5287	2569798
5288	2569847
5289	2569942
5290	2570011
5291	2570040
5292	2570058
5293	2570225
5294	2570500
5295	2570529
5296	2570595
5297	2571336
5298	2571581
5299	2571781
5300	2571994
5301	2572009
5302	2572089
5303	2572342
5304	2573159
5305	2573190
5306	2573211
5307	2573213
5308	2573249
5309	2573649
5310	2573676
5311	2573945
5312	2574307
5313	2574467
5314	2574518
5315	2575514
5316	2576246
5317	2576265
5318	2576949
5319	2577426
5320	2578755
5321	2578904
5322	2579403
5323	2579725
5324	2579992
5325	2579997
5326	2580063
5327	2580069
5328	2580096
5329	2581622
5330	2581939
5331	2582452
5332	2582539
5333	2582823
5334	2582932
5335	2586338
5336	2588252
5337	2589373
5338	2590590
5339	2590658
5340	2591005
5341	2591008
5342	2591017
5343	2591023
5344	2591056
5345	2591110
5346	2591117
5347	2591155
5348	2591170
5349	2591185
5350	2591197
5351	2591256
5352	2592381
5353	2592692
5354	2593082
5355	2594576
5356	2595600
5357	2595739
5358	2596117
5359	2596258
5360	2596853
5361	2597912
5362	2597927
5363	2598071
5364	2598132
5365	2598430
5366	2598437
5367	2598520
5368	2598664
5369	2598941
5370	2599034
5371	2599051
5372	2599142
5373	2599144
5374	2599247
5375	2599275
5376	2599689
5377	2599806
5378	2599923
5379	2600096
5380	2600159
5381	2600262
5382	2600377
5383	2600612
5384	2601326
5385	2601592
5386	2601817
5387	2601886
5388	2603051
5389	2603701
5390	2603804
5391	2603966
5392	2604007
5393	2604911
5394	2605003
5395	2605232
5396	2605252
5397	2606109
5398	2606198
5399	2606317
5400	2607163
5401	2607838
5402	2608057
5403	2608372
5404	2608630
5405	2608831
5406	2610262
5407	2610459
5408	2610514
5409	2616567
5410	2616736
5411	2617551
5412	2617614
5413	2617617
5414	2618001
5415	2619674
5416	2620631
5417	2621434
5418	2622085
5419	2622100
5420	2622121
5421	2622211
5422	2622222
5423	2622259
5424	2622418
5425	2622478
5426	2623011
5427	2623012
5428	2623310
5429	2623340
5430	2623382
5431	2623393
5432	2623779
5433	2625284
5434	2625587
5435	2627352
5436	2627478
5437	2627710
5438	2627764
5439	2627767
5440	2627788
5441	2627806
5442	2627830
5443	2628133
5444	2628172
5445	2628589
5446	2628628
5447	2628661
5448	2628690
5449	2628814
5450	2628884
5451	2630430
5452	2630638
5453	2630864
5454	2630883
5455	2632731
5456	2632764
5457	2632773
5458	2632782
5459	2632794
5460	2632797
5461	2633103
5462	2633106
5463	2633163
5464	2633202
5465	2633238
5466	2633529
5467	2634189
5468	2634252
5469	2634360
5470	2634514
5471	2634924
5472	2634948
5473	2635346
5474	2635388
5475	2635454
5476	2635681
5477	2635745
5478	2637009
5479	2637681
5480	2638040
5481	2640962
5482	2641132
5483	2641403
5484	2641424
5485	2641561
5486	2641813
5487	2641824
5488	2641872
5489	2641912
5490	2642377
5491	2642463
5492	2642654
5493	2642986
5494	2643347
5495	2644208
5496	2644253
5497	2644274
5498	2644370
5499	2644400
5500	2644412
5501	2644432
5502	2644441
5503	2644842
5504	2644846
5505	2644859
5506	2644980
5507	2645079
5508	2645145
5509	2645274
5510	2645427
5511	2645502
5512	2645594
5513	2645643
5514	2645729
5515	2645747
5516	2645771
5517	2645784
5518	2646420
5519	2646606
5520	2646765
5521	2646817
5522	2646910
5523	2646944
5524	2647034
5525	2647049
5526	2647124
5527	2648274
5528	2648276
5529	2648905
5530	2648960
5531	2648987
5532	2648990
5533	2649092
5534	2649116
5535	2649160
5536	2649404
5537	2649711
5538	2650464
5539	2650483
5540	2653374
5541	2655426
5542	2656160
5543	2656400
5544	2656409
5545	2656484
5546	2656485
5547	2656586
5548	2656597
5549	2656658
5550	2656677
5551	2656718
5552	2656730
5553	2661215
5554	2671080
5555	2678072
5556	2679058
5557	2679187
5558	2679585
5559	2679979
5560	2680825
5561	2680902
5562	2681638
5563	2681687
5564	2682071
5565	2682338
5566	2682629
5567	2682776
5568	2683475
5569	2683553
5570	2683698
5571	2683699
5572	2683749
5573	2685178
5574	2687271
5575	2688486
5576	2688705
5577	2688772
5578	2688882
5579	2689056
5580	2689062
5581	2689065
5582	2689111
5583	2689131
5584	2689135
5585	2689221
5586	2689305
5587	2689320
5588	2689342
5589	2689521
5590	2689566
5591	2689593
5592	2689790
5593	2690050
5594	2690475
5595	2690664
5596	2690730
5597	2690748
5598	2690768
5599	2690796
5600	2690942
5601	2690943
5602	2691009
5603	2691036
5604	2692429
5605	2692657
5606	2693534
5607	2693543
5608	2693546
5609	2693675
5610	2693720
5611	2694458
5612	2694482
5613	2694524
5614	2694586
5615	2694871
5616	2695522
5617	2698560
5618	2702981
5619	2703110
5620	2703356
5621	2703471
5622	2703512
5623	2703618
5624	2703714
5625	2703726
5626	2703738
5627	2703762
5628	2703927
5629	2705510
5630	2706122
5631	2706185
5632	2706206
5633	2706569
5634	2706724
5635	2707087
5636	2707426
5637	2707430
5638	2707459
5639	2709858
5640	2710008
5641	2710023
5642	2710104
5643	2710107
5644	2710511
5645	2710780
5646	2710971
5647	2711026
5648	2711119
5649	2712478
5650	2712791
5651	2713114
5652	2713232
5653	2713460
5654	2713625
5655	2713643
5656	2713676
5657	2713694
5658	2713714
5659	2713775
5660	2713976
5661	2714019
5662	2714075
5663	2714084
5664	2714143
5665	2714159
5666	2714174
5667	2714219
5668	2714231
5669	2714237
5670	2714315
5671	2714548
5672	2714570
5673	2716182
5674	2720170
5675	2721187
5676	2721227
5677	2721264
5678	2721272
5679	2721330
5680	2721337
5681	2721370
5682	2721379
5683	2721421
5684	2721447
5685	2721552
5686	2721669
5687	2721735
5688	2721747
5689	2721753
5690	2722529
5691	2724217
5692	2724866
5693	2725074
5694	2726796
5695	2727051
5696	2727108
5697	2727111
5698	2727135
5699	2727198
5700	2727207
5701	2727237
5702	2727357
5703	2730412
5704	2730424
5705	2730451
5706	2730592
5707	2732013
5708	2732064
5709	2733123
5710	2733642
5711	2734012
5712	2734454
5713	2734970
5714	2735886
5715	2738129
5716	2738540
5717	2739051
5718	2740760
5719	2740963
5720	2741591
5721	2742545
5722	2742772
5723	2744663
5724	2744708
5725	2744744
5726	2744747
5727	2744750
5728	2744759
5729	2745526
5730	2745739
5731	2745745
5732	2746021
5733	2748423
5734	2748609
5735	2748960
5736	2749363
5737	2749942
5738	2750593
5739	2750733
5740	2750754
5741	2751320
5742	2751323
5743	2751353
5744	2751386
5745	2751563
5746	2751621
5747	2752349
5748	2753725
5749	2753740
5750	2753953
5751	2754031
5752	2754166
5753	2754313
5754	2754906
5755	2755002
5756	2755332
5757	2755479
5758	2755788
5759	2755983
5760	2756271
5761	2756280
5762	2756385
5763	2756448
5764	2756658
5765	2757043
5766	2757049
5767	2761276
5768	2764974
5769	2765110
5770	2765845
5771	2767866
5772	2767895
5773	2767907
5774	2768207
5775	2768212
5776	2768216
5777	2768258
5778	2768291
5779	2768321
5780	2768330
5781	2768393
5782	2768419
5783	2768432
5784	2768443
5785	2768483
5786	2775274
5787	2778600
5788	2780781
5789	2781776
5790	2781899
5791	2783274
5792	2785500
5793	2786560
5794	2786809
5795	2786889
5796	2786898
5797	2786975
5798	2787042
5799	2787080
5800	2787374
5801	2787436
5802	2787952
5803	2788659
5804	2788761
5805	2789291
5806	2790844
5807	2791047
5808	2791165
5809	2791185
5810	2791201
5811	2791302
5812	2791402
5813	2791471
5814	2791503
5815	2791558
5816	2791559
5817	2791651
5818	2791702
5819	2791732
5820	2791762
5821	2791842
5822	2791928
5823	2791959
5824	2791994
5825	2792168
5826	2792858
5827	2793303
5828	2793558
5829	2793756
5830	2793966
5831	2794252
5832	2794422
5833	2794483
5834	2795510
5835	2795516
5836	2795561
5837	2795564
5838	2795580
5839	2795583
5840	2795609
5841	2795622
5842	2795701
5843	2797281
5844	2797488
5845	2797615
5846	2797621
5847	2797945
5848	2799451
5849	2799774
5850	2800099
5851	2800414
5852	2801227
5853	2801284
5854	2801617
5855	2801758
5856	2801945
5857	2802241
5858	2802433
5859	2802450
5860	2802546
5861	2802549
5862	2802599
5863	2803295
5864	2803313
5865	2803516
5866	2803957
5867	2803960
5868	2804253
5869	2805488
5870	2807372
5871	2808125
5872	2808149
5873	2808173
5874	2808315
5875	2808863
5876	2808878
5877	2808908
5878	2808942
5879	2808951
5880	2811016
5881	2811388
5882	2811605
5883	2811606
5884	2812902
5885	2813148
5886	2813509
5887	2814601
5888	2814631
5889	2814776
5890	2815399
5891	2816199
5892	2816367
5893	2816455
5894	2816638
5895	2816682
5896	2816832
5897	2816841
5898	2816844
5899	2816847
5900	2816961
5901	2817213
5902	2818153
5903	2818241
5904	2818761
5905	2818821
5906	2818944
5907	2819396
5908	2819428
5909	2819477
5910	2819722
5911	2820104
5912	2820124
5913	2820173
5914	2820527
5915	2820628
5916	2820947
5917	2821007
5918	2821215
5919	2821357
5920	2821493
5921	2821507
5922	2821529
5923	2821530
5924	2822258
5925	2822625
5926	2822646
5927	2822675
5928	2822859
5929	2823377
5930	2823533
5931	2823575
5932	2823652
5933	2823660
5934	2824283
5935	2824502
5936	2825255
5937	2825954
5938	2827363
5939	2827778
5940	2827985
5941	2828189
5942	2828228
5943	2828235
5944	2828288
5945	2829671
5946	2829762
5947	2830361
5948	2834149
5949	2834463
5950	2834544
5951	2834709
5952	2834764
5953	2835650
5954	2835669
5955	2835771
5956	2835849
5957	2835885
5958	2836108
5959	2836119
5960	2836152
5961	2836161
5962	2836275
5963	2836416
5964	2836577
5965	2837114
5966	2837429
5967	2837733
5968	2837805
5969	2837903
5970	2838061
5971	2838130
5972	2838147
5973	2838344
5974	2838397
5975	2838444
5976	2839092
5977	2839105
5978	2839802
5979	2842642
5980	2842988
5981	2843178
5982	2843607
5983	2844171
5984	2845069
5985	2845303
5986	2845600
5987	2845660
5988	2846089
5989	2846548
5990	2847604
5991	2847655
5992	2849047
5993	2849166
5994	2850539
5995	2850681
5996	2850895
5997	2850897
5998	2850919
5999	2850984
6000	2852415
6001	2853180
6002	2853574
6003	2854026
6004	2855109
6005	2857420
6006	2857568
6007	2857740
6008	2858220
6009	2858279
6010	2858280
6011	2858308
6012	2858322
6013	2858350
6014	2858372
6015	2858521
6016	2858527
6017	2858543
6018	2858551
6019	2858576
6020	2858598
6021	2858716
6022	2858719
6023	2858782
6024	2858908
6025	2858931
6026	2859028
6027	2859106
6028	2859120
6029	2859142
6030	2860206
6031	2860971
6032	2861756
6033	2862458
6034	2862833
6035	2863001
6036	2863007
6037	2863130
6038	2863182
6039	2864283
6040	2865029
6041	2865156
6042	2865911
6043	2866549
6044	2866755
6045	2868227
6046	2868261
6047	2868299
6048	2868338
6049	2868480
6050	2868605
6051	2868612
6052	2868635
6053	2868645
6054	2868716
6055	2869770
6056	2877489
6057	2879598
6058	2879894
6059	2880124
6060	2880244
6061	2880334
6062	2880758
6063	2880827
6064	2882550
6065	2883149
6066	2883236
6067	2883272
6068	2883366
6069	2883389
6070	2883443
6071	2883488
6072	2883601
6073	2883719
6074	2884347
6075	2884484
6076	2886045
6077	2895158
6078	2895163
6079	2895195
6080	2895202
6081	2895232
6082	2895262
6083	2895318
6084	2895328
6085	2895391
6086	2895406
6087	2895505
6088	2895538
6089	2895589
6090	2895613
6091	2895614
6092	2895631
6093	2895706
6094	2895715
6095	2895728
6096	2895751
6097	2895865
6098	2900787
6099	2912249
6100	2912276
6101	2912411
6102	2912728
6103	2913654
6104	2913972
6105	2914161
6106	2914483
6107	2914484
6108	2915397
6109	2915630
6110	2915640
6111	2915669
6112	2915672
6113	2915726
6114	2915799
6115	2917399
6116	2919422
6117	2919434
6118	2920158
6119	2920943
6120	2921095
6121	2921235
6122	2923125
6123	2924761
6124	2925197
6125	2925927
6126	2926122
6127	2933218
6128	2934002
6129	2934616
6130	2934625
6131	2934637
6132	2934862
6133	2935018
6134	2936478
6135	2939410
6136	2940265
6137	2940904
6138	2941024
6139	2941039
6140	2941084
6141	2941133
6142	2941239
6143	2941317
6144	2941360
6145	2941741
6146	2941746
6147	2941868
6148	2941907
6149	2942009
6150	2942579
6151	2943151
6152	2943318
6153	2943532
6154	2943625
6155	2944008
6156	2944171
6157	2944268
6158	2944379
6159	2944407
6160	2944409
6161	2944482
6162	2945174
6163	2945189
6164	2945216
6165	2945369
6166	2948035
6167	2949141
6168	2949181
6169	2951037
6170	2951239
6171	2951316
6172	2951494
6173	2951565
6174	2951573
6175	2951607
6176	2951610
6177	2951624
6178	2951645
6179	2951786
6180	2951795
6181	2951817
6182	2951929
6183	2951935
6184	2952606
6185	2953336
6186	2953927
6187	2954602
6188	2954896
6189	2955654
6190	2955657
6191	2955891
6192	2955987
6193	2958180
6194	2958720
6195	2959035
6196	2959722
6197	2959807
6198	2959906
6199	2960108
6200	2960451
6201	2960551
6202	2960586
6203	2960592
6204	2960742
6205	2960751
6206	2960879
6207	2961004
6208	2961616
6209	2963337
6210	2963891
6211	2963905
6212	2964044
6213	2964173
6214	2964181
6215	2964190
6216	2964841
6217	2965658
6218	2966316
6219	2966667
6220	2967852
6221	2968057
6222	2968518
6223	2968811
6224	2969214
6225	2969428
6226	2970706
6227	2970751
6228	2970778
6229	2970889
6230	2970922
6231	2970953
6232	2971158
6233	2971201
6234	2971216
6235	2971280
6236	2971285
6237	2971291
6238	2971317
6239	2971326
6240	2971468
6241	2971527
6242	2971645
6243	2971675
6244	2971901
6245	2973288
6246	2974026
6247	2975148
6248	2975155
6249	2975186
6250	2975825
6251	2975906
6252	2975933
6253	2975937
6254	2977419
6255	2977869
6256	2977886
6257	2977940
6258	2978382
6259	2978970
6260	2979318
6261	2980411
6262	2981538
6263	2981588
6264	2982604
6265	2982629
6266	2993403
6267	2993407
6268	2993511
6269	2993989
6270	2994736
6271	2995053
6272	2995157
6273	2995795
6274	2995801
6275	2996002
6276	2996316
6277	2996606
6278	2996630
6279	2996632
6280	2996656
6281	2996895
6282	2997048
6283	2997466
6284	2997513
6285	2997713
6286	2997828
6287	2998678
6288	2998684
6289	2999360
6290	2999495
6291	2999502
6292	2999592
6293	2999617
6294	2999761
6295	3001315
6296	3004082
6297	3006976
6298	3006977
6299	3007114
6300	3007133
6301	3021134
6302	3021212
6303	3021512
6304	3021515
6305	3022280
6306	3022371
6307	3022496
6308	3022505
6309	3022672
6310	3022711
6311	3022808
6312	3022864
6313	3023508
6314	3023544
6315	3023564
6316	3023699
6317	3024275
6318	3024414
6319	3024434
6320	3024777
6321	3024943
6322	3025014
6323	3025392
6324	3025414
6325	3025446
6326	3025458
6327	3025461
6328	3025463
6329	3025493
6330	3025495
6331	3027271
6332	3027590
6333	3027593
6334	3028013
6335	3028658
6336	3028700
6337	3029628
6338	3029745
6339	3029952
6340	3029964
6341	3030075
6342	3030157
6343	3030617
6344	3032113
6345	3032670
6346	3032937
6347	3032970
6348	3033186
6349	3033450
6350	3034098
6351	3034254
6352	3034530
6353	3034546
6354	3034563
6355	3034757
6356	3035011
6357	3035340
6358	3035445
6359	3035474
6360	3035511
6361	3038111
6362	3038189
6363	3038202
6364	3038266
6365	3038285
6366	3038391
6367	3038661
6368	3038664
6369	3038678
6370	3038760
6371	3040207
6372	3040312
6373	3040510
6374	3040935
6375	3040944
6376	3042064
6377	3043028
6378	3043796
6379	3043982
6380	3044006
6381	3044760
6382	3044830
6383	3044912
6384	3044918
6385	3044929
6386	3044934
6387	3045027
6388	3045042
6389	3045074
6390	3045209
6391	3045240
6392	3045345
6393	3045573
6394	3045734
6395	3045920
6396	3046035
6397	3046056
6398	3046368
6399	3046457
6400	3047026
6401	3047869
6402	3048000
6403	3048260
6404	3049227
6405	3049286
6406	3049508
6407	3049790
6408	3051058
6409	3052392
6410	3052544
6411	3054077
6412	3055016
6413	3055308
6414	3055503
6415	3056046
6416	3057428
6417	3060484
6418	3061345
6419	3061456
6420	3061585
6421	3062182
6422	3062401
6423	3062614
6424	3062695
6425	3065035
6426	3065251
6427	3065497
6428	3066127
6429	3066154
6430	3066481
6431	3067015
6432	3067021
6433	3067264
6434	3067287
6435	3067350
6436	3067528
6437	3067570
6438	3068360
6439	3068855
6440	3069794
6441	3070704
6442	3070756
6443	3070820
6444	3070856
6445	3071194
6446	3072220
6447	3072298
6448	3072304
6449	3072358
6450	3072362
6451	3072401
6452	3072416
6453	3072420
6454	3072431
6455	3072835
6456	3078840
6457	3080181
6458	3080461
6459	3081163
6460	3081334
6461	3081340
6462	3081763
6463	3082539
6464	3082869
6465	3083013
6466	3083249
6467	3087553
6468	3088003
6469	3088213
6470	3088610
6471	3088707
6472	3089542
6473	3089584
6474	3091114
6475	3091116
6476	3091831
6477	3098011
6478	3098857
6479	3099043
6480	3101692
6481	3102142
6482	3102283
6483	3102577
6484	3102696
6485	3104178
6486	3105129
6487	3105341
6488	3105573
6489	3105637
6490	3107065
6491	3107236
6492	3107433
6493	3108265
6494	3108901
6495	3109263
6496	3109700
6497	3110597
6498	3110733
6499	3110920
6500	3111679
6501	3112019
6502	3112317
6503	3112405
6504	3112598
6505	3113522
6506	3113567
6507	3114354
6508	3114388
6509	3114739
6510	3114778
6511	3114825
6512	3114849
6513	3114894
6514	3115039
6515	3115101
6516	3115147
6517	3115153
6518	3115161
6519	3116038
6520	3116773
6521	3116881
6522	3117061
6523	3117389
6524	3117631
6525	3118207
6526	3118214
6527	3118765
6528	3118921
6529	3120103
6530	3120774
6531	3120951
6532	3122725
6533	3122818
6534	3122896
6535	3122983
6536	3123272
6537	3123483
6538	3123635
6539	3123814
6540	3124196
6541	3125256
6542	3125700
6543	3125796
6544	3125903
6545	3128010
6546	3128350
6547	3131601
6548	3131932
6549	3131937
6550	3134021
6551	3134153
6552	3134276
6553	3134282
6554	3135014
6555	3135185
6556	3135290
6557	3135728
6558	3136031
6559	3136142
6560	3137497
6561	3139378
6562	3140144
6563	3140433
6564	3140450
6565	3140702
6566	3141040
6567	3141095
6568	3142205
6569	3142483
6570	3142699
6571	3142944
6572	3151480
6573	3151945
6574	3152259
6575	3152649
6576	3153626
6577	3153635
6578	3153662
6579	3153672
6580	3153811
6581	3153872
6582	3153890
6583	3154184
6584	3154242
6585	3154649
6586	3155015
6587	3155270
6588	3156381
6589	3156523
6590	3161131
6591	3162683
6592	3162982
6593	3163042
6594	3163044
6595	3163221
6596	3163373
6597	3163646
6598	3164252
6599	3164277
6600	3164519
6601	3165659
6602	3168092
6603	3168146
6604	3168154
6605	3168309
6606	3168474
6607	3168549
6608	3168594
6609	3168654
6610	3169110
6611	3169466
6612	3169481
6613	3169757
6614	3170388
6615	3172287
6616	3172291
6617	3172333
6618	3175515
6619	3175988
6620	3176468
6621	3177191
6622	3177210
6623	3177498
6624	3177708
6625	3177978
6626	3178017
6627	3178143
6628	3178158
6629	3178221
6630	3178261
6631	3178278
6632	3178377
6633	3178914
6634	3179147
6635	3179607
6636	3180085
6637	3180253
6638	3180660
6639	3181319
6640	3181937
6641	3183046
6642	3183421
6643	3183552
6644	3183619
6645	3183694
6646	3183848
6647	3183851
6648	3183856
6649	3183895
6650	3183901
6651	3183906
6652	3184000
6653	3184003
6654	3184066
6655	3184072
6656	3184135
6657	3185277
6658	3185621
6659	3186237
6660	3187604
6661	3187628
6662	3187643
6663	3188899
6664	3189037
6665	3189713
6666	3190152
6667	3190210
6668	3190243
6669	3191536
6670	3193050
6671	3193190
6672	3193756
6673	3193871
6674	3194126
6675	3196279
6676	3196526
6677	3198011
6678	3198014
6679	3198020
6680	3198038
6681	3198041
6682	3198985
6683	3199213
6684	3199431
6685	3199475
6686	3199677
6687	3199779
6688	3200577
6689	3200809
6690	3201544
6691	3201561
6692	3202081
6693	3202176
6694	3202741
6695	3202809
6696	3202846
6697	3203028
6698	3203315
6699	3203726
6700	3203756
6701	3205349
6702	3205638
6703	3206502
6704	3207032
6705	3207292
6706	3208239
6707	3208530
6708	3208794
6709	3209469
6710	3210112
6711	3210136
6712	3212856
6713	3213758
6714	3216176
6715	3216177
6716	3216890
6717	3217979
6718	3221037
6719	3221107
6720	3221409
6721	3222042
6722	3222903
6723	3223034
6724	3223371
6725	3223733
6726	3224148
6727	3224152
6728	3224397
6729	3224405
6730	3225206
6731	3225263
6732	3225357
6733	3225538
6734	3225543
6735	3225772
6736	3225825
6737	3226087
6738	3226147
6739	3226922
6740	3228298
6741	3228453
6742	3228574
6743	3228679
6744	3229844
6745	3229901
6746	3229954
6747	3229957
6748	3230002
6749	3230026
6750	3230057
6751	3230179
6752	3230320
6753	3230440
6754	3230535
6755	3230839
6756	3230978
6757	3231438
6758	3231504
6759	3232026
6760	3232203
6761	3232308
6762	3232533
6763	3232776
6764	3234593
6765	3234996
6766	3235078
6767	3235184
6768	3235240
6769	3235279
6770	3235573
6771	3235651
6772	3236020
6773	3236644
6774	3236722
6775	3236977
6776	3237141
6777	3237206
6778	3237216
6779	3237256
6780	3237267
6781	3237305
6782	3237337
6783	3237373
6784	3237400
6785	3237418
6786	3237436
6787	3237439
6788	3237454
6789	3237462
6790	3238338
6791	3238472
6792	3238493
6793	3238499
6794	3239135
6795	3239858
6796	3240233
6797	3240441
6798	3240534
6799	3240546
6800	3240556
6801	3240561
6802	3240621
6803	3240630
6804	3240723
6805	3240732
6806	3241137
6807	3242106
6808	3242189
6809	3242672
6810	3243188
6811	3243561
6812	3243623
6813	3243731
6814	3244106
6815	3244127
6816	3244169
6817	3244904
6818	3245115
6819	3245340
6820	3245699
6821	3245707
6822	3245869
6823	3246565
6824	3246825
6825	3246982
6826	3247069
6827	3248550
6828	3248775
6829	3249505
6830	3249511
6831	3249532
6832	3249568
6833	3249694
6834	3249703
6835	3249787
6836	3249832
6837	3249895
6838	3250160
6839	3250208
6840	3250331
6841	3250418
6842	3250424
6843	3250436
6844	3250448
6845	3250670
6846	3251687
6847	3252473
6848	3252503
6849	3252818
6850	3252908
6851	3253503
6852	3253580
6853	3254246
6854	3254341
6855	3254542
6856	3255097
6857	3255178
6858	3255876
6859	3256145
6860	3257102
6861	3257604
6862	3258596
6863	3259326
6864	3260361
6865	3261619
6866	3261821
6867	3262325
6868	3262793
6869	3262972
6870	3263303
6871	3263399
6872	3263504
6873	3264691
6874	3264866
6875	3265008
6876	3265081
6877	3265090
6878	3265932
6879	3266058
6880	3266457
6881	3268060
6882	3268746
6883	3270081
6884	3270764
6885	3270817
6886	3270890
6887	3271092
6888	3271210
6889	3271702
6890	3271816
6891	3271919
6892	3271922
6893	3273044
6894	3273316
6895	3274321
6896	3274974
6897	3275079
6898	3276769
6899	3276810
6900	3277478
6901	3277547
6902	3277550
6903	3278028
6904	3278066
6905	3278078
6906	3278677
6907	3279423
6908	3279522
6909	3279750
6910	3280005
6911	3280167
6912	3280888
6913	3280893
6914	3281442
6915	3281745
6916	3283246
6917	3283273
6918	3283635
6919	3283770
6920	3284828
6921	3286055
6922	3286153
6923	3286234
6924	3286280
6925	3286308
6926	3286326
6927	3286681
6928	3286828
6929	3287259
6930	3287280
6931	3287286
6932	3287322
6933	3287325
6934	3287466
6935	3289195
6936	3289226
6937	3289370
6938	3289431
6939	3289768
6940	3290044
6941	3290227
6942	3290295
6943	3290485
6944	3290763
6945	3290839
6946	3291064
6947	3291412
6948	3291460
6949	3291715
6950	3291885
6951	3292831
6952	3293263
6953	3293294
6954	3293295
6955	3294492
6956	3294516
6957	3294768
6958	3296169
6959	3296420
6960	3296593
6961	3297888
6962	3298369
6963	3298996
6964	3299311
6965	3299380
6966	3299449
6967	3299470
6968	3299533
6969	3299563
6970	3299596
6971	3300043
6972	3300110
6973	3300141
6974	3300241
6975	3300526
6976	3301071
6977	3301252
6978	3301258
6979	3301618
6980	3301720
6981	3301876
6982	3301924
6983	3302125
6984	3302197
6985	3302296
6986	3302497
6987	3302516
6988	3303522
6989	3303530
6990	3303679
6991	3303717
6992	3303723
6993	3303742
6994	3303765
6995	3303852
6996	3304089
6997	3304219
6998	3304487
6999	3304545
7000	3304714
7001	3304891
7002	3305931
7003	3306569
7004	3306590
7005	3306861
7006	3307139
7007	3307203
7008	3307209
7009	3307373
7010	3307415
7011	3307721
7012	3307733
7013	3307916
7014	3308035
7015	3308637
7016	3310613
7017	3311381
7018	3312666
7019	3313127
7020	3314879
7021	3315233
7022	3315253
7023	3315457
7024	3315884
7025	3317081
7026	3318550
7027	3318589
7028	3318658
7029	3318664
7030	3318670
7031	3318697
7032	3318700
7033	3319581
7034	3319996
7035	3321166
7036	3321265
7037	3321876
7038	3322158
7039	3322587
7040	3322671
7041	3323134
7042	3323137
7043	3323764
7044	3323772
7045	3323824
7046	3323827
7047	3323875
7048	3323896
7049	3323899
7050	3323903
7051	3324705
7052	3324736
7053	3324752
7054	3324779
7055	3324798
7056	3324849
7057	3324953
7058	3325014
7059	3326022
7060	3326686
7061	3326787
7062	3327084
7063	3327087
7064	3328112
7065	3329554
7066	3330721
7067	3331435
7068	3332514
7069	3332520
7070	3333699
7071	3333873
7072	3335185
7073	3335764
7074	3335848
7075	3335850
7076	3336994
7077	3337017
7078	3337020
7079	3337200
7080	3337742
7081	3337744
7082	3337983
7083	3338166
7084	3338181
7085	3338205
7086	3338235
7087	3338238
7088	3338405
7089	3338501
7090	3338789
7091	3339540
7092	3339546
7093	3339548
7094	3339861
7095	3340217
7096	3340442
7097	3340718
7098	3341010
7099	3341306
7100	3341400
7101	3343213
7102	3343390
7103	3344529
7104	3345297
7105	3345448
7106	3345451
7107	3345516
7108	3345568
7109	3345571
7110	3346094
7111	3346097
7112	3346448
7113	3346475
7114	3346713
7115	3347185
7116	3347242
7117	3347415
7118	3347581
7119	3347929
7120	3347974
7121	3347982
7122	3347993
7123	3348036
7124	3348038
7125	3354460
7126	3355955
7127	3356780
7128	3357049
7129	3357439
7130	3358249
7131	3358276
7132	3358522
7133	3358525
7134	3358720
7135	3358888
7136	3359050
7137	3359053
7138	3359171
7139	3360156
7140	3360164
7141	3360188
7142	3360238
7143	3360246
7144	3360255
7145	3360320
7146	3360532
7147	3360533
7148	3360539
7149	3360680
7150	3360710
7151	3360744
7152	3361135
7153	3361186
7154	3362039
7155	3363357
7156	3363568
7157	3364379
7158	3364901
7159	3365924
7160	3367156
7161	3367178
7162	3367189
7163	3367257
7164	3367295
7165	3367611
7166	3367615
7167	3367617
7168	3367832
7169	3368295
7170	3368310
7171	3369083
7172	3370081
7173	3370190
7174	3370250
7175	3370394
7176	3370727
7177	3370733
7178	3370779
7179	3370839
7180	3370970
7181	3371129
7182	3371225
7183	3371687
7184	3371810
7185	3371822
7186	3371922
7187	3371945
7188	3372207
7189	3374137
7190	3374312
7191	3374315
7192	3375581
7193	3377365
7194	3378829
7195	3387292
7196	3388018
7197	3388432
7198	3388892
7199	3389521
7200	3390372
7201	3390640
7202	3390712
7203	3390715
7204	3390727
7205	3390814
7206	3390871
7207	3390874
7208	3390985
7209	3391192
7210	3393579
7211	3393852
7212	3394723
7213	3394846
7214	3395068
7215	3395284
7216	3395294
7217	3395296
7218	3395346
7219	3395350
7220	3395490
7221	3395498
7222	3395856
7223	3395922
7224	3396177
7225	3396481
7226	3396843
7227	3397066
7228	3397435
7229	3397561
7230	3398090
7231	3398669
7232	3399011
7233	3399173
7234	3399781
7235	3400048
7236	3400071
7237	3400552
7238	3401420
7239	3402071
7240	3402178
7241	3402199
7242	3402202
7243	3402205
7244	3402568
7245	3403084
7246	3403087
7247	3403093
7248	3403258
7249	3403336
7250	3403390
7251	3403766
7252	3403910
7253	3404006
7254	3404046
7255	3404083
7256	3404133
7257	3404137
7258	3404161
7259	3404823
7260	3405033
7261	3405474
7262	3407098
7263	3407660
7264	3407848
7265	3407954
7266	3421674
7267	3421737
7268	3421809
7269	3421854
7270	3421938
7271	3422022
7272	3422085
7273	3422126
7274	3422163
7275	3422184
7276	3422298
7277	3422419
7278	3422648
7279	3422795
7280	3422997
7281	3423010
7282	3423019
7283	3423326
7284	3423518
7285	3423737
7286	3423881
7287	3424025
7288	3424337
7289	3424361
7290	3424565
7291	3425856
7292	3430211
7293	3430997
7294	3431130
7295	3432141
7296	3432483
7297	3432484
7298	3433069
7299	3433356
7300	3433372
7301	3433395
7302	3433398
7303	3433422
7304	3433584
7305	3433605
7306	3433704
7307	3433710
7308	3433711
7309	3433719
7310	3433788
7311	3433839
7312	3433842
7313	3433905
7314	3433950
7315	3433980
7316	3434336
7317	3434432
7318	3434449
7319	3434465
7320	3434494
7321	3434497
7322	3434769
7323	3434795
7324	3434888
7325	3435016
7326	3435246
7327	3435251
7328	3435276
7329	3435363
7330	3435371
7331	3435410
7332	3436126
7333	3436977
7334	3437378
7335	3437464
7336	3437645
7337	3437672
7338	3437778
7339	3437811
7340	3437874
7341	3438151
7342	3438310
7343	3438734
7344	3438897
7345	3439463
7346	3439592
7347	3440654
7348	3440673
7349	3440695
7350	3440701
7351	3440703
7352	3441244
7353	3453753
7354	3457488
7355	3458100
7356	3458499
7357	3460037
7358	3460058
7359	3460106
7360	3460523
7361	3460740
7362	3461241
7363	3461464
7364	3461668
7365	3467278
7366	3467887
7367	3476793
7368	3477082
7369	3477319
7370	3478682
7371	3479267
7372	3479403
7373	3481747
7374	3481762
7375	3481948
7376	3481969
7377	3482158
7378	3482194
7379	3482341
7380	3483010
7381	3483013
7382	3484061
7383	3484067
7384	3484095
7385	3484622
7386	3485820
7387	3486488
7388	3487278
7389	3487444
7390	3487560
7391	3487797
7392	3487809
7393	3487901
7394	3487973
7395	3487982
7396	3488021
7397	3488023
7398	3488078
7399	3488108
7400	3488243
7401	3488513
7402	3488561
7403	3488594
7404	3488714
7405	3488720
7406	3488774
7407	3488780
7408	3488837
7409	3488882
7410	3489035
7411	3489503
7412	3489505
7413	3489538
7414	3489602
7415	3489638
7416	3489894
7417	3490378
7418	3490444
7419	3490554
7420	3490957
7421	3491973
7422	3491978
7423	3492093
7424	3493420
7425	3494114
7426	3494477
7427	3494639
7428	3494873
7429	3494900
7430	3495881
7431	3496100
7432	3496193
7433	3496550
7434	3496950
7435	3497021
7436	3497046
7437	3497049
7438	3497081
7439	3497166
7440	3502443
7441	3502594
7442	3505601
7443	3506319
7444	3506392
7445	3508231
7446	3508640
7447	3509245
7448	3509673
7449	3509907
7450	3509963
7451	3509978
7452	3510377
7453	3510980
7454	3511240
7455	3511625
7456	3511795
7457	3511936
7458	3513518
7459	3514722
7460	3514787
7461	3514821
7462	3514864
7463	3514970
7464	3514986
7465	3514987
7466	3515154
7467	3515183
7468	3515225
7469	3515359
7470	3515968
7471	3516060
7472	3516160
7473	3516239
