1	250
2	984
3	1143
4	1387
5	1522
6	2199
7	2343
8	2412
9	4509
10	5034
11	5745
12	6515
13	6578
14	6623
15	7524
16	8336
17	8861
18	9273
19	9831
20	10014
21	13015
22	13746
23	13901
24	14319
25	14997
26	15192
27	15823
28	15881
29	16865
30	16957
31	17116
32	17197
33	17775
34	19623
35	19997
36	20402
37	22965
38	23477
39	24049
40	24372
41	24481
42	24561
43	25182
44	25981
45	26186
46	26593
47	26633
48	26667
49	26712
50	26809
51	28486
52	28511
53	28727
54	29110
55	29737
56	30540
57	31874
58	32770
59	33320
60	33421
61	33726
62	33964
63	34945
64	36080
65	36538
66	37852
67	38167
68	38587
69	40165
70	40584
71	42289
72	42608
73	43431
74	44055
75	44060
76	44099
77	44329
78	44361
79	45171
80	45466
81	45612
82	46225
83	47212
84	47656
85	49235
86	50141
87	53307
88	53637
89	53722
90	54170
91	55166
92	55255
93	55683
94	55848
95	58066
96	58177
97	61042
98	61057
99	61063
100	61066
101	61069
102	62042
103	64028
104	64266
105	64788
106	66035
107	66420
108	67079
109	67620
110	67915
111	67950
112	69320
113	70525
114	70740
115	72230
116	72513
117	72846
118	73723
119	73982
120	74564
121	76299
122	76435
123	76976
124	77133
125	77767
126	77982
127	78282
128	78548
129	80127
130	80549
131	81319
132	81881
133	82543
134	83716
135	83748
136	84651
137	85631
138	87422
139	87972
140	90112
141	92147
142	92224
143	92313
144	92830
145	93079
146	95209
147	95529
148	95571
149	95592
150	97588
151	98608
152	98996
153	99408
154	99695
155	99959
156	101826
157	103810
158	104699
159	105397
160	106890
161	107231
162	108114
163	109962
164	110272
165	110283
166	113132
167	113296
168	113570
169	114634
170	114674
171	115641
172	115927
173	116295
174	118107
175	119467
176	120101
177	120750
178	122123
179	124242
180	124502
181	126709
182	127084
183	129163
184	129678
185	131319
186	132949
187	134677
188	134872
189	135319
190	135349
191	136213
192	136410
193	136570
194	136673
195	138504
196	139344
197	139707
198	140444
199	141536
200	141910
201	141998
202	142146
203	143248
204	143721
205	143892
206	145247
207	145578
208	147366
209	148261
210	148920
211	149338
212	149560
213	149835
214	150116
215	150178
216	150618
217	150879
218	152097
219	152227
220	152449
221	152726
222	152875
223	155848
224	157107
225	158174
226	158337
227	158776
228	158782
229	159112
230	161001
231	161042
232	161182
233	161676
234	161858
235	162745
236	162838
237	163348
238	166676
239	167324
240	167892
241	169204
242	169232
243	171124
244	171658
245	172918
246	174406
247	175899
248	176334
249	176497
250	176500
251	178670
252	178748
253	178888
254	179288
255	179419
256	179554
257	180442
258	180792
259	181291
260	183204
261	184541
262	184629
263	185840
264	186009
265	186448
266	188359
267	189223
268	191120
269	193881
270	195398
271	196200
272	196368
273	197918
274	198239
275	199990
276	202609
277	202611
278	203636
279	204524
280	204930
281	206471
282	206749
283	206833
284	207618
285	208591
286	209366
287	210052
288	211561
289	212578
290	213053
291	213106
292	213410
293	213476
294	213484
295	213999
296	214219
297	214284
298	216026
299	216285
300	216315
301	217263
302	217265
303	217614
304	220519
305	220965
306	221185
307	221268
308	221269
309	221757
310	221922
311	222047
312	222198
313	222512
314	224032
315	226754
316	227274
317	227677
318	229236
319	229264
320	229720
321	230961
322	233245
323	234620
324	234752
325	235175
326	235579
327	236412
328	237276
329	237854
330	238471
331	239567
332	239578
333	240391
334	240707
335	240933
336	242122
337	242547
338	242691
339	242713
340	244166
341	244538
342	245691
343	246246
344	249486
345	249694
346	250322
347	250785
348	251608
349	251754
350	252206
351	252416
352	253308
353	253316
354	253627
355	254179
356	255311
357	255792
358	255891
359	257285
360	259771
361	261497
362	262938
363	263016
364	264893
365	265305
366	265400
367	265990
368	266286
369	266917
370	268306
371	268566
372	271858
373	272030
374	273327
375	273329
376	273736
377	273835
378	274253
379	274292
380	274470
381	275483
382	276497
383	277607
384	281647
385	281710
386	282229
387	282293
388	285027
389	285270
390	285271
391	285401
392	286250
393	286622
394	286628
395	286706
396	287230
397	287243
398	287597
399	287679
400	290548
401	290878
402	291029
403	291089
404	292570
405	294277
406	295470
407	296957
408	297391
409	297480
410	297727
411	297794
412	298391
413	300634
414	300987
415	303216
416	303321
417	303571
418	305468
419	306108
420	306811
421	306969
422	307058
423	308306
424	311589
425	312819
426	313255
427	314052
428	314161
429	315765
430	317178
431	317443
432	318140
433	319051
434	319069
435	319606
436	319952
437	319964
438	320329
439	320435
440	321166
441	322087
442	324090
443	326015
444	326133
445	327445
446	329483
447	329793
448	330180
449	330962
450	331701
451	332847
452	333019
453	333040
454	334058
455	334744
456	335192
457	335513
458	336558
459	336958
460	337451
461	338062
462	338308
463	338947
464	339725
465	340539
466	341457
467	341509
468	342115
469	342547
470	343221
471	343392
472	343452
473	343801
474	344429
475	344624
476	345211
477	345844
478	346375
479	346909
480	347585
481	347807
482	347908
483	348474
484	349572
485	349757
486	351650
487	351700
488	352243
489	352427
490	353123
491	353451
492	353606
493	354580
494	355392
495	357071
496	357240
497	357780
498	358896
499	359064
500	359290
501	359357
502	359919
503	360317
504	361548
505	361573
506	362307
507	365878
508	366383
509	366881
510	366975
511	368036
512	368323
513	369222
514	369431
515	369751
516	369789
517	369947
518	371011
519	373307
520	375775
521	376326
522	377418
523	377905
524	379530
525	381653
526	381823
527	382279
528	383225
529	383707
530	385923
531	387071
532	389246
533	389665
534	390701
535	390924
536	391731
537	391932
538	392052
539	393312
540	393354
541	394675
542	397384
543	397799
544	398258
545	399358
546	400010
547	402232
548	402348
549	403013
550	403190
551	403462
552	404267
553	405562
554	405807
555	406343
556	409328
557	409489
558	410642
559	410893
560	411168
561	411738
562	412288
563	413124
564	413306
565	413539
566	413954
567	414477
568	414661
569	414749
570	414840
571	415039
572	415558
573	415708
574	416421
575	418129
576	418130
577	418254
578	418625
579	419084
580	421451
581	421746
582	422078
583	422379
584	423388
585	427915
586	428669
587	428772
588	429563
589	429843
590	430088
591	431562
592	432648
593	433384
594	434278
595	435326
596	435332
597	435355
598	435773
599	435774
600	435918
601	436501
602	437228
603	439559
604	441135
605	442036
606	445811
607	447634
608	448092
609	448127
610	449131
611	449751
612	450395
613	450827
614	451742
615	452553
616	454188
617	456248
618	456370
619	456401
620	456490
621	457523
622	457556
623	460435
624	460767
625	461196
626	461830
627	462561
628	462740
629	464003
630	465420
631	465613
632	466220
633	468556
634	468688
635	469249
636	469878
637	473776
638	474156
639	474333
640	474818
641	476206
642	476556
643	477701
644	478127
645	478154
646	479443
647	479468
648	481746
649	483181
650	484529
651	484690
652	485700
653	486331
654	487944
655	488003
656	488378
657	489940
658	490013
659	490221
660	490801
661	492792
662	492793
663	493030
664	493521
665	494659
666	495158
667	496201
668	500114
669	500643
670	500769
671	501524
672	501725
673	501811
674	501888
675	501949
676	502295
677	503252
678	506194
679	506760
680	507387
681	508566
682	509326
683	510183
684	510465
685	511373
686	511812
687	513165
688	513458
689	513634
690	514100
691	515432
692	515677
693	515853
694	516047
695	517522
696	517745
697	518562
698	518735
699	521302
700	521891
701	522048
702	522208
703	523006
704	523261
705	523305
706	523967
707	524179
708	524323
709	524526
710	524527
711	525109
712	525149
713	525583
714	525597
715	525741
716	525877
717	525928
718	526121
719	526906
720	526962
721	526994
722	527273
723	527588
724	528077
725	528128
726	528164
727	528446
728	529364
729	529495
730	534978
731	536075
732	537000
733	537064
734	537379
735	537892
736	538377
737	540327
738	540966
739	541966
740	542629
741	543146
742	544289
743	544588
744	544782
745	544904
746	545672
747	545944
748	547369
749	550551
750	550867
751	551163
752	551209
753	553992
754	555689
755	555823
756	556728
757	557603
758	559310
759	559884
760	560426
761	561152
762	562053
763	563559
764	564107
765	565264
766	565868
767	566189
768	566428
769	566487
770	566627
771	568787
772	569418
773	569897
774	570846
775	571628
776	571940
777	571989
778	573336
779	573395
780	574796
781	574965
782	575166
783	577626
784	579647
785	581310
786	581554
787	582454
788	583215
789	583849
790	583999
791	585792
792	586192
793	587729
794	588183
795	588682
796	589590
797	589692
798	590909
799	591483
800	592699
801	593372
802	594440
803	594466
804	595800
805	595888
806	596846
807	598377
808	599863
809	601054
810	602035
811	602638
812	602978
813	603859
814	603972
815	604723
816	605505
817	605712
818	605807
819	607075
820	607916
821	608877
822	608907
823	609785
824	611012
825	611546
826	612001
827	613687
828	613716
829	614263
830	614406
831	615527
832	615567
833	615573
834	615600
835	616426
836	616839
837	616865
838	617074
839	617311
840	617406
841	617519
842	617785
843	619177
844	620666
845	621675
846	621713
847	621843
848	622553
849	622643
850	623650
851	623688
852	623696
853	624084
854	625470
855	626689
856	626691
857	626702
858	626771
859	626902
860	627233
861	627955
862	628812
863	629791
864	630565
865	630894
866	631725
867	631772
868	631828
869	632876
870	633037
871	633262
872	633747
873	633960
874	635378
875	637468
876	637664
877	638861
878	639398
879	640228
880	640288
881	640444
882	640833
883	641040
884	642899
885	643057
886	644843
887	646718
888	648724
889	649788
890	649802
891	652240
892	652627
893	652743
894	653007
895	653798
896	654132
897	654840
898	655139
899	655434
900	655500
901	656230
902	656958
903	658237
904	658660
905	659061
906	659218
907	659896
908	660051
909	661082
910	661335
911	661383
912	661820
913	662265
914	662566
915	662800
916	664521
917	665331
918	665340
919	666681
920	666685
921	666915
922	667082
923	668830
924	669435
925	669755
926	670632
927	674005
928	674364
929	674625
930	675033
931	675337
932	675363
933	675782
934	676531
935	677979
936	678917
937	679311
938	679377
939	679791
940	680149
941	680486
942	680893
943	681104
944	682424
945	682752
946	682902
947	683935
948	684554
949	686182
950	686681
951	687067
952	687704
953	687963
954	688131
955	689147
956	689525
957	690057
958	690096
959	690127
960	690174
961	690176
962	691808
963	691902
964	692661
965	693005
966	693444
967	695072
968	698332
969	698709
970	698732
971	700060
972	700644
973	700704
974	701050
975	702351
976	702630
977	704770
978	704950
979	705368
980	706189
981	707071
982	707159
983	707821
984	707991
985	708106
986	708197
987	708637
988	709095
989	709560
990	709993
991	709999
992	711272
993	711284
994	714358
995	714394
996	714876
997	716213
998	716535
999	717150
1000	718655
1001	719499
1002	719702
1003	719800
1004	720707
1005	721300
1006	721429
1007	722075
1008	723098
1009	723543
1010	723692
1011	723931
1012	725055
1013	725903
1014	726372
1015	727663
1016	727943
1017	728897
1018	728950
1019	729094
1020	729096
1021	729275
1022	729702
1023	729818
1024	730703
1025	732068
1026	732261
1027	734406
1028	738406
1029	741807
1030	742287
1031	743028
1032	743705
1033	744200
1034	746633
1035	747403
1036	747891
1037	748065
1038	749433
1039	749766
1040	749981
1041	750208
1042	752358
1043	752797
1044	752857
1045	753448
1046	754474
1047	754711
1048	755159
1049	755451
1050	756215
1051	756653
1052	757725
1053	759305
1054	760251
1055	760915
1056	761647
1057	762118
1058	762877
1059	764674
1060	765258
1061	765742
1062	765966
1063	767229
1064	768696
1065	770729
1066	771312
1067	771392
1068	772047
1069	772748
1070	774013
1071	774521
1072	774770
1073	774771
1074	774914
1075	774938
1076	775328
1077	775332
1078	775683
1079	775738
1080	775805
1081	775823
1082	775886
1083	776559
1084	776643
1085	776963
1086	778097
1087	778111
1088	779122
1089	780119
1090	780479
1091	780569
1092	784159
1093	784937
1094	787164
1095	787520
1096	788742
1097	789769
1098	791055
1099	791194
1100	791387
1101	792229
1102	793073
1103	793543
1104	793687
1105	794705
1106	796982
1107	797960
1108	798277
1109	798469
1110	800420
1111	802382
1112	802516
1113	803055
1114	803723
1115	803826
1116	804638
1117	804697
1118	805439
1119	807151
1120	807154
1121	807157
1122	807163
1123	810043
1124	810061
1125	810073
1126	810154
1127	810362
1128	813296
1129	814582
1130	814961
1131	815024
1132	816156
1133	816542
1134	818668
1135	818990
1136	819521
1137	821060
1138	822485
1139	823249
1140	823998
1141	825834
1142	826265
1143	827056
1144	827747
1145	827858
1146	828368
1147	828601
1148	830257
1149	830462
1150	830559
1151	832504
1152	832838
1153	833264
1154	834026
1155	834602
1156	839431
1157	839979
1158	840423
1159	841621
1160	841800
1161	841916
1162	842104
1163	842728
1164	843078
1165	843169
1166	844158
1167	845598
1168	845828
1169	846772
1170	846944
1171	850262
1172	852212
1173	856949
1174	857575
1175	858648
1176	859111
1177	859978
1178	860311
1179	860611
1180	861184
1181	861287
1182	861780
1183	861899
1184	862233
1185	862664
1186	862665
1187	862666
1188	862923
1189	863102
1190	865288
1191	865410
1192	868148
1193	869030
1194	869382
1195	869452
1196	869453
1197	870462
1198	870979
1199	872174
1200	872685
1201	872726
1202	872807
1203	873082
1204	873265
1205	874608
1206	875269
1207	877231
1208	877268
1209	877323
1210	878334
1211	878861
1212	878898
1213	879159
1214	882240
1215	882501
1216	882840
1217	884332
1218	885571
1219	888049
1220	889050
1221	890466
1222	890589
1223	890909
1224	892735
1225	894532
1226	895021
1227	895903
1228	896203
1229	896923
1230	897246
1231	898585
1232	898968
1233	900070
1234	900093
1235	902540
1236	902987
1237	904913
1238	905271
1239	905445
1240	905895
1241	906319
1242	906705
1243	907258
1244	907757
1245	907913
1246	911880
1247	912548
1248	912777
1249	913400
1250	915369
1251	915992
1252	916393
1253	916462
1254	916523
1255	916551
1256	916619
1257	916750
1258	916773
1259	917508
1260	919039
1261	920756
1262	921115
1263	921136
1264	921155
1265	921168
1266	921180
1267	921184
1268	921450
1269	925011
1270	928983
1271	929307
1272	930260
1273	930888
1274	932067
1275	933353
1276	933773
1277	936111
1278	938737
1279	939020
1280	939605
1281	941126
1282	942778
1283	943042
1284	943800
1285	943903
1286	944039
1287	944072
1288	944376
1289	944832
1290	944886
1291	945766
1292	945991
1293	947709
1294	950093
1295	950526
1296	951981
1297	952448
1298	953808
1299	954994
1300	955051
1301	955825
1302	956939
1303	959670
1304	959728
1305	960032
1306	960164
1307	962015
1308	962401
1309	962422
1310	962464
1311	963197
1312	963660
1313	963984
1314	964524
1315	967740
1316	967946
1317	969715
1318	970232
1319	971306
1320	971329
1321	971471
1322	971559
1323	971696
1324	971704
1325	973194
1326	973374
1327	975256
1328	975300
1329	976963
1330	977357
1331	978303
1332	978654
1333	979197
1334	979979
1335	981323
1336	981469
1337	981524
1338	982303
1339	982675
1340	983140
1341	984133
1342	984179
1343	984575
1344	984784
1345	984858
1346	984881
1347	985798
1348	986272
1349	987272
1350	988368
1351	988390
1352	988396
1353	989034
1354	989117
1355	989160
1356	989739
1357	989750
1358	990572
1359	990847
1360	992654
1361	994045
1362	994598
1363	995862
1364	996304
1365	996629
1366	996836
1367	998304
1368	999003
1369	1000822
1370	1001007
1371	1001255
1372	1001693
1373	1001696
1374	1004860
1375	1005881
1376	1007741
1377	1008709
1378	1011497
1379	1012347
1380	1013590
1381	1014071
1382	1014632
1383	1014639
1384	1015322
1385	1015839
1386	1016617
1387	1017218
1388	1019374
1389	1020209
1390	1020291
1391	1020448
1392	1020660
1393	1022716
1394	1023333
1395	1023690
1396	1024658
1397	1026553
1398	1026607
1399	1028286
1400	1028538
1401	1029183
1402	1029246
1403	1029258
1404	1029419
1405	1031814
1406	1031923
1407	1032594
1408	1033028
1409	1035677
1410	1036551
1411	1039115
1412	1039524
1413	1039526
1414	1039662
1415	1040341
1416	1042186
1417	1042525
1418	1043718
1419	1044596
1420	1045925
1421	1046366
1422	1047433
1423	1049149
1424	1049299
1425	1050411
1426	1050663
1427	1052192
1428	1052408
1429	1052735
1430	1052873
1431	1054187
1432	1054278
1433	1054369
1434	1055232
1435	1056715
1436	1057561
1437	1059796
1438	1060193
1439	1060384
1440	1060866
1441	1068249
1442	1068308
1443	1068437
1444	1070865
1445	1071895
1446	1072452
1447	1074758
1448	1076900
1449	1078264
1450	1078498
1451	1080490
1452	1080500
1453	1080512
1454	1080546
1455	1083855
1456	1085691
1457	1086665
1458	1089316
1459	1089694
1460	1090827
1461	1093497
1462	1093941
1463	1095895
1464	1097161
1465	1097490
1466	1097753
1467	1098423
1468	1098546
1469	1098763
1470	1101422
1471	1102801
1472	1103097
1473	1103223
1474	1103441
1475	1104428
1476	1110777
1477	1111580
1478	1112335
1479	1112498
1480	1113541
1481	1113763
1482	1114759
1483	1115303
1484	1115818
1485	1116222
1486	1116976
1487	1117467
1488	1117723
1489	1117978
1490	1119453
1491	1122565
1492	1122642
1493	1122688
1494	1123013
1495	1123439
1496	1125159
1497	1125518
1498	1127173
1499	1128677
1500	1129284
1501	1129924
1502	1130796
1503	1130919
1504	1133433
1505	1134048
1506	1134966
1507	1135148
1508	1137362
1509	1137454
1510	1137723
1511	1139435
1512	1142061
1513	1142681
1514	1143067
1515	1144074
1516	1144210
1517	1145551
1518	1148278
1519	1148572
1520	1149720
1521	1150579
1522	1150937
1523	1151042
1524	1152133
1525	1152170
1526	1152811
1527	1152987
1528	1154205
1529	1154699
1530	1155983
1531	1156691
1532	1157373
1533	1158881
1534	1159560
1535	1159851
1536	1160237
1537	1160636
1538	1161495
1539	1161789
1540	1163929
1541	1164384
1542	1165658
1543	1166088
1544	1167760
1545	1169265
1546	1169925
1547	1171073
1548	1171548
1549	1172178
1550	1172473
1551	1173007
1552	1173049
1553	1173104
1554	1173246
1555	1173325
1556	1173889
1557	1174169
1558	1174548
1559	1176714
1560	1177540
1561	1177667
1562	1179546
1563	1180329
1564	1181691
1565	1182733
1566	1184783
1567	1185430
1568	1186282
1569	1186383
1570	1188729
1571	1188819
1572	1189586
1573	1189613
1574	1191187
1575	1191990
1576	1193045
1577	1193573
1578	1194563
1579	1194613
1580	1194827
1581	1195400
1582	1196073
1583	1196719
1584	1197544
1585	1197565
1586	1197724
1587	1198235
1588	1198993
1589	1199181
1590	1201371
1591	1202142
1592	1202679
1593	1203382
1594	1203396
1595	1203517
1596	1204036
1597	1205095
1598	1205666
1599	1208956
1600	1210610
1601	1212010
1602	1212549
1603	1212719
1604	1212788
1605	1213343
1606	1215249
1607	1216738
1608	1216739
1609	1217832
1610	1218310
1611	1218912
1612	1219462
1613	1219594
1614	1220096
1615	1221038
1616	1223416
1617	1223852
1618	1224072
1619	1224305
1620	1225989
1621	1226186
1622	1226572
1623	1227858
1624	1228645
1625	1229386
1626	1229555
1627	1231357
1628	1232858
1629	1233004
1630	1234161
1631	1234769
1632	1235625
1633	1235993
1634	1237405
1635	1238702
1636	1239202
1637	1240160
1638	1240238
1639	1240702
1640	1241214
1641	1241619
1642	1242527
1643	1243918
1644	1244922
1645	1245884
1646	1246650
1647	1247316
1648	1247660
1649	1247933
1650	1248001
1651	1248451
1652	1249056
1653	1249119
1654	1250158
1655	1250175
1656	1250984
1657	1251066
1658	1251220
1659	1252229
1660	1252494
1661	1253338
1662	1256535
1663	1257121
1664	1257180
1665	1257342
1666	1257710
1667	1258819
1668	1259200
1669	1260124
1670	1260940
1671	1261688
1672	1262192
1673	1262603
1674	1263914
1675	1264474
1676	1265243
1677	1267036
1678	1267076
1679	1267256
1680	1267927
1681	1268015
1682	1268644
1683	1268696
1684	1269199
1685	1269833
1686	1269894
1687	1270635
1688	1271486
1689	1272753
1690	1273231
1691	1275116
1692	1275422
1693	1275498
1694	1276309
1695	1277475
1696	1279310
1697	1279842
1698	1280144
1699	1280437
1700	1281342
1701	1282454
1702	1282503
1703	1283112
1704	1283831
1705	1285054
1706	1286856
1707	1287690
1708	1288364
1709	1290600
1710	1291877
1711	1293564
1712	1295439
1713	1296017
1714	1296135
1715	1296136
1716	1296138
1717	1297887
1718	1299472
1719	1300243
1720	1302175
1721	1302690
1722	1303129
1723	1303250
1724	1304889
1725	1305645
1726	1306017
1727	1306224
1728	1306259
1729	1306452
1730	1307511
1731	1308548
1732	1309933
1733	1310270
1734	1310276
1735	1310310
1736	1311792
1737	1313436
1738	1314237
1739	1314430
1740	1315616
1741	1317138
1742	1318449
1743	1319387
1744	1319608
1745	1319923
1746	1320621
1747	1321724
1748	1322968
1749	1323477
1750	1325784
1751	1327339
1752	1327876
1753	1328292
1754	1328581
1755	1328874
1756	1328931
1757	1328998
1758	1330205
1759	1330486
1760	1333265
1761	1334068
1762	1334461
1763	1334707
1764	1334798
1765	1335673
1766	1337232
1767	1337855
1768	1338069
1769	1339498
1770	1340554
1771	1340804
1772	1340846
1773	1341120
1774	1341184
1775	1342252
1776	1342469
1777	1342580
1778	1343602
1779	1343785
1780	1344109
1781	1344286
1782	1344317
1783	1345432
1784	1345433
1785	1345482
1786	1345887
1787	1347096
1788	1349646
1789	1349650
1790	1349807
1791	1350411
1792	1352631
1793	1354251
1794	1354923
1795	1354941
1796	1357351
1797	1361293
1798	1361929
1799	1362888
1800	1363328
1801	1364194
1802	1365121
1803	1366761
1804	1366884
1805	1369318
1806	1370173
1807	1372139
1808	1374080
1809	1374158
1810	1375071
1811	1375468
1812	1376486
1813	1377618
1814	1377822
1815	1377939
1816	1378006
1817	1378923
1818	1381019
1819	1381386
1820	1382522
1821	1382683
1822	1382790
1823	1383769
1824	1384341
1825	1384915
1826	1384943
1827	1385478
1828	1385690
1829	1386785
1830	1387512
1831	1388088
1832	1389277
1833	1390402
1834	1391793
1835	1392118
1836	1392443
1837	1392673
1838	1392788
1839	1393411
1840	1393931
1841	1393937
1842	1394004
1843	1394692
1844	1395014
1845	1395584
1846	1396060
1847	1396498
1848	1397199
1849	1398281
1850	1399174
1851	1399723
1852	1401700
1853	1402367
1854	1402935
1855	1403091
1856	1403764
1857	1403772
1858	1404384
1859	1404401
1860	1404788
1861	1404945
1862	1405025
1863	1405147
1864	1406727
1865	1407467
1866	1407496
1867	1407615
1868	1408083
1869	1408643
1870	1409699
1871	1409734
1872	1409928
1873	1410686
1874	1410878
1875	1411611
1876	1411996
1877	1413017
1878	1414258
1879	1414405
1880	1414469
1881	1416401
1882	1416822
1883	1417274
1884	1417436
1885	1417478
1886	1417769
1887	1417799
1888	1420085
1889	1424260
1890	1424307
1891	1424969
1892	1425108
1893	1426891
1894	1426940
1895	1428688
1896	1430145
1897	1432554
1898	1435474
1899	1435611
1900	1435639
1901	1435938
1902	1436304
1903	1436546
1904	1436746
1905	1436963
1906	1436967
1907	1439844
1908	1440644
1909	1440925
1910	1442692
1911	1444748
1912	1445092
1913	1445404
1914	1446136
1915	1447293
1916	1447306
1917	1447656
1918	1447803
1919	1448484
1920	1448715
1921	1449416
1922	1449566
1923	1449661
1924	1453471
1925	1455252
1926	1455474
1927	1455729
1928	1455934
1929	1456208
1930	1456610
1931	1456975
1932	1457022
1933	1457038
1934	1458015
1935	1459010
1936	1459511
1937	1459566
1938	1459982
1939	1460123
1940	1460856
1941	1461579
1942	1464106
1943	1464634
1944	1464943
1945	1466797
1946	1468605
1947	1469131
1948	1470479
1949	1471953
1950	1472592
1951	1473733
1952	1474855
1953	1474878
1954	1475462
1955	1476057
1956	1476072
1957	1476834
1958	1477623
1959	1478284
1960	1478618
1961	1480710
1962	1481868
1963	1482010
1964	1482422
1965	1482423
1966	1482680
1967	1483596
1968	1483745
1969	1484723
1970	1485044
1971	1485149
1972	1485210
1973	1485400
1974	1486153
1975	1487210
1976	1488413
1977	1489879
1978	1490174
1979	1490189
1980	1490884
1981	1490910
1982	1491275
1983	1491318
1984	1491443
1985	1494335
1986	1494968
1987	1495450
1988	1498145
1989	1498292
1990	1499252
1991	1499269
1992	1500542
1993	1500594
1994	1501092
1995	1502743
1996	1506115
1997	1506512
1998	1506742
1999	1507566
2000	1507845
2001	1508184
2002	1508487
2003	1508566
2004	1509447
2005	1509761
2006	1510025
2007	1510079
2008	1510316
2009	1512314
2010	1513597
2011	1515808
2012	1516815
2013	1517342
2014	1518731
2015	1519040
2016	1519750
2017	1520986
2018	1523629
2019	1524581
2020	1525692
2021	1525859
2022	1526713
2023	1534908
2024	1535570
2025	1539901
2026	1540800
2027	1541072
2028	1545357
2029	1547605
2030	1548087
2031	1548375
2032	1548431
2033	1549304
2034	1549368
2035	1553203
2036	1553573
2037	1556712
2038	1556808
2039	1557950
2040	1557970
2041	1558133
2042	1560747
2043	1560755
2044	1561663
2045	1564755
2046	1564757
2047	1565006
2048	1566418
2049	1566486
2050	1566883
2051	1568146
2052	1569033
2053	1572464
2054	1578590
2055	1579614
2056	1580548
2057	1580829
2058	1581363
2059	1581860
2060	1582571
2061	1583682
2062	1585424
2063	1587223
2064	1587277
2065	1587299
2066	1588126
2067	1589077
2068	1589928
2069	1591701
2070	1592768
2071	1593212
2072	1593471
2073	1594043
2074	1594374
2075	1594824
2076	1595061
2077	1598265
2078	1598702
2079	1600408
2080	1600411
2081	1601578
2082	1601792
2083	1601965
2084	1602017
2085	1603415
2086	1604175
2087	1605435
2088	1605476
2089	1605708
2090	1606412
2091	1607880
2092	1607948
2093	1609627
2094	1612320
2095	1613118
2096	1613741
2097	1614491
2098	1614779
2099	1615073
2100	1615153
2101	1615572
2102	1615832
2103	1617649
2104	1618085
2105	1619304
2106	1619368
2107	1619445
2108	1623166
2109	1623648
2110	1623824
2111	1624105
2112	1625821
2113	1625977
2114	1626112
2115	1627218
2116	1627640
2117	1628679
2118	1629363
2119	1631119
2120	1631566
2121	1634444
2122	1634631
2123	1635412
2124	1635799
2125	1635893
2126	1637091
2127	1637131
2128	1637565
2129	1639187
2130	1640411
2131	1640749
2132	1640751
2133	1641269
2134	1641736
2135	1641965
2136	1642629
2137	1643017
2138	1643088
2139	1643192
2140	1643284
2141	1643380
2142	1644483
2143	1644600
2144	1645299
2145	1645436
2146	1645733
2147	1646383
2148	1646491
2149	1647702
2150	1647705
2151	1648425
2152	1649049
2153	1649454
2154	1649464
2155	1649910
2156	1650725
2157	1650875
2158	1651190
2159	1651367
2160	1651953
2161	1652917
2162	1655181
2163	1656413
2164	1656502
2165	1656747
2166	1656849
2167	1657117
2168	1657913
2169	1659129
2170	1659220
2171	1659768
2172	1659812
2173	1661481
2174	1661766
2175	1661973
2176	1662224
2177	1662351
2178	1662530
2179	1662856
2180	1663180
2181	1663257
2182	1664205
2183	1664450
2184	1665969
2185	1666199
2186	1666414
2187	1666789
2188	1669603
2189	1670013
2190	1674792
2191	1674831
2192	1675069
2193	1675166
2194	1675213
2195	1677063
2196	1677637
2197	1678161
2198	1678266
2199	1679628
2200	1679988
2201	1680471
2202	1681810
2203	1682756
2204	1682774
2205	1682861
2206	1682971
2207	1683922
2208	1685248
2209	1685402
2210	1685964
2211	1686013
2212	1686455
2213	1687870
2214	1687974
2215	1688960
2216	1689494
2217	1689598
2218	1690667
2219	1694850
2220	1695296
2221	1696029
2222	1696032
2223	1696053
2224	1696093
2225	1696267
2226	1696398
2227	1696828
2228	1696910
2229	1697084
2230	1697143
2231	1697152
2232	1697185
2233	1697385
2234	1697770
2235	1697860
2236	1698225
2237	1698570
2238	1698759
2239	1698897
2240	1698902
2241	1699005
2242	1699091
2243	1700233
2244	1701343
2245	1702465
2246	1703637
2247	1704249
2248	1704868
2249	1705216
2250	1706446
2251	1706617
2252	1706710
2253	1706788
2254	1707640
2255	1707687
2256	1707944
2257	1708000
2258	1708987
2259	1710147
2260	1710645
2261	1711470
2262	1712288
2263	1713341
2264	1714251
2265	1716328
2266	1717467
2267	1717582
2268	1718175
2269	1719458
2270	1720160
2271	1720390
2272	1720825
2273	1721447
2274	1721936
2275	1722102
2276	1722794
2277	1722887
2278	1723041
2279	1723599
2280	1723804
2281	1724719
2282	1725633
2283	1727334
2284	1727744
2285	1727966
2286	1728838
2287	1730275
2288	1731005
2289	1731848
2290	1732807
2291	1733418
2292	1733691
2293	1734723
2294	1739805
2295	1739903
2296	1741154
2297	1741523
2298	1743659
2299	1744103
2300	1744488
2301	1745272
2302	1745357
2303	1746023
2304	1746542
2305	1746722
2306	1747377
2307	1748352
2308	1748488
2309	1748518
2310	1748756
2311	1748829
2312	1750034
2313	1750824
2314	1751148
2315	1751179
2316	1751545
2317	1754290
2318	1754895
2319	1755321
2320	1755338
2321	1755810
2322	1757871
2323	1758521
2324	1758993
2325	1759690
2326	1759780
2327	1760688
2328	1761914
2329	1764586
2330	1765522
2331	1767044
2332	1767694
2333	1767909
2334	1768015
2335	1769257
2336	1770682
2337	1770704
2338	1771397
2339	1773419
2340	1773547
2341	1773990
2342	1777338
2343	1778741
2344	1780396
2345	1781264
2346	1781442
2347	1781676
2348	1781700
2349	1781757
2350	1781887
2351	1781941
2352	1782751
2353	1782918
2354	1782978
2355	1783165
2356	1783574
2357	1784837
2358	1785296
2359	1786842
2360	1786909
2361	1787545
2362	1788462
2363	1789332
2364	1789890
2365	1791304
2366	1792670
2367	1792804
2368	1794800
2369	1795076
2370	1796393
2371	1796876
2372	1796957
2373	1797234
2374	1797949
2375	1798189
2376	1798340
2377	1798643
2378	1798824
2379	1799461
2380	1802027
2381	1802920
2382	1803381
2383	1803394
2384	1803554
2385	1803622
2386	1803974
2387	1804279
2388	1805631
2389	1807861
2390	1808890
2391	1809362
2392	1809559
2393	1809888
2394	1809913
2395	1810179
2396	1810235
2397	1810627
2398	1811334
2399	1811454
2400	1811532
2401	1811677
2402	1811855
2403	1812612
2404	1813964
2405	1813965
2406	1814439
2407	1817787
2408	1817916
2409	1817926
2410	1818291
2411	1819407
2412	1820252
2413	1820588
2414	1822162
2415	1822660
2416	1824038
2417	1824168
2418	1824410
2419	1824705
2420	1824814
2421	1824843
2422	1826778
2423	1829865
2424	1831368
2425	1831380
2426	1831431
2427	1831446
2428	1831448
2429	1831717
2430	1831791
2431	1831927
2432	1832207
2433	1832440
2434	1833797
2435	1835324
2436	1836450
2437	1836955
2438	1837191
2439	1837762
2440	1839020
2441	1839381
2442	1839505
2443	1841565
2444	1842271
2445	1843320
2446	1844411
2447	1845941
2448	1846044
2449	1846332
2450	1847629
2451	1847670
2452	1847722
2453	1847798
2454	1847827
2455	1848243
2456	1848608
2457	1848736
2458	1848905
2459	1849487
2460	1851642
2461	1851870
2462	1855208
2463	1855209
2464	1855547
2465	1855649
2466	1855748
2467	1856895
2468	1857021
2469	1857497
2470	1858270
2471	1859047
2472	1859165
2473	1860496
2474	1861385
2475	1861434
2476	1861830
2477	1863045
2478	1863109
2479	1863901
2480	1864507
2481	1868369
2482	1869177
2483	1869632
2484	1869913
2485	1869928
2486	1871339
2487	1872641
2488	1872683
2489	1872752
2490	1873207
2491	1873338
2492	1874299
2493	1875613
2494	1877573
2495	1878470
2496	1880461
2497	1881356
2498	1882537
2499	1883330
2500	1888169
2501	1888450
2502	1888654
2503	1890001
2504	1891091
2505	1891498
2506	1891841
2507	1895589
2508	1898200
2509	1899936
2510	1901266
2511	1901488
2512	1901493
2513	1902876
2514	1902968
2515	1903235
2516	1903799
2517	1903953
2518	1904143
2519	1904313
2520	1904794
2521	1905271
2522	1905662
2523	1905948
2524	1906404
2525	1906429
2526	1907124
2527	1907290
2528	1908180
2529	1909013
2530	1909595
2531	1909668
2532	1909999
2533	1910060
2534	1910174
2535	1910496
2536	1911496
2537	1913144
2538	1913186
2539	1913907
2540	1914022
2541	1914149
2542	1914451
2543	1914466
2544	1916867
2545	1918104
2546	1918574
2547	1918808
2548	1920576
2549	1921061
2550	1921174
2551	1921283
2552	1923463
2553	1923738
2554	1924363
2555	1925022
2556	1925232
2557	1925795
2558	1926441
2559	1926560
2560	1926953
2561	1927117
2562	1927528
2563	1928314
2564	1928359
2565	1928569
2566	1931840
2567	1932640
2568	1932950
2569	1932999
2570	1933496
2571	1933548
2572	1934601
2573	1935584
2574	1935627
2575	1936322
2576	1936984
2577	1937622
2578	1938525
2579	1938918
2580	1939277
2581	1939325
2582	1939347
2583	1940841
2584	1940999
2585	1941079
2586	1941142
2587	1941205
2588	1941657
2589	1941731
2590	1942802
2591	1942803
2592	1943412
2593	1944799
2594	1944834
2595	1947338
2596	1947725
2597	1948160
2598	1950195
2599	1950903
2600	1950999
2601	1953421
2602	1953591
2603	1953749
2604	1954805
2605	1955681
2606	1956363
2607	1957540
2608	1957648
2609	1957989
2610	1959849
2611	1959993
2612	1960137
2613	1961422
2614	1961779
2615	1961834
2616	1962262
2617	1962294
2618	1962623
2619	1963647
2620	1965159
2621	1966319
2622	1966350
2623	1966485
2624	1967942
2625	1969344
2626	1969859
2627	1970611
2628	1970712
2629	1972022
2630	1972299
2631	1972775
2632	1973253
2633	1974032
2634	1974101
2635	1974159
2636	1976574
2637	1977069
2638	1977393
2639	1977803
2640	1978263
2641	1978265
2642	1978390
2643	1979230
2644	1979487
2645	1980009
2646	1981590
2647	1982195
2648	1982767
2649	1982824
2650	1982965
2651	1983131
2652	1983329
2653	1985356
2654	1985837
2655	1987246
2656	1988228
2657	1988312
2658	1989384
2659	1989704
2660	1991873
2661	1992127
2662	1992448
2663	1993496
2664	1993747
2665	1994035
2666	1994584
2667	1994817
2668	1995471
2669	1995626
2670	1996399
2671	1997224
2672	1997531
2673	1998043
2674	1999214
2675	1999613
2676	2000168
2677	2000375
2678	2000614
2679	2001395
2680	2003195
2681	2004988
2682	2004989
2683	2005319
2684	2006316
2685	2007203
2686	2007774
2687	2008087
2688	2008278
2689	2008705
2690	2008706
2691	2009747
2692	2011345
2693	2011578
2694	2011603
2695	2011813
2696	2014330
2697	2016582
2698	2016690
2699	2016694
2700	2016909
2701	2018311
2702	2018457
2703	2018728
2704	2019254
2705	2020374
2706	2022247
2707	2022519
2708	2022794
2709	2023128
2710	2023297
2711	2023395
2712	2023537
2713	2024479
2714	2024877
2715	2025005
2716	2025894
2717	2026599
2718	2028624
2719	2031264
2720	2033254
2721	2035338
2722	2035364
2723	2036030
2724	2036152
2725	2036292
2726	2036735
2727	2036897
2728	2037151
2729	2037174
2730	2037285
2731	2038746
2732	2038990
2733	2039162
2734	2040472
2735	2041449
2736	2042870
2737	2042888
2738	2047140
2739	2047618
2740	2047667
2741	2048959
2742	2049642
2743	2050286
2744	2050297
2745	2050857
2746	2051192
2747	2051781
2748	2052534
2749	2054669
2750	2054838
2751	2055729
2752	2055784
2753	2055856
2754	2055937
2755	2056787
2756	2057784
2757	2058216
2758	2058389
2759	2059080
2760	2059360
2761	2060509
2762	2061458
2763	2061919
2764	2062108
2765	2062140
2766	2063341
2767	2063389
2768	2065982
2769	2066076
2770	2066914
2771	2068261
2772	2068740
2773	2069725
2774	2071090
2775	2071505
2776	2072699
2777	2072792
2778	2075571
2779	2075707
2780	2076542
2781	2077336
2782	2078178
2783	2078303
2784	2078739
2785	2079322
2786	2079712
2787	2082533
2788	2083830
2789	2084954
2790	2086155
2791	2086301
2792	2086443
2793	2088219
2794	2088322
2795	2088404
2796	2088866
2797	2089101
2798	2089217
2799	2089262
2800	2089423
2801	2089477
2802	2090495
2803	2091542
2804	2092037
2805	2092514
2806	2093499
2807	2094011
2808	2096445
2809	2099859
2810	2100731
2811	2101058
2812	2101189
2813	2101396
2814	2102821
2815	2102958
2816	2103110
2817	2103483
2818	2105460
2819	2107334
2820	2107570
2821	2110229
2822	2110803
2823	2112056
2824	2112354
2825	2113412
2826	2113822
2827	2114364
2828	2116310
2829	2117208
2830	2118817
2831	2119509
2832	2119753
2833	2120770
2834	2125707
2835	2126268
2836	2126932
2837	2128226
2838	2128509
2839	2129613
2840	2129814
2841	2131332
2842	2131931
2843	2132508
2844	2133178
2845	2135160
2846	2136586
2847	2139694
2848	2140350
2849	2140459
2850	2140773
2851	2141258
2852	2142629
2853	2144029
2854	2145762
2855	2146143
2856	2146761
2857	2146964
2858	2147218
2859	2147404
2860	2147667
2861	2147671
2862	2148658
2863	2148767
2864	2149264
2865	2149411
2866	2150005
2867	2151102
2868	2151281
2869	2151329
2870	2151746
2871	2152570
2872	2152608
2873	2154325
2874	2154609
2875	2155070
2876	2156665
2877	2157894
2878	2160088
2879	2161033
2880	2161035
2881	2162001
2882	2162353
2883	2162430
2884	2162793
2885	2162941
2886	2163501
2887	2163673
2888	2163906
2889	2164046
2890	2164477
2891	2164578
2892	2165102
2893	2165391
2894	2165584
2895	2166575
2896	2166722
2897	2167101
2898	2167333
2899	2167383
2900	2168252
2901	2168266
2902	2168638
2903	2169577
2904	2169855
2905	2171144
2906	2172011
2907	2172130
2908	2174134
2909	2174840
2910	2175048
2911	2176062
2912	2177444
2913	2178452
2914	2179304
2915	2180491
2916	2181368
2917	2181389
2918	2182440
2919	2182527
2920	2183028
2921	2183032
2922	2184778
2923	2185545
2924	2186037
2925	2186332
2926	2186845
2927	2187184
2928	2188373
2929	2188602
2930	2188775
2931	2188919
2932	2189310
2933	2189577
2934	2189678
2935	2190547
2936	2190979
2937	2191226
2938	2192708
2939	2193131
2940	2193416
2941	2194262
2942	2195160
2943	2196189
2944	2196714
2945	2197792
2946	2199119
2947	2199861
2948	2201402
2949	2201671
2950	2201703
2951	2202814
2952	2204033
2953	2204710
2954	2206691
2955	2206845
2956	2207891
2957	2208188
2958	2208390
2959	2208693
2960	2209518
2961	2210186
2962	2210845
2963	2211467
2964	2212690
2965	2212836
2966	2215113
2967	2215964
2968	2216920
2969	2216947
2970	2217600
2971	2218452
2972	2218513
2973	2218840
2974	2218861
2975	2219057
2976	2219098
2977	2219230
2978	2219263
2979	2219780
2980	2220016
2981	2220422
2982	2220703
2983	2220827
2984	2220935
2985	2221072
2986	2221200
2987	2221325
2988	2221400
2989	2221883
2990	2222173
2991	2222654
2992	2223208
2993	2223277
2994	2223470
2995	2224172
2996	2226396
2997	2227633
2998	2227821
2999	2227854
3000	2229451
3001	2229769
3002	2229826
3003	2230031
3004	2230051
3005	2232597
3006	2232916
3007	2235721
3008	2235729
3009	2235801
3010	2238665
3011	2238726
3012	2241944
3013	2245441
3014	2246587
3015	2246896
3016	2247135
3017	2247173
3018	2247193
3019	2248411
3020	2249064
3021	2250186
3022	2250697
3023	2250819
3024	2251991
3025	2255223
3026	2255320
3027	2256143
3028	2258581
3029	2258936
3030	2260046
3031	2260757
3032	2261280
3033	2264168
3034	2264484
3035	2264666
3036	2265620
3037	2266833
3038	2266907
3039	2267766
3040	2268934
3041	2271286
3042	2272199
3043	2272964
3044	2273969
3045	2275160
3046	2275176
3047	2276841
3048	2277484
3049	2277507
3050	2277865
3051	2277959
3052	2278140
3053	2278329
3054	2279654
3055	2280003
3056	2280056
3057	2280774
3058	2280900
3059	2280978
3060	2282158
3061	2282550
3062	2282586
3063	2283664
3064	2283677
3065	2283773
3066	2284156
3067	2284457
3068	2285198
3069	2286236
3070	2287442
3071	2287563
3072	2288764
3073	2288875
3074	2288908
3075	2289489
3076	2289790
3077	2289970
3078	2290918
3079	2291660
3080	2291680
3081	2292929
3082	2293383
3083	2294110
3084	2295240
3085	2296722
3086	2297607
3087	2298219
3088	2298584
3089	2298776
3090	2299647
3091	2300571
3092	2300678
3093	2300875
3094	2301362
3095	2301479
3096	2303350
3097	2303492
3098	2303948
3099	2304023
3100	2306229
3101	2306573
3102	2306954
3103	2308610
3104	2308659
3105	2308875
3106	2309833
3107	2311116
3108	2311565
3109	2311789
3110	2311832
3111	2312243
3112	2312870
3113	2315341
3114	2316192
3115	2316208
3116	2316389
3117	2316508
3118	2319488
3119	2322648
3120	2323229
3121	2323979
3122	2326033
3123	2327024
3124	2327794
3125	2327917
3126	2328190
3127	2331442
3128	2332044
3129	2333557
3130	2334783
3131	2336231
3132	2336458
3133	2336688
3134	2337094
3135	2337443
3136	2337817
3137	2338143
3138	2339705
3139	2342613
3140	2342978
3141	2343184
3142	2343728
3143	2343946
3144	2344814
3145	2346300
3146	2348302
3147	2352824
3148	2354067
3149	2354458
3150	2354561
3151	2355625
3152	2355737
3153	2356899
3154	2357978
3155	2358657
3156	2358787
3157	2360924
3158	2361502
3159	2362227
3160	2362923
3161	2364692
3162	2365448
3163	2365627
3164	2367819
3165	2368242
3166	2368981
3167	2369406
3168	2369432
3169	2370287
3170	2371285
3171	2372751
3172	2372859
3173	2374363
3174	2376429
3175	2377735
3176	2378473
3177	2379995
3178	2381022
3179	2386110
3180	2388599
3181	2388939
3182	2389123
3183	2389215
3184	2389676
3185	2390753
3186	2391000
3187	2391007
3188	2391041
3189	2392919
3190	2393387
3191	2395978
3192	2396269
3193	2396562
3194	2397103
3195	2397467
3196	2397655
3197	2398061
3198	2398910
3199	2399553
3200	2399599
3201	2400202
3202	2400314
3203	2401562
3204	2401598
3205	2403202
3206	2403476
3207	2404372
3208	2404594
3209	2404955
3210	2405019
3211	2405932
3212	2406223
3213	2406636
3214	2407142
3215	2409186
3216	2410129
3217	2410457
3218	2410803
3219	2411135
3220	2412839
3221	2413014
3222	2414624
3223	2414833
3224	2416113
3225	2416283
3226	2416529
3227	2417393
3228	2417529
3229	2419337
3230	2421136
3231	2429633
3232	2431308
3233	2431346
3234	2431631
3235	2432356
3236	2432452
3237	2435582
3238	2436088
3239	2437279
3240	2438158
3241	2438426
3242	2438995
3243	2440879
3244	2441303
3245	2441765
3246	2442031
3247	2442826
3248	2446269
3249	2446488
3250	2448156
3251	2449050
3252	2450247
3253	2450250
3254	2451002
3255	2451151
3256	2451707
3257	2452250
3258	2452372
3259	2452533
3260	2452592
3261	2453737
3262	2454286
3263	2454366
3264	2456010
3265	2456296
3266	2456374
3267	2458246
3268	2458319
3269	2460639
3270	2460803
3271	2461230
3272	2461340
3273	2462990
3274	2463585
3275	2464590
3276	2465083
3277	2465319
3278	2465736
3279	2467697
3280	2467909
3281	2467936
3282	2470970
3283	2471647
3284	2472091
3285	2473287
3286	2473622
3287	2475295
3288	2476451
3289	2477278
3290	2477577
3291	2477786
3292	2478840
3293	2479751
3294	2480214
3295	2480528
3296	2480730
3297	2481173
3298	2482334
3299	2482605
3300	2483605
3301	2483609
3302	2484043
3303	2485552
3304	2485743
3305	2486882
3306	2487103
3307	2488418
3308	2488786
3309	2489636
3310	2489647
3311	2489708
3312	2490667
3313	2491417
3314	2492688
3315	2492984
3316	2493021
3317	2493523
3318	2494778
3319	2495204
3320	2496239
3321	2496266
3322	2496977
3323	2498150
3324	2500194
3325	2500227
3326	2500886
3327	2501392
3328	2501573
3329	2502800
3330	2503908
3331	2503968
3332	2504695
3333	2506515
3334	2507009
3335	2508627
3336	2509434
3337	2509803
3338	2510167
3339	2511410
3340	2512523
3341	2513547
3342	2513715
3343	2514573
3344	2515108
3345	2515219
3346	2516186
3347	2517210
3348	2517522
3349	2518069
3350	2518343
3351	2518406
3352	2518957
3353	2519974
3354	2520115
3355	2520627
3356	2521374
3357	2521463
3358	2521539
3359	2521973
3360	2522980
3361	2522981
3362	2523701
3363	2523718
3364	2525158
3365	2525908
3366	2526740
3367	2527413
3368	2527512
3369	2527788
3370	2529615
3371	2530742
3372	2530959
3373	2531115
3374	2531875
3375	2532341
3376	2532644
3377	2533273
3378	2533513
3379	2534099
3380	2534274
3381	2534391
3382	2535525
3383	2536522
3384	2538412
3385	2538782
3386	2539035
3387	2539063
3388	2539895
3389	2542187
3390	2544423
3391	2544612
3392	2544628
3393	2544948
3394	2545824
3395	2545965
3396	2546125
3397	2546956
3398	2547981
3399	2548181
3400	2548202
3401	2548425
3402	2549700
3403	2552260
3404	2552492
3405	2552584
3406	2552883
3407	2554222
3408	2554649
3409	2554768
3410	2555379
3411	2557618
3412	2559884
3413	2560241
3414	2560685
3415	2562766
3416	2565438
3417	2565691
3418	2566220
3419	2566425
3420	2566436
3421	2566717
3422	2566738
3423	2567254
3424	2567875
3425	2568415
3426	2568639
3427	2570461
3428	2571383
3429	2573076
3430	2573885
3431	2573958
3432	2575580
3433	2575581
3434	2575586
3435	2576022
3436	2576170
3437	2576175
3438	2576208
3439	2576649
3440	2577723
3441	2578574
3442	2578926
3443	2579196
3444	2579327
3445	2579350
3446	2579465
3447	2579502
3448	2579762
3449	2579894
3450	2580001
3451	2581794
3452	2582220
3453	2585428
3454	2586719
3455	2586811
3456	2587006
3457	2587017
3458	2587120
3459	2587143
3460	2587665
3461	2587818
3462	2587828
3463	2588037
3464	2590087
3465	2591251
3466	2594573
3467	2594769
3468	2594858
3469	2595223
3470	2595872
3471	2596243
3472	2596475
3473	2600483
3474	2601070
3475	2601298
3476	2601410
3477	2603156
3478	2604038
3479	2605083
3480	2605600
3481	2607673
3482	2609739
3483	2610324
3484	2611657
3485	2611689
3486	2612519
3487	2612553
3488	2612751
3489	2613258
3490	2614668
3491	2614669
3492	2615034
3493	2615038
3494	2617623
3495	2618245
3496	2618641
3497	2618730
3498	2619986
3499	2620843
3500	2622217
3501	2622505
3502	2622930
3503	2623659
3504	2624817
3505	2625465
3506	2626226
3507	2626617
3508	2626636
3509	2626795
3510	2626952
3511	2627057
3512	2627167
3513	2627170
3514	2627185
3515	2627200
3516	2627373
3517	2627383
3518	2628066
3519	2629172
3520	2631218
3521	2631616
3522	2632170
3523	2633523
3524	2633797
3525	2634315
3526	2637180
3527	2637558
3528	2637804
3529	2641586
3530	2642541
3531	2643409
3532	2644877
3533	2645967
3534	2646211
3535	2646853
3536	2647822
3537	2647968
3538	2649585
3539	2649606
3540	2650107
3541	2651621
3542	2651703
3543	2653279
3544	2653338
3545	2653407
3546	2653503
3547	2655778
3548	2656298
3549	2656396
3550	2656619
3551	2657194
3552	2657255
3553	2657847
3554	2657914
3555	2659157
3556	2659740
3557	2660153
3558	2660361
3559	2660460
3560	2660491
3561	2661117
3562	2661265
3563	2661471
3564	2661925
3565	2661953
3566	2662148
3567	2662362
3568	2663133
3569	2663923
3570	2664321
3571	2665602
3572	2665611
3573	2665612
3574	2666764
3575	2671607
3576	2671922
3577	2673063
3578	2673709
3579	2674168
3580	2674401
3581	2678265
3582	2679047
3583	2681410
3584	2682101
3585	2682227
3586	2682704
3587	2683691
3588	2684014
3589	2684128
3590	2685774
3591	2686660
3592	2686938
3593	2687202
3594	2688171
3595	2688622
3596	2690717
3597	2692267
3598	2695170
3599	2695687
3600	2696490
3601	2697463
3602	2699060
3603	2699704
3604	2699786
3605	2699820
3606	2699918
3607	2699954
3608	2700108
3609	2700109
3610	2701264
3611	2703221
3612	2704927
3613	2705949
3614	2707819
3615	2712342
3616	2712378
3617	2713121
3618	2713228
3619	2713875
3620	2714982
3621	2715292
3622	2716555
3623	2716836
3624	2717347
3625	2717753
3626	2717862
3627	2718666
3628	2718955
3629	2719529
3630	2720101
3631	2721958
3632	2722381
3633	2722573
3634	2722751
3635	2723069
3636	2723195
3637	2724182
3638	2725698
3639	2726912
3640	2727034
3641	2727623
3642	2727914
3643	2730752
3644	2732985
3645	2734367
3646	2734680
3647	2734682
3648	2735227
3649	2735423
3650	2735554
3651	2736070
3652	2737725
3653	2738458
3654	2740797
3655	2741276
3656	2741361
3657	2741636
3658	2742768
3659	2742811
3660	2743416
3661	2743541
3662	2743542
3663	2743796
3664	2744308
3665	2744682
3666	2745332
3667	2745927
3668	2746172
3669	2748035
3670	2749769
3671	2751225
3672	2751750
3673	2751961
3674	2752408
3675	2753812
3676	2756032
3677	2758767
3678	2759140
3679	2759152
3680	2759162
3681	2759184
3682	2761550
3683	2761604
3684	2762145
3685	2762430
3686	2763250
3687	2765318
3688	2765448
3689	2765847
3690	2766773
3691	2768496
3692	2768515
3693	2768852
3694	2769094
3695	2769285
3696	2776213
3697	2776376
3698	2779493
3699	2780790
3700	2781486
3701	2782444
3702	2783835
3703	2784667
3704	2786109
3705	2786176
3706	2786889
3707	2787158
3708	2787797
3709	2787899
3710	2788096
3711	2788593
3712	2789069
3713	2789516
3714	2790133
3715	2790143
3716	2790748
3717	2792185
3718	2793160
3719	2793397
3720	2794181
3721	2794884
3722	2795146
3723	2795233
3724	2795546
3725	2795580
3726	2801125
3727	2801235
3728	2802008
3729	2802705
3730	2804760
3731	2805186
3732	2806738
3733	2806906
3734	2807219
3735	2807704
3736	2807966
3737	2808820
3738	2809103
3739	2809337
3740	2810810
3741	2810944
3742	2811197
3743	2811789
3744	2814540
3745	2816222
3746	2816239
3747	2817481
3748	2818289
3749	2818455
3750	2818778
3751	2819068
3752	2819523
3753	2819761
3754	2819780
3755	2820147
3756	2820950
3757	2822661
3758	2822917
3759	2823960
3760	2825188
3761	2826405
3762	2826469
3763	2829770
3764	2830310
3765	2831175
3766	2831595
3767	2832123
3768	2834119
3769	2834795
3770	2834951
3771	2835239
3772	2836158
3773	2836366
3774	2836687
3775	2837516
3776	2838636
3777	2839231
3778	2841173
3779	2841523
3780	2842315
3781	2843486
3782	2844039
3783	2844142
3784	2844213
3785	2844295
3786	2847267
3787	2848001
3788	2848198
3789	2848799
3790	2849336
3791	2849862
3792	2851073
3793	2851521
3794	2851906
3795	2852186
3796	2852517
3797	2854872
3798	2855370
3799	2856408
3800	2859477
3801	2859495
3802	2859497
3803	2859920
3804	2859968
3805	2860539
3806	2860731
3807	2860740
3808	2860754
3809	2860990
3810	2861001
3811	2861123
3812	2861133
3813	2861519
3814	2861762
3815	2862015
3816	2862291
3817	2862293
3818	2863018
3819	2863094
3820	2864511
3821	2865135
3822	2866443
3823	2866475
3824	2866517
3825	2866951
3826	2867626
3827	2868223
3828	2868626
3829	2869050
3830	2870114
3831	2870686
3832	2872902
3833	2872987
3834	2873139
3835	2873471
3836	2873506
3837	2873703
3838	2875010
3839	2875092
3840	2875477
3841	2876063
3842	2876244
3843	2876267
3844	2878899
3845	2879157
3846	2879882
3847	2880093
3848	2880231
3849	2880686
3850	2881151
3851	2881889
3852	2882882
3853	2883383
3854	2883396
3855	2883404
3856	2883417
3857	2883476
3858	2883482
3859	2884103
3860	2886951
3861	2887414
3862	2888255
3863	2890211
3864	2890673
3865	2891024
3866	2891514
3867	2891611
3868	2892155
3869	2892236
3870	2892498
3871	2893959
3872	2894304
3873	2896295
3874	2896833
3875	2896934
3876	2898094
3877	2899360
3878	2900922
3879	2904238
3880	2904470
3881	2904883
3882	2905032
3883	2905135
3884	2905216
3885	2905219
3886	2905236
3887	2905327
3888	2905627
3889	2905710
3890	2907221
3891	2907235
3892	2907850
3893	2908859
3894	2908860
3895	2910179
3896	2910866
3897	2911659
3898	2912976
3899	2913681
3900	2914191
3901	2916609
3902	2916672
3903	2916691
3904	2916862
3905	2916990
3906	2918137
3907	2918270
3908	2919001
3909	2919104
3910	2920676
3911	2921616
3912	2922790
3913	2923010
3914	2923119
3915	2923571
3916	2923992
3917	2924817
3918	2925789
3919	2925817
3920	2926013
3921	2926079
3922	2926216
3923	2927091
3924	2928844
3925	2929534
3926	2931576
3927	2932215
3928	2933215
3929	2934160
3930	2934416
3931	2934445
3932	2934446
3933	2934880
3934	2935037
3935	2935394
3936	2935966
3937	2938082
3938	2938876
3939	2940215
3940	2941500
3941	2946166
3942	2948504
3943	2949009
3944	2952035
3945	2952213
3946	2953267
3947	2953395
3948	2953624
3949	2954745
3950	2958174
3951	2958885
3952	2959558
3953	2959659
3954	2962278
3955	2962404
3956	2966809
3957	2967128
3958	2968931
3959	2969749
3960	2969891
3961	2974521
3962	2976591
3963	2977322
3964	2979419
3965	2979547
3966	2979568
3967	2979737
3968	2980401
3969	2982843
3970	2984988
3971	2985500
3972	2985856
3973	2986947
3974	2987772
3975	2989419
3976	2989659
3977	2990899
3978	2993920
3979	2994775
3980	2995692
3981	2995730
3982	2995925
3983	2997116
3984	2997534
3985	2999446
3986	2999569
3987	2999675
3988	2999765
3989	2999830
3990	2999897
3991	3000067
3992	3000368
3993	3000392
3994	3000431
3995	3003635
3996	3004378
3997	3004424
3998	3004888
3999	3005551
4000	3006815
4001	3007341
4002	3007840
4003	3009109
4004	3010846
4005	3011900
4006	3012067
4007	3013784
4008	3015543
4009	3017820
4010	3018414
4011	3020341
4012	3022378
4013	3023716
4014	3024175
4015	3024535
4016	3025136
4017	3028854
4018	3028942
4019	3029148
4020	3029312
4021	3030378
4022	3031483
4023	3032680
4024	3033162
4025	3034120
4026	3034748
4027	3037028
4028	3037087
4029	3037427
4030	3038094
4031	3039343
4032	3039410
4033	3040306
4034	3041719
4035	3042863
4036	3043783
4037	3044036
4038	3046579
4039	3046586
4040	3046643
4041	3046801
4042	3047202
4043	3047224
4044	3047433
4045	3047434
4046	3047515
4047	3047663
4048	3048143
4049	3048481
4050	3051382
4051	3052586
4052	3053336
4053	3054898
4054	3055003
4055	3057027
4056	3058325
4057	3058637
4058	3059729
4059	3061697
4060	3062265
4061	3062979
4062	3065525
4063	3066626
4064	3066893
4065	3067625
4066	3067951
4067	3069333
4068	3072584
4069	3073394
4070	3074095
4071	3074430
4072	3074530
4073	3074548
4074	3074822
4075	3074883
4076	3078248
4077	3079370
4078	3080344
4079	3080462
4080	3080724
4081	3081565
4082	3084116
4083	3084208
4084	3086319
4085	3089151
4086	3089776
4087	3090678
4088	3090687
4089	3091919
4090	3091957
4091	3092880
4092	3092925
4093	3094152
4094	3095881
4095	3096077
4096	3096116
4097	3096551
4098	3097713
4099	3098694
4100	3099607
4101	3099685
4102	3099808
4103	3099857
4104	3102031
4105	3103380
4106	3103743
4107	3106380
4108	3106616
4109	3107458
4110	3107579
4111	3109271
4112	3109524
4113	3109550
4114	3109598
4115	3110023
4116	3110025
4117	3111051
4118	3111236
4119	3111454
4120	3111698
4121	3111914
4122	3111917
4123	3115004
4124	3116014
4125	3116096
4126	3116362
4127	3116508
4128	3116513
4129	3117362
4130	3117876
4131	3117898
4132	3118163
4133	3119135
4134	3120055
4135	3121101
4136	3121377
4137	3122516
4138	3123016
4139	3123018
4140	3123426
4141	3123514
4142	3123692
4143	3124082
4144	3124510
4145	3125074
4146	3125924
4147	3126471
4148	3126486
4149	3126495
4150	3126935
4151	3126943
4152	3128149
4153	3128298
4154	3128549
4155	3129408
4156	3129894
4157	3130214
4158	3130371
4159	3130541
4160	3131272
4161	3131426
4162	3133024
4163	3133777
4164	3135299
4165	3135463
4166	3135627
4167	3136862
4168	3137889
4169	3137908
4170	3137954
4171	3139924
4172	3142742
4173	3142794
4174	3143899
4175	3143913
4176	3143955
4177	3144177
4178	3144405
4179	3145086
4180	3145455
4181	3145712
4182	3145814
4183	3146513
4184	3148044
4185	3150844
4186	3150863
4187	3150872
4188	3152054
4189	3152055
4190	3152102
4191	3152332
4192	3152404
4193	3153421
4194	3154519
4195	3154854
4196	3156228
4197	3160588
4198	3162179
4199	3162790
4200	3164027
4201	3165473
4202	3165622
4203	3165912
4204	3165927
4205	3167680
4206	3168557
4207	3168890
4208	3171710
4209	3172136
4210	3172869
4211	3173057
4212	3173702
4213	3173971
4214	3174133
4215	3174212
4216	3174691
4217	3174819
4218	3175310
4219	3175463
4220	3177563
4221	3178274
4222	3181699
4223	3181722
4224	3181816
4225	3182084
4226	3183164
4227	3183529
4228	3183612
4229	3183711
4230	3183901
4231	3184734
4232	3186704
4233	3186963
4234	3187098
4235	3187368
4236	3188048
4237	3188267
4238	3190953
4239	3190983
4240	3191201
4241	3191602
4242	3192666
4243	3192920
4244	3193535
4245	3195105
4246	3196016
4247	3196114
4248	3196336
4249	3196921
4250	3197904
4251	3198423
4252	3198734
4253	3199004
4254	3199187
4255	3199190
4256	3201773
4257	3202841
4258	3205623
4259	3207847
4260	3208643
4261	3209146
4262	3210755
4263	3211004
4264	3211451
4265	3211499
4266	3212498
4267	3212860
4268	3213833
4269	3213889
4270	3216211
4271	3216515
4272	3217580
4273	3218522
4274	3219849
4275	3221659
4276	3221717
4277	3221788
4278	3226113
4279	3226465
4280	3228391
4281	3230563
4282	3231083
4283	3231260
4284	3232941
4285	3233070
4286	3233101
4287	3233490
4288	3233571
4289	3233617
4290	3233698
4291	3234234
4292	3234270
4293	3235577
4294	3236021
4295	3236766
4296	3237043
4297	3237329
4298	3237830
4299	3237924
4300	3238873
4301	3239813
4302	3240160
4303	3240452
4304	3240490
4305	3240995
4306	3242101
4307	3242862
4308	3243708
4309	3244032
4310	3244819
4311	3244841
4312	3244944
4313	3245060
4314	3245297
4315	3245752
4316	3245942
4317	3247365
4318	3248060
4319	3248948
4320	3249359
4321	3250052
4322	3250243
4323	3251326
4324	3251983
4325	3252546
4326	3252750
4327	3254621
4328	3254637
4329	3256525
4330	3257876
4331	3260160
4332	3260674
4333	3260695
4334	3261609
4335	3262770
4336	3263906
4337	3266298
4338	3266538
4339	3267092
4340	3268837
4341	3269954
4342	3269955
4343	3270172
4344	3270235
4345	3270413
4346	3270772
4347	3271304
4348	3273332
4349	3273950
4350	3274062
4351	3275216
4352	3277234
4353	3279179
4354	3279952
4355	3280499
4356	3282482
4357	3282908
4358	3285082
4359	3285597
4360	3285598
4361	3285750
4362	3285904
4363	3286310
4364	3286605
4365	3288062
4366	3288159
4367	3290848
4368	3290975
4369	3291486
4370	3293371
4371	3293642
4372	3293644
4373	3294388
4374	3296770
4375	3299379
4376	3299603
4377	3302818
4378	3304999
4379	3305471
4380	3305774
4381	3305899
4382	3307546
4383	3308938
4384	3308947
4385	3309192
4386	3310024
4387	3310297
4388	3310958
4389	3312261
4390	3312631
4391	3312822
4392	3313015
4393	3313025
4394	3314514
4395	3316087
4396	3317128
4397	3318770
4398	3318999
4399	3319671
4400	3319784
4401	3321785
4402	3322101
4403	3322409
4404	3322876
4405	3323138
4406	3323278
4407	3324352
4408	3324789
4409	3325987
4410	3327952
4411	3328423
4412	3329866
4413	3330793
4414	3331075
4415	3333655
4416	3334074
4417	3334575
4418	3334580
4419	3334628
4420	3334774
4421	3334824
4422	3336006
4423	3336813
4424	3337308
4425	3337349
4426	3337426
4427	3338299
4428	3338593
4429	3338814
4430	3339266
4431	3340262
4432	3340596
4433	3341454
4434	3341802
4435	3344352
4436	3346087
4437	3347201
4438	3347643
4439	3347687
4440	3349666
4441	3350311
4442	3351552
4443	3351646
4444	3351683
4445	3352288
4446	3352928
4447	3353003
4448	3353297
4449	3353305
4450	3353761
4451	3353813
4452	3353868
4453	3354936
4454	3355335
4455	3355568
4456	3355663
4457	3355840
4458	3356327
4459	3357122
4460	3357764
4461	3358355
4462	3358762
4463	3359587
4464	3360095
4465	3361397
4466	3361783
4467	3361985
4468	3363723
4469	3364191
4470	3364942
4471	3365416
4472	3365587
4473	3365810
4474	3367861
4475	3368114
4476	3368159
4477	3368525
4478	3368685
4479	3369657
4480	3370011
4481	3371265
4482	3371744
4483	3372014
4484	3374337
4485	3374435
4486	3375455
4487	3375833
4488	3376824
4489	3377882
4490	3378224
4491	3378604
4492	3378694
4493	3378921
4494	3380431
4495	3382638
4496	3382841
4497	3384151
4498	3385072
4499	3385128
4500	3385244
4501	3386424
4502	3386718
4503	3386903
4504	3387552
4505	3389272
4506	3393380
4507	3395477
4508	3396527
4509	3396853
4510	3397455
4511	3399985
4512	3400488
4513	3401542
4514	3402105
4515	3402285
4516	3402347
4517	3402680
4518	3404520
4519	3405412
4520	3405529
4521	3406733
4522	3406878
4523	3410044
4524	3410150
4525	3410623
4526	3411573
4527	3412061
4528	3413522
4529	3413682
4530	3414074
4531	3416746
4532	3416751
4533	3416909
4534	3417568
4535	3419180
4536	3419850
4537	3420567
4538	3420946
4539	3420981
4540	3421173
4541	3421348
4542	3421978
4543	3421989
4544	3423433
4545	3425396
4546	3426040
4547	3426226
4548	3426549
4549	3426915
4550	3427178
4551	3427528
4552	3427538
4553	3428057
4554	3429017
4555	3429227
4556	3432392
4557	3433492
4558	3433604
4559	3434442
4560	3436000
4561	3438097
4562	3438242
4563	3438505
4564	3440185
4565	3441124
4566	3441129
4567	3442239
4568	3442467
4569	3444052
4570	3444114
4571	3444243
4572	3445082
4573	3446360
4574	3446620
4575	3446781
4576	3447219
4577	3447220
4578	3447221
4579	3447283
4580	3447862
4581	3449529
4582	3450350
4583	3451801
4584	3451804
4585	3455026
4586	3458157
4587	3458158
4588	3459475
4589	3459831
4590	3460111
4591	3460970
4592	3461452
4593	3461831
4594	3462114
4595	3463784
4596	3464361
4597	3464514
4598	3465098
4599	3465102
4600	3465311
4601	3466287
4602	3466315
4603	3466490
4604	3466980
4605	3468997
4606	3470282
4607	3470402
4608	3471020
4609	3472501
4610	3472617
4611	3472810
4612	3473060
4613	3473503
4614	3474925
4615	3475573
4616	3475816
4617	3475905
4618	3476002
4619	3476178
4620	3476217
4621	3477468
4622	3477515
4623	3477864
4624	3478278
4625	3481250
4626	3481252
4627	3484391
4628	3485158
4629	3485754
4630	3485777
4631	3488288
4632	3488372
4633	3488801
4634	3489002
4635	3489009
4636	3489309
4637	3490249
4638	3490707
4639	3490918
4640	3491277
4641	3492149
4642	3492983
4643	3493112
4644	3493180
4645	3493759
4646	3494306
4647	3495120
4648	3495772
4649	3496918
4650	3497388
4651	3497898
4652	3499479
4653	3499497
4654	3499816
4655	3505171
4656	3505756
4657	3505976
4658	3507552
4659	3508325
4660	3508337
4661	3508569
4662	3508920
4663	3511895
4664	3512597
4665	3513314
4666	3515464
4667	3515706
4668	3515784
4669	3516325
4670	3516884
4671	3516889
4672	3517376
4673	3518132
4674	3518515
4675	3518767
4676	3519625
4677	3519833
4678	3520664
4679	3521701
4680	3525283
4681	3525352
4682	3528132
4683	3528532
4684	3529568
4685	3530114
4686	3530386
4687	3530509
4688	3530643
4689	3531226
4690	3532072
4691	3532228
4692	3532256
4693	3534874
4694	3534937
4695	3535576
4696	3536075
4697	3536802
4698	3537318
4699	3537721
4700	3537872
4701	3537875
4702	3538843
4703	3542016
4704	3542920
4705	3543470
4706	3543733
4707	3543836
4708	3544084
4709	3544127
4710	3545759
4711	3546685
4712	3548344
4713	3548567
4714	3548975
4715	3548989
4716	3549131
4717	3549433
4718	3550372
4719	3550503
4720	3551605
4721	3552285
4722	3552790
4723	3554078
4724	3554285
4725	3554483
4726	3554847
4727	3554863
4728	3556149
4729	3556158
4730	3557573
4731	3558438
4732	3558660
4733	3559733
4734	3559744
4735	3560222
4736	3561052
4737	3562512
4738	3563976
4739	3565302
4740	3566930
4741	3567623
4742	3568232
4743	3568502
4744	3569046
4745	3569759
4746	3572619
4747	3573158
4748	3574355
4749	3575936
4750	3577102
4751	3578287
4752	3578332
4753	3579545
4754	3579976
4755	3580113
4756	3580184
4757	3580434
4758	3580747
4759	3582010
4760	3582090
4761	3582869
4762	3583750
4763	3584926
4764	3585742
4765	3586184
4766	3586446
4767	3587735
4768	3588370
4769	3588371
4770	3589176
4771	3590625
4772	3590737
4773	3591517
4774	3591906
4775	3592010
4776	3593643
4777	3593776
4778	3593917
4779	3595984
4780	3597026
4781	3597048
4782	3597357
4783	3597807
4784	3598274
4785	3602198
4786	3602233
4787	3602632
4788	3604681
4789	3608379
4790	3608710
4791	3608922
4792	3609174
4793	3609406
4794	3609436
4795	3609543
4796	3609584
4797	3609836
4798	3609985
4799	3612449
4800	3615312
4801	3616957
4802	3617847
4803	3618354
4804	3618465
4805	3618574
4806	3618742
4807	3618888
4808	3618908
4809	3618969
4810	3619812
4811	3620158
4812	3621294
4813	3621651
4814	3623474
4815	3624438
4816	3625006
4817	3625148
4818	3625316
4819	3625372
4820	3625692
4821	3625990
4822	3626853
4823	3627328
4824	3627861
4825	3628038
4826	3629010
4827	3629177
4828	3631193
4829	3632020
4830	3633131
4831	3633674
4832	3634385
4833	3634999
4834	3635003
4835	3635239
4836	3636055
4837	3636126
4838	3636433
4839	3637080
4840	3637561
4841	3640680
4842	3640814
4843	3641199
4844	3641639
4845	3642441
4846	3643544
4847	3644144
4848	3644221
4849	3644524
4850	3644740
4851	3644950
4852	3645016
4853	3647906
4854	3648688
4855	3648759
4856	3651144
4857	3652909
4858	3653519
4859	3655665
4860	3656212
4861	3656688
4862	3657271
4863	3657876
4864	3658090
4865	3658321
4866	3658829
4867	3659197
4868	3660198
4869	3663851
4870	3664704
4871	3665173
4872	3666369
4873	3667681
4874	3667749
4875	3668528
4876	3669349
4877	3669727
4878	3670259
4879	3671256
4880	3675604
4881	3675909
4882	3676067
4883	3676336
4884	3677138
4885	3677375
4886	3677700
4887	3678697
4888	3679944
4889	3680729
4890	3680817
4891	3681199
4892	3681443
4893	3681529
4894	3681712
4895	3682480
4896	3684345
4897	3684507
4898	3685273
4899	3687213
4900	3691849
4901	3693878
4902	3699139
4903	3700096
4904	3701049
4905	3701158
4906	3703459
4907	3704783
4908	3705218
4909	3706678
4910	3707044
4911	3707045
4912	3708852
4913	3709909
4914	3710094
4915	3710679
4916	3711403
4917	3711477
4918	3711874
4919	3714612
4920	3716465
4921	3716972
4922	3717657
4923	3718437
4924	3720364
4925	3720452
4926	3721358
4927	3723696
4928	3724484
4929	3724827
4930	3725400
4931	3726223
4932	3728844
4933	3730186
4934	3730226
4935	3731775
4936	3732144
4937	3732689
4938	3733963
4939	3734621
4940	3734647
4941	3735308
4942	3735636
4943	3735739
4944	3737215
4945	3738197
4946	3738464
4947	3739648
4948	3740536
4949	3741432
4950	3743581
4951	3743650
4952	3744946
4953	3747063
4954	3748791
4955	3748822
4956	3749097
4957	3750559
4958	3751111
4959	3751128
4960	3751776
4961	3752904
4962	3752978
4963	3753035
4964	3753140
4965	3753142
4966	3753232
4967	3753236
4968	3753300
4969	3753566
4970	3753850
4971	3754154
4972	3754193
4973	3754684
4974	3756161
4975	3756776
4976	3757281
4977	3757655
4978	3757697
4979	3757878
4980	3758267
4981	3758669
4982	3759052
4983	3759165
4984	3760283
4985	3761289
4986	3763215
4987	3763640
4988	3764503
4989	3765024
4990	3767445
4991	3767635
4992	3768008
4993	3771385
4994	3772518
4995	3775617
4996	3777719
4997	3779114
4998	3779554
4999	3780129
5000	3781287
5001	3781998
5002	3782054
5003	3782480
5004	3782526
5005	3784651
5006	3784800
5007	3786243
5008	3787479
5009	3789088
5010	3790015
5011	3790047
5012	3790063
5013	3792154
5014	3792572
5015	3792595
5016	3792951
5017	3793379
5018	3794282
5019	3795415
5020	3796165
5021	3796774
5022	3796880
5023	3797412
5024	3797577
5025	3798004
5026	3798310
5027	3798801
5028	3799103
5029	3800005
5030	3800679
5031	3803090
5032	3803407
5033	3803676
5034	3805550
5035	3806417
5036	3806953
5037	3807312
5038	3809578
5039	3812287
5040	3813182
5041	3814059
5042	3814177
5043	3814666
5044	3816188
5045	3818521
5046	3821318
5047	3822092
5048	3822313
5049	3823012
5050	3823158
5051	3825024
5052	3825151
5053	3825344
5054	3825404
5055	3825608
5056	3828775
5057	3828867
5058	3828985
5059	3829162
5060	3829779
5061	3831512
5062	3832950
5063	3833967
5064	3834512
5065	3836999
5066	3838585
5067	3839398
5068	3839758
5069	3840752
5070	3840810
5071	3840913
5072	3841176
5073	3841261
5074	3841909
5075	3842013
5076	3843880
5077	3843959
5078	3844647
5079	3845445
5080	3847567
5081	3847856
5082	3847991
5083	3848199
5084	3849847
5085	3850453
5086	3851338
5087	3852741
5088	3852886
5089	3853301
5090	3853560
5091	3853994
5092	3854831
5093	3856403
5094	3858434
5095	3858475
5096	3859762
5097	3859794
5098	3860399
5099	3862405
5100	3863211
5101	3863430
5102	3864459
5103	3865027
5104	3867612
5105	3867837
5106	3868656
5107	3869075
5108	3869410
5109	3869674
5110	3869831
5111	3871763
5112	3873320
5113	3875659
5114	3876538
5115	3877284
5116	3877989
5117	3878290
5118	3878309
5119	3878311
5120	3878399
5121	3879643
5122	3879813
5123	3881938
5124	3881991
5125	3881997
5126	3882330
5127	3883087
5128	3883257
5129	3883421
5130	3886591
5131	3887028
5132	3889140
5133	3889674
5134	3891042
5135	3891048
5136	3891343
5137	3892010
5138	3893075
5139	3893768
5140	3895310
5141	3896323
5142	3897060
5143	3897227
5144	3898257
5145	3899516
5146	3900091
5147	3900737
5148	3901953
5149	3902441
5150	3903011
5151	3903115
5152	3904073
5153	3904335
5154	3904856
5155	3905997
5156	3906033
5157	3907458
5158	3909191
5159	3912281
5160	3914766
5161	3915498
5162	3916223
5163	3916589
5164	3916908
5165	3917503
5166	3919763
5167	3920932
5168	3922137
5169	3924369
5170	3924423
5171	3925060
5172	3927486
5173	3929974
5174	3930361
5175	3934445
5176	3934654
5177	3935266
5178	3935940
5179	3936737
5180	3936830
5181	3937047
5182	3937627
5183	3938406
5184	3939364
5185	3939523
5186	3940308
5187	3940377
5188	3940888
5189	3941784
5190	3943001
5191	3945455
5192	3946917
5193	3954306
5194	3955352
5195	3955475
5196	3956960
5197	3958674
5198	3959071
5199	3960920
5200	3963749
5201	3964610
5202	3964683
5203	3965106
5204	3965569
5205	3966389
5206	3966661
5207	3968714
5208	3969818
5209	3969835
5210	3970550
5211	3970994
5212	3971388
5213	3971770
5214	3973198
5215	3973481
5216	3974743
5217	3977096
5218	3977541
5219	3977948
5220	3978364
5221	3978609
5222	3981548
5223	3983820
5224	3984037
5225	3984931
5226	3985395
5227	3985864
5228	3986138
5229	3986733
5230	3986819
5231	3987368
5232	3993719
5233	3993824
5234	3994076
5235	3994968
5236	3995149
5237	3995962
5238	3997404
5239	3997493
5240	3997726
5241	3998478
5242	4000053
5243	4000430
5244	4002941
5245	4003466
5246	4004557
5247	4004747
5248	4005035
5249	4005314
5250	4007193
5251	4009189
5252	4009269
5253	4009873
5254	4010632
5255	4011042
5256	4013153
5257	4013460
5258	4014803
5259	4014910
5260	4015116
5261	4015748
5262	4017708
5263	4017795
5264	4018077
5265	4018188
5266	4018553
5267	4018887
5268	4019484
5269	4021587
5270	4022439
5271	4022671
5272	4024142
5273	4026046
5274	4026973
5275	4027090
5276	4027603
5277	4028497
5278	4030770
5279	4031779
5280	4036936
5281	4036979
5282	4037464
5283	4037700
5284	4038325
5285	4041022
5286	4041200
5287	4041206
5288	4041230
5289	4041381
5290	4042175
5291	4042184
5292	4043909
5293	4044718
5294	4044759
5295	4047429
5296	4048145
5297	4048356
5298	4048696
5299	4049047
5300	4049317
5301	4051202
5302	4051267
5303	4052161
5304	4052354
5305	4052903
5306	4054424
5307	4054594
5308	4057940
5309	4058283
5310	4059625
5311	4060503
5312	4060741
5313	4060833
5314	4061130
5315	4061478
5316	4061941
5317	4062338
5318	4064075
5319	4066621
5320	4066792
5321	4066805
5322	4067381
5323	4067474
5324	4067564
5325	4068113
5326	4068240
5327	4069674
5328	4070983
5329	4072384
5330	4072989
5331	4073748
5332	4073762
5333	4073810
5334	4073923
5335	4074432
5336	4074463
5337	4074491
5338	4074492
5339	4074630
5340	4074749
5341	4079661
5342	4079821
5343	4080137
5344	4081093
5345	4081743
5346	4081954
5347	4083842
5348	4083897
5349	4084460
5350	4085706
5351	4085916
5352	4085933
5353	4086065
5354	4086203
5355	4086262
5356	4087440
5357	4087598
5358	4089385
5359	4090158
5360	4094047
5361	4096179
5362	4097812
5363	4098934
5364	4099253
5365	4099469
5366	4099907
5367	4099928
5368	4100663
5369	4100689
5370	4101120
5371	4101361
5372	4101362
5373	4101363
5374	4101364
5375	4101419
5376	4101878
5377	4105191
5378	4105314
5379	4108263
5380	4108664
5381	4109004
5382	4109789
5383	4111365
5384	4111821
5385	4113212
5386	4116161
5387	4116242
5388	4122690
5389	4123499
5390	4123819
5391	4124784
5392	4126418
5393	4126641
5394	4128769
5395	4129585
5396	4130455
5397	4133162
5398	4133472
5399	4136005
5400	4136169
5401	4136310
5402	4136634
5403	4136911
5404	4137690
5405	4138555
5406	4138614
5407	4140203
5408	4141583
5409	4141584
5410	4141740
5411	4142059
5412	4148371
5413	4149624
5414	4150017
5415	4150484
5416	4151949
5417	4153493
5418	4154740
5419	4157408
5420	4159079
5421	4159532
5422	4160735
5423	4162023
5424	4162032
5425	4162131
5426	4162746
5427	4162957
5428	4165877
5429	4166424
5430	4166730
5431	4166744
5432	4167738
5433	4168009
5434	4169379
5435	4169384
5436	4169400
5437	4169482
5438	4174835
5439	4174836
5440	4174837
5441	4174838
5442	4174870
5443	4177362
5444	4178266
5445	4179968
5446	4180521
5447	4180636
5448	4181661
5449	4182031
5450	4182613
5451	4182652
5452	4183089
5453	4184655
5454	4185184
5455	4186629
5456	4190403
5457	4192622
5458	4193126
5459	4193828
5460	4195326
5461	4195419
5462	4196139
5463	4198496
5464	4198581
5465	4199192
5466	4199317
5467	4199634
5468	4199846
5469	4200660
5470	4203038
5471	4204725
5472	4204934
5473	4205262
5474	4205315
5475	4205455
5476	4206432
5477	4206612
5478	4206919
5479	4207540
5480	4208025
5481	4208250
5482	4208790
5483	4209547
5484	4209760
5485	4211636
5486	4212026
5487	4213105
5488	4213123
5489	4213592
5490	4216045
5491	4216090
5492	4216832
5493	4218104
5494	4218928
5495	4220111
5496	4220456
5497	4220668
5498	4224234
5499	4228087
5500	4233137
5501	4233248
5502	4233301
5503	4234080
5504	4234236
5505	4234890
5506	4235508
5507	4237642
5508	4238739
5509	4239216
5510	4239724
5511	4240356
5512	4241780
5513	4241890
5514	4242043
5515	4242392
5516	4242731
5517	4245816
5518	4245827
5519	4246756
5520	4248189
5521	4248715
5522	4249076
5523	4249533
5524	4250621
5525	4251280
5526	4251430
5527	4251674
5528	4251841
5529	4252295
5530	4253128
5531	4253290
5532	4255372
5533	4255564
5534	4256091
5535	4256510
5536	4256643
5537	4258682
5538	4260899
5539	4261432
5540	4261661
5541	4261717
5542	4262333
5543	4262917
5544	4263676
5545	4264132
5546	4266137
5547	4266244
5548	4267787
5549	4268474
5550	4268562
5551	4269788
5552	4271291
5553	4271773
5554	4272131
5555	4273429
5556	4275146
5557	4275598
5558	4275719
5559	4277487
5560	4279788
5561	4280898
5562	4281421
5563	4281553
5564	4282327
5565	4284381
5566	4285750
5567	4286569
5568	4286636
5569	4287811
5570	4287850
5571	4288782
5572	4289081
5573	4289826
5574	4291484
5575	4291739
5576	4293234
5577	4294271
5578	4294440
5579	4295436
5580	4296783
5581	4297192
5582	4298377
5583	4299929
5584	4300448
5585	4301493
5586	4303614
5587	4304731
5588	4305071
5589	4305852
5590	4306558
5591	4307897
5592	4309741
5593	4309964
5594	4310759
5595	4311273
5596	4312274
5597	4312741
5598	4314151
5599	4314944
5600	4316308
5601	4316309
5602	4316705
5603	4316732
5604	4317276
5605	4317400
5606	4317493
5607	4320425
5608	4320718
5609	4321740
5610	4321867
5611	4322431
5612	4323082
5613	4323477
5614	4323569
5615	4324346
5616	4324577
5617	4324582
5618	4324651
5619	4324652
5620	4324653
5621	4324679
5622	4326789
5623	4330227
5624	4334827
5625	4335108
5626	4336550
5627	4338602
5628	4340017
5629	4341358
5630	4343035
5631	4345006
5632	4346804
5633	4348383
5634	4349365
5635	4350506
5636	4350933
5637	4351839
5638	4353624
5639	4355062
5640	4355192
5641	4358214
5642	4358250
5643	4358783
5644	4358874
5645	4360038
5646	4360128
5647	4364083
5648	4364834
5649	4366085
5650	4366143
5651	4367578
5652	4368619
5653	4368664
5654	4370146
5655	4371776
5656	4372122
5657	4373667
5658	4378776
5659	4378842
5660	4379157
5661	4380532
5662	4381334
5663	4381719
5664	4385591
5665	4386248
5666	4386942
5667	4387917
5668	4390573
5669	4390903
5670	4391632
5671	4392946
5672	4394082
5673	4394964
5674	4395517
5675	4395533
5676	4396469
5677	4396599
5678	4397617
5679	4398494
5680	4398679
5681	4399458
5682	4400451
5683	4401073
5684	4401365
5685	4401507
5686	4402757
5687	4403820
5688	4404923
5689	4407354
5690	4410184
5691	4410725
5692	4411077
5693	4412799
5694	4416454
5695	4416458
5696	4416476
5697	4416477
5698	4416564
5699	4416566
5700	4416579
5701	4416740
5702	4416894
5703	4417905
5704	4418587
5705	4418669
5706	4418746
5707	4419392
5708	4421198
5709	4422288
5710	4425399
5711	4427875
5712	4428036
5713	4428523
5714	4430506
5715	4430580
5716	4433156
5717	4433427
5718	4433651
5719	4434918
5720	4439063
5721	4439291
5722	4439443
5723	4440189
5724	4440775
5725	4441453
5726	4441615
5727	4441691
5728	4444056
5729	4444078
5730	4444209
5731	4445344
5732	4445996
5733	4446260
5734	4446313
5735	4446823
5736	4447129
5737	4447178
5738	4448339
5739	4448847
5740	4451105
5741	4451595
5742	4453681
5743	4455285
5744	4455715
5745	4456859
5746	4457424
5747	4457574
5748	4457654
5749	4458629
5750	4458666
5751	4459230
5752	4459306
5753	4460205
5754	4460373
5755	4461837
5756	4462242
5757	4463977
5758	4465057
5759	4465582
5760	4465677
5761	4467228
5762	4469081
5763	4469680
5764	4470175
5765	4472191
5766	4472500
5767	4473568
5768	4477250
5769	4479660
5770	4480239
5771	4480821
5772	4480824
5773	4480866
5774	4480912
5775	4481598
5776	4482250
5777	4484033
5778	4484957
5779	4487639
5780	4488659
5781	4489322
5782	4489877
5783	4492112
5784	4492267
5785	4493271
5786	4493775
5787	4494379
5788	4495134
5789	4495858
5790	4496172
5791	4496921
5792	4497690
5793	4498079
5794	4498175
5795	4498387
5796	4498503
5797	4499392
5798	4501425
5799	4501512
5800	4501941
5801	4502584
5802	4502881
5803	4504696
5804	4506439
5805	4507477
5806	4507997
5807	4510114
5808	4511200
5809	4512300
5810	4513951
5811	4514233
5812	4514240
5813	4514350
5814	4514440
5815	4514759
5816	4515957
5817	4516593
5818	4516809
5819	4517577
5820	4518149
5821	4518751
5822	4519260
5823	4520795
5824	4521642
5825	4522192
5826	4524725
5827	4526190
5828	4526251
5829	4529119
5830	4530824
5831	4531320
5832	4532214
5833	4533208
5834	4533587
5835	4533730
5836	4535542
5837	4536540
5838	4536943
5839	4536972
5840	4537330
5841	4538387
5842	4538631
5843	4538721
5844	4539983
5845	4540215
5846	4542082
5847	4542187
5848	4542190
5849	4543572
5850	4543706
5851	4545336
5852	4545351
5853	4546828
5854	4547510
5855	4547511
5856	4547546
5857	4548120
5858	4550701
5859	4550711
5860	4550716
5861	4553906
5862	4554269
5863	4554456
5864	4554791
5865	4554981
5866	4555500
5867	4555735
5868	4556389
5869	4556531
5870	4559070
5871	4559085
5872	4560064
5873	4560135
5874	4561336
5875	4563279
5876	4565143
5877	4565516
5878	4566027
5879	4566339
5880	4566474
5881	4566633
5882	4566813
5883	4566864
5884	4566882
5885	4567383
5886	4569625
5887	4569635
5888	4570442
5889	4570530
5890	4570774
5891	4571654
5892	4572360
5893	4572945
5894	4573030
5895	4573353
5896	4573360
5897	4573894
5898	4574421
5899	4576733
5900	4577366
5901	4577415
5902	4577911
5903	4578067
5904	4578332
5905	4579107
5906	4580263
5907	4580894
5908	4581402
5909	4581759
5910	4582851
5911	4582867
5912	4583175
5913	4584782
5914	4585391
5915	4587288
5916	4587867
5917	4587879
5918	4588728
5919	4588818
5920	4590087
5921	4592725
5922	4593758
5923	4594576
5924	4594919
5925	4596302
5926	4596559
5927	4598304
5928	4598507
5929	4598728
5930	4599669
5931	4601273
5932	4603291
5933	4604208
5934	4604285
5935	4604296
5936	4604462
5937	4604537
5938	4604659
5939	4604882
5940	4605795
5941	4608392
5942	4608818
5943	4608929
5944	4609074
5945	4610962
5946	4611142
5947	4613439
5948	4613768
5949	4614914
5950	4615362
5951	4616404
5952	4616708
5953	4616710
5954	4616733
5955	4616735
5956	4616787
5957	4616934
5958	4617711
5959	4617771
5960	4620238
5961	4620402
5962	4621810
5963	4622136
5964	4624739
5965	4624948
5966	4625025
5967	4625433
5968	4626401
5969	4630153
5970	4630614
5971	4632204
5972	4632617
5973	4633282
5974	4635011
5975	4635066
5976	4635507
5977	4636352
5978	4636422
5979	4636450
5980	4636906
5981	4637544
5982	4638152
5983	4638204
5984	4639480
5985	4641573
5986	4641894
5987	4642411
5988	4642838
5989	4643288
5990	4645194
5991	4645485
5992	4646722
5993	4646770
5994	4646971
5995	4647224
5996	4647238
5997	4647320
5998	4648431
5999	4648790
6000	4650565
6001	4650713
6002	4652536
6003	4655110
6004	4656589
6005	4656741
6006	4657925
6007	4660136
6008	4661229
6009	4665992
6010	4666108
6011	4666896
6012	4668400
6013	4668793
6014	4668797
6015	4668862
6016	4669025
6017	4669485
6018	4669583
6019	4669911
6020	4671192
6021	4671793
6022	4672628
6023	4673504
6024	4674193
6025	4674377
6026	4675072
6027	4675726
6028	4676757
6029	4677025
6030	4679325
6031	4679391
6032	4679499
6033	4680367
6034	4682274
6035	4682581
6036	4683640
6037	4685190
6038	4685403
6039	4686640
6040	4686646
6041	4687767
6042	4687891
6043	4688232
6044	4689037
6045	4689866
6046	4690100
6047	4691792
6048	4691827
6049	4692501
6050	4692848
6051	4694305
6052	4694874
6053	4696517
6054	4699901
6055	4699968
6056	4700430
6057	4702904
6058	4704435
6059	4706500
6060	4706521
6061	4707524
6062	4708515
6063	4708763
6064	4710163
6065	4710964
6066	4711812
6067	4712619
6068	4717283
6069	4717840
6070	4718179
6071	4718733
6072	4718838
6073	4719661
6074	4721535
6075	4721561
6076	4721562
6077	4721563
6078	4721810
6079	4725379
6080	4725916
6081	4726140
6082	4728616
6083	4728759
6084	4728849
6085	4728864
6086	4730273
6087	4731617
6088	4731794
6089	4732969
6090	4733654
6091	4734022
6092	4734728
6093	4734939
6094	4736154
6095	4737256
6096	4738122
6097	4738745
6098	4739173
6099	4739678
6100	4739776
6101	4740230
6102	4740879
6103	4741283
6104	4741622
6105	4742186
6106	4744258
6107	4744305
6108	4744309
6109	4745999
6110	4746472
6111	4746552
6112	4748269
6113	4748756
6114	4748824
6115	4750038
6116	4750617
6117	4750822
6118	4752033
6119	4752388
6120	4756388
6121	4757458
6122	4757944
6123	4761115
6124	4761142
6125	4761428
6126	4761430
6127	4762163
6128	4762572
6129	4762636
6130	4763165
6131	4763186
6132	4763426
6133	4763529
6134	4764094
6135	4765548
6136	4767104
6137	4767441
6138	4768085
6139	4768092
6140	4768374
6141	4769673
6142	4770538
6143	4770602
6144	4770893
6145	4771005
6146	4771463
6147	4771676
6148	4772115
6149	4773036
6150	4774659
6151	4777915
6152	4778456
6153	4779279
6154	4780881
6155	4781623
6156	4782136
6157	4782519
6158	4782762
6159	4783299
6160	4783559
6161	4783562
6162	4784120
6163	4784485
6164	4784740
6165	4785527
6166	4785821
6167	4787227
6168	4787882
6169	4788174
6170	4789168
6171	4789997
6172	4790346
6173	4790360
6174	4790835
6175	4790891
6176	4791075
6177	4791188
6178	4792218
6179	4793087
6180	4795620
6181	4796377
6182	4797167
6183	4797382
6184	4798005
6185	4798084
6186	4798145
6187	4798149
6188	4798523
6189	4799290
6190	4799908
6191	4800336
6192	4800481
6193	4801018
6194	4801155
6195	4802196
6196	4802378
6197	4804480
6198	4804743
6199	4805075
6200	4805553
6201	4805817
6202	4806621
6203	4808419
6204	4808677
6205	4809483
6206	4810388
6207	4811065
6208	4811726
6209	4811992
6210	4814904
6211	4816520
6212	4816642
6213	4817888
6214	4818720
6215	4819117
6216	4820748
6217	4822265
6218	4823101
6219	4823801
6220	4824596
6221	4824772
6222	4825710
6223	4826089
6224	4826868
6225	4828129
6226	4828318
6227	4828507
6228	4829016
6229	4829253
6230	4830056
6231	4830377
6232	4831278
6233	4831279
6234	4832444
